
1 0 1.5
1 0.999889 1.48509
1 1.99978 1.47019

2 0 1.5
2 0.999908 1.48646
2 1.99982 1.47292
2 2.99882 1.49229
2 3.9978 1.51552
2 4.99775 1.50539
2 5.9966 1.5428
2 6.99573 1.57125
2 7.99564 1.57285
2 8.99527 1.6001
2 9.99512 1.61123
2 10.9951 1.61178
2 11.9951 1.61714
2 12.9951 1.62646
2 13.972 1.52638
2 14.8836 1.11524
2 15.8044 0.741151
2 16.8022 0.673897
2 17.7999 0.606643
2 18.7977 0.539389

3 0 1.5
3 0.999889 1.48509
3 1.99978 1.47019
3 2.99878 1.48891
3 3.99781 1.51471
3 4.99779 1.50971
3 5.99703 1.54125
3 6.99645 1.56573
3 7.9964 1.5701
3 8.99618 1.59073
3 9.9961 1.60199
3 10.9961 1.60891
3 11.996 1.61715
3 12.996 1.62647
3 13.968 1.51572
3 14.8607 1.06522
3 15.7862 0.734534
3 16.7841 0.669313
3 17.7819 0.604092
3 18.7798 0.53887

4 0 1.5
4 0.999908 1.48646
4 1.99982 1.47292
4 2.99971 1.47133
4 3.99958 1.48752
4 4.99945 1.50371
4 5.99865 1.54133
4 6.99807 1.56573
4 7.99802 1.57013
4 8.9978 1.59077
4 9.99771 1.60305
4 10.9977 1.61151
4 11.9976 1.61971
4 12.9976 1.62756
4 13.9751 1.52708
4 14.8897 1.12262
4 15.814 0.757201
4 16.8114 0.685594
4 17.8088 0.613988
4 18.8063 0.542382

5 0 1.5
5 0.999889 1.48509
5 1.99978 1.47019
5 2.99865 1.49073
5 3.99754 1.51731
5 4.99751 1.51029
5 5.99655 1.5453
5 6.99581 1.57125
5 7.99576 1.57132
5 8.99557 1.59102
5 9.99548 1.60303
5 10.9954 1.61149
5 11.9954 1.61969
5 12.9954 1.62754
5 13.9723 1.52624
5 14.8839 1.11511
5 15.8048 0.741128
5 16.8025 0.673875
5 17.8003 0.606621
5 18.798 0.539367

6 0 1.5
6 0.999923 1.48756
6 1.99985 1.47511
6 2.99908 1.49179
6 3.99832 1.51401
6 4.99831 1.50956
6 5.99755 1.54128
6 6.99692 1.57358
6 7.9968 1.58814
6 8.99678 1.59507
6 9.99677 1.59797
6 10.9968 1.59901
6 11.9967 1.60763
6 12.9966 1.62243
6 13.9779 1.53633
6 14.9066 1.16558
6 15.8353 0.794821
6 16.826 0.692088
6 17.8232 0.617805
6 18.8205 0.543522

7 0 1.5
7 0.999923 1.48756
7 1.99985 1.47511
7 2.99895 1.49377
7 3.99804 1.5173
7 4.99802 1.51029
7 5.99705 1.54533
7 6.99631 1.57017
7 7.99623 1.57009
7 8.99602 1.59073
7 9.99595 1.59796
7 10.996 1.59901
7 11.9959 1.60762
7 12.9958 1.62242
7 13.9677 1.51584
7 14.8605 1.06534
7 15.7859 0.734552
7 16.7838 0.66933
7 17.7817 0.604109
7 18.7796 0.538887

8 0 1.5
8 0.998131 1.43889
8 1.98943 1.48502
8 2.9852 1.53269
8 3.9852 1.53653
8 4.98427 1.57681
8 5.98362 1.61182
8 6.9833 1.63645
8 7.98317 1.65234
8 8.98295 1.67333
8 9.98271 1.69526
8 10.9826 1.70713
8 12.9533 1.53588
8 13.8943 1.19752
8 14.8353 0.859146
8 15.785 0.546031
8 16.7349 0.233273
8 17.6847 -0.0794837
8 17.6847 -0.0794837

9 0 1.5
9 0.999321 1.53683
9 1.99757 1.59007
9 2.99368 1.67533
9 3.99339 1.69957
9 4.99313 1.72217
9 5.9929 1.74359
9 6.99273 1.76115
9 7.9927 1.76937
9 9.90134 1.34678
9 10.8151 0.940606
9 11.7528 0.593472
9 12.6922 0.25078
9 13.6339 0.0709274
9 13.6339 0.0709274
9 13.6339 0.0709274
9 14.5822 0.388101
9 15.5196 0.72464
9 15.5196 0.72464
9 16.2772 1.37733
9 17.0148 2.04974
9 17.0148 2.04974
9 17.6562 2.81699

10 0 1.5
10 0.98738 1.65837
10 1.97476 1.81674
10 2.93157 1.57234
10 3.88374 1.26676
10 4.8326 0.95118
10 5.77914 0.628609
10 6.72438 0.436028
10 7.66427 0.777522
10 8.60415 1.11902
10 9.31298 1.76596
10 9.90845 2.56861
10 10.5678 3.32049
10 11.227 4.07238
10 11.995 4.70252
10 12.8168 5.27225
10 13.7056 5.72061
10 14.626 6.11153
10 15.4939 6.5859
10 16.2452 7.24588

11 0 1.5
11 0.995213 1.40227
11 1.90039 1.61427
11 2.68812 2.23029
11 3.47161 2.85168
11 4.2533 3.47535
11 5.07894 4.02389
11 6.00568 4.39958
11 6.93242 4.77528
11 7.85891 5.15161
11 8.7853 5.52818
11 9.73145 5.84938
11 10.6869 6.14462
11 11.6494 6.34975
11 12.6391 6.2071
11 13.6289 6.06444
11 14.6242 6.00107
11 15.6242 6.006
11 16.6241 6.01093
11 17.5728 5.7453
11 18.4462 5.29657
11 19.1027 4.54219

12 0 1.5
12 0.999318 1.53693
12 1.99866 1.56076
12 3.91708 1.18455
12 4.80597 0.726441
12 6.50012 -0.321436
12 7.29246 -0.931514
12 8.04294 -1.59009
12 8.76227 -2.28476
12 10.0625 -3.78364
12 10.5731 -4.64346
12 11.0837 -5.50329
12 11.6216 -6.34624
12 12.1604 -7.18866
12 12.7399 -8.00126
12 13.3816 -8.76822

13 0 1.5
13 0.999099 1.45756
13 1.99811 1.41329
13 2.99679 1.36187
13 3.99547 1.31045
13 4.99322 1.33333
13 5.99031 1.40957
13 5.99031 1.40957
13 6.9483 1.63761
13 7.85819 2.05248
13 8.76807 2.46734
13 9.6899 2.85404
13 10.6206 3.21975
13 11.5459 3.59736

14 0 1.5
14 0.99744 1.57151
14 1.99515 1.63822
14 2.99427 1.67994
14 3.99307 1.7288
14 4.9885 1.81445
14 5.97682 1.9532
14 5.97682 1.9532
14 5.97682 1.9532
14 5.97682 1.9532
14 6.62771 2.71237
14 7.18071 3.54052
14 7.64127 4.42051
14 7.64127 4.42051
14 7.64127 4.42051
14 7.89852 6.40358
14 8.05097 7.39189
14 8.05097 7.39189
14 8.05097 7.39189
14 8.05097 7.39189
14 8.05097 7.39189

15 0 1.5
15 0.992077 1.62563
15 0.992077 1.62563
15 1.97754 1.76934
15 1.97754 1.76934
15 2.80684 2.32577
15 3.53024 3.0162
15 3.53024 3.0162
15 4.24222 3.71765
15 4.90591 4.46565
15 5.5696 5.21366
15 5.5696 5.21366
15 5.5696 5.21366
15 5.5696 5.21366
15 5.5696 5.21366

16 0 1.5
16 0.994404 1.39436
16 1.97608 1.43654
16 1.97608 1.43654
16 2.93778 1.71064
16 2.93778 1.71064
16 3.71762 2.29741
16 3.71762 2.29741
16 4.34072 3.07106
16 4.8804 3.91276
16 5.46043 4.72736

17 0 1.5
17 0.999244 1.53889
17 1.99592 1.60345
17 2.97288 1.80586
17 3.92541 2.1103
17 4.89231 2.36172
17 5.86821 2.57996
17 6.84365 2.79986
17 7.79682 3.1023
17 8.74999 3.40474
17 9.7077 3.68919
17 10.6901 3.87613
17 11.6724 4.06307
17 12.6548 4.25001
17 13.6372 4.43694
17 14.6196 4.62388
17 15.6019 4.81082
17 16.5843 4.99776

18 0 1.5
18 0.999745 1.47744
18 1.99949 1.45488
18 2.97918 1.64998
18 3.95929 1.73274
18 4.94226 1.54899
18 5.92523 1.36524
18 6.90821 1.18149
18 7.6512 0.612084
18 8.33967 -0.0942153
18 9.17171 -0.648928
18 10.0164 -1.17937
18 10.9486 -1.54131
18 11.9034 -1.76921
18 12.9028 -1.73391
18 13.9022 -1.69861
18 14.9016 -1.66331
18 15.9009 -1.62801
18 16.9003 -1.5927
18 17.8155 -1.41264
18 18.3403 -0.561419
18 18.8651 0.2898
18 19.3899 1.14102
18 19.7312 2.06454
18 19.9277 3.04502

19 0.976566 1.28478
19 0.976566 1.28478
19 1.93946 1.39209
19 1.93946 1.39209
19 2.8943 1.68921
19 3.81158 2.08113
19 4.71089 2.51846
19 4.71089 2.51846
19 5.4376 3.16562
19 5.4376 3.16562
19 6.04026 3.96362
19 6.51767 4.83615
19 6.93152 5.74649
19 6.93152 5.74649
19 6.93152 5.74649
19 6.93152 5.74649
19 6.93152 5.74649
19 6.93152 5.74649
19 6.93152 5.74649
19 6.93152 5.74649
19 6.93152 5.74649

20 0 1.5
20 0.99 1.64107
20 0.99 1.64107
20 1.97929 1.78518
20 2.93019 2.09469
20 3.87676 2.41585
20 3.87676 2.41585
20 4.79903 2.80238
20 6.72109 3.17572
20 6.72109 3.17572

21 0 1.5
21 0.972942 1.73105
21 1.94588 1.9621
21 2.60717 1.46391
21 3.11285 0.601188
21 3.62035 -0.260468
21 4.12784 -1.12212
21 4.76049 -1.89427
21 5.41185 -2.65304
21 6.19586 -3.2675
21 7.01172 -3.8446
21 7.89999 -4.30391
21 8.78827 -4.76322
21 9.50029 -4.06331
21 10.2119 -3.36074
21 10.9235 -2.65818
21 11.6351 -1.95561
21 12.3468 -1.25304
21 13.2648 -0.914573
21 14.2331 -0.664846
21 15.107 -0.309422
21 15.4637 0.624799
21 15.8203 1.55902
21 16.177 2.49324
21 16.5337 3.42746
21 16.8904 4.36168
21 17.3743 5.16876
21 18.3084 5.52578
21 19.2425 5.88281

22 0 1.5
22 0.992562 1.37826
22 0.992562 1.37826
22 1.86189 1.65947

23 0 1.5
23 0.932337 1.86159
23 1.86467 2.22318
23 2.79701 2.58477
23 3.65425 2.29864
23 4.41884 1.66025
23 5.13056 0.957794
23 5.83648 0.25047
23 6.40377 -0.573049
23 6.97106 -1.39657
23 7.51451 -2.2356
23 8.03812 -3.08757
23 8.56172 -3.93953

24 0 1.5
24 0.999691 1.47515
24 1.98859 1.5524
24 1.98859 1.5524
24 2.96097 1.78577
24 3.86984 2.18758
24 3.86984 2.18758
24 4.7542 2.65439
24 5.54587 3.23503
24 5.54587 3.23503
24 6.18213 4.0065
24 6.18213 4.0065
24 6.62823 4.8689
24 6.62823 4.8689
24 6.82924 5.84849
24 6.82924 5.84849
24 6.82924 5.84849
24 6.82924 5.84849

25 0 1.5
25 0.999027 1.5441
25 1.98067 1.66569
25 1.98067 1.66569
25 2.88151 2.09114
25 3.70024 2.66531
25 4.46829 3.30096
25 5.188 3.99524
25 5.7886 4.78403
25 6.32095 5.59406
25 7.2876 5.33793
25 8.25424 5.0818
25 9.22088 4.82567
25 9.59061 5.74239

26 0 1.5
26 0.999746 1.47748
26 3.68967 0.9068

27 0 1.5
27 0.983105 1.68304
27 1.96621 1.86608
27 2.9493 1.92965
27 3.93237 1.74639
27 4.87936 1.44894
27 5.78928 1.03416
27 6.43198 0.276085
27 7.02561 -0.526504
27 7.54642 -1.38018
27 7.97348 -2.2832
27 8.36837 -3.20189
27 9.02921 -3.74691
27 10.0261 -3.82572
27 10.0261 -3.82572
27 10.9785 -3.78851
27 10.9785 -3.78851
27 11.6673 -3.06354
27 12.3561 -2.33856
27 13.0448 -1.61359
27 13.7336 -0.888623
27 14.4224 -0.163652
27 15.2244 0.349187
27 16.2101 0.517986

28 0 1.5
28 1.89938 1.3226
28 1.89938 1.3226
28 2.89771 1.26484

29 0 1.5
29 0.998444 1.44423
29 1.9921 1.34608
29 2.98762 1.26569
29 3.98593 1.20769
29 4.98413 1.14772
29 5.98228 1.08691
29 6.98022 1.02268
29 7.97815 0.958452
29 8.89769 0.580744
29 9.80839 0.167671
29 10.7131 -0.257919
29 11.6085 -0.70327
29 12.5039 -1.14862
29 13.472 -1.04037
29 14.452 -0.841539
29 15.3228 -0.514158
29 15.3228 -0.514158
29 15.6772 0.420944
29 16.4661 1.02083
29 17.2806 1.6009
29 18.103 2.16811
29 18.9946 2.6209
29 19.8862 3.07369

30 0 1.5
30 0.9954 1.40419
30 1.9908 1.30838
30 1.9908 1.30838
30 2.8683 1.77605
30 2.8683 1.77605
30 3.66281 2.35831
30 3.66281 2.35831
30 4.30423 3.12549
30 4.92504 3.90916
30 5.53225 4.7037
30 7.02387 6.00111
30 7.84826 6.56712
30 8.68666 7.11203
30 9.52875 7.65137
30 10.3708 8.19071
30 12.1314 9.08851

31 0 1.5
31 0.999851 1.48271
31 1.99601 1.4311
31 2.97777 1.24098
31 3.95979 1.05221
31 4.88279 0.719996
31 5.7133 0.162988
31 6.54381 -0.394019
31 7.32254 -1.01693
31 8.06033 -1.69196
31 8.779 -2.38527
31 9.42039 -3.15249
31 10.0618 -3.91971

32 0 1.5
32 0.99874 1.44982
32 1.9355 1.54276
32 2.93067 1.44454
32 3.92583 1.34632
32 4.92177 1.36383
32 5.91816 1.44877
32 5.91816 1.44877
32 6.87921 1.66369
32 7.78151 2.09481
32 8.6838 2.52593
32 10.6296 2.93109

33 0 1.5
33 0.995919 1.59025
33 1.99203 1.67821
33 2.98852 1.76065
33 3.9823 1.87203
33 3.9823 1.87203
33 3.9823 1.87203
33 4.76187 2.41522
33 4.76187 2.41522
33 5.38716 3.1834
33 5.8134 4.08801
33 5.8134 4.08801
33 6.08239 5.05
33 6.08239 5.05
33 6.08239 5.05

34 0 1.5
34 0.995998 1.41062

35 0 0
35 0 0
35 0 0
35 0 0
35 0 0
35 0 0
35 0 0
35 0 0
35 0 0
35 0 0
35 0 0
35 0 0
35 0 0
35 0 0
35 0 0
35 0 0
35 0 0

36 0 1.5
36 0.985472 1.33016
36 1.97094 1.16032
36 2.96786 1.12254
36 3.96783 1.11903
36 4.9673 1.08651
36 5.96677 1.05399
36 6.96618 1.01948
36 7.96551 0.983002
36 8.96485 0.946519
36 9.93085 0.726619
36 10.8791 0.409191
36 11.7748 -0.0122276
36 12.5924 -0.587996
36 13.41 -1.16376
36 14.2562 -1.695
36 15.1211 -2.1969
36 15.986 -2.69879
36 16.9195 -2.98345
36 17.9159 -3.06888
36 18.9122 -3.1543

37 0 1.5
37 0.999811 1.48054
37 1.99826 1.48896
37 2.98859 1.62517
37 2.98859 1.62517
37 3.97378 1.7966
37 4.90189 2.12792
37 5.77284 2.61929
37 5.77284 2.61929
37 6.60133 3.17478
37 7.39374 3.78477
37 7.39374 3.78477
37 7.98305 4.55949
37 8.41639 5.46072
37 8.41639 5.46072
37 8.72592 6.40586
37 9.50675 8.19343

38 0 1.5
38 0.999819 1.48097
38 1.97292 1.58928
38 2.8775 2.01559
38 3.78208 2.44189
38 4.68666 2.86819
38 5.57309 3.32147
38 6.30898 3.99858
38 7.10733 4.48825
38 8.10229 4.388

39 0 1.5
39 0.998519 1.5544
39 1.99704 1.60881
39 2.94121 1.55653
39 3.4843 0.716853
39 4.0274 -0.12282
39 4.39879 -1.04578
39 4.72203 -1.9921
39 5.12973 -2.90051
39 5.62176 -3.77109
39 6.19045 -4.58605
39 6.86533 -5.32399
39 7.69743 -5.82902
39 8.63416 -6.17907
39 9.56352 -6.03368
39 10.4894 -5.65591
39 11.4153 -5.27814
39 12.3412 -4.90037
39 13.2677 -4.52402
39 14.2109 -4.19184
39 15.1541 -3.85966

40 0 1.5
40 0.987967 1.34533
40 0.987967 1.34533
40 1.91704 1.52491
40 1.91704 1.52491
40 1.91704 1.52491
40 4.26337 3.29729

41 0 1.5
41 0.920305 1.8912
41 1.84061 2.2824
41 2.76091 2.67361
41 3.62914 2.48418
41 4.46515 1.93546
41 5.20799 1.27544
41 5.89532 0.549089
41 6.56949 -0.186762
41 7.0427 -1.06771
41 7.51591 -1.94866
41 7.99441 -2.82674
41 8.47581 -3.70324
41 8.95721 -4.57974
41 9.55677 -5.37061
41 10.2398 -6.10095
41 10.9229 -6.83129
41 11.606 -7.56163
41 12.2891 -8.29198
41 12.9722 -9.02232
41 13.6553 -9.75266
41 14.6023 -9.67029
41 15.5842 -9.48074
41 16.5661 -9.2912
41 17.5479 -9.10165
41 18.5298 -8.91211
41 19.5117 -8.72256
41 20.4935 -8.53302

42 0 1.5
42 0.999376 1.53534
42 1.99888 1.56151
42 2.98951 1.66207
42 2.98951 1.66207
42 3.97335 1.84115
42 4.93491 2.08257
42 4.93491 2.08257
42 5.80946 2.5675
42 6.68402 3.05243
42 6.68402 3.05243
42 7.34263 3.79066
42 7.95982 4.57747
42 8.62429 5.32451
42 9.2939 6.06722
42 9.2939 6.06722
42 9.58061 6.93136

43 0 1.5
43 0 1.5
43 0 1.5

44 0 1.5
44 0 1.5
44 0.983593 1.6804
44 1.96719 1.8608

45 0 1.5
45 0.989613 1.35624
45 1.82855 1.61816
45 2.71682 2.03827
45 3.65335 2.38886
45 4.62514 2.54413
45 5.62514 2.54315
45 6.60668 2.38857
45 7.56428 2.12725
45 8.27405 1.42282
45 8.99005 0.724774
45 9.71311 0.0339955
45 10.2605 -0.79816
45 10.8785 -1.58192
45 11.5889 -2.26748
45 12.4551 -2.76706

46 0 1.5
46 0.999892 1.48529
46 2.85821 1.2567
46 2.85821 1.2567
46 3.84358 1.34122
46 3.84358 1.34122
46 4.77528 1.68631
46 7.37531 1.6717

47 0 1.5
47 0.999394 1.4652
47 1.98521 1.49814
47 2.98457 1.46226
47 3.98426 1.439
47 4.9841 1.42127
47 5.98382 1.39883
47 6.98318 1.36308
47 9.76498 0.440373
47 9.76498 0.440373
47 10.6782 0.0345659
47 11.6007 -0.351469
47 12.5231 -0.737504
47 12.5231 -0.737504
47 12.5231 -0.737504
47 13.4916 -0.58346
47 14.466 -0.358852
47 15.3717 -0.0283573
47 15.3717 -0.0283573
47 16.8491 1.02327
47 17.5073 1.40528
47 17.5073 1.40528
47 17.5073 1.40528
47 19.207 3.4916

48 0 1.5
48 0.811606 0.915795

49 0 1.5
49 0.999971 1.49233
49 1.99949 1.50563
49 3.88687 1.06458
49 4.78682 0.62859
49 6.48556 -0.414791
49 7.3022 -0.991939
49 7.99772 -1.70634
49 8.67195 -2.44485
49 9.86695 -4.04194
49 10.4214 -4.87415
49 11.0083 -5.68302
49 11.6212 -6.47321
49 12.234 -7.2634
49 12.234 -7.2634
49 12.87 -8.03468
49 13.5222 -8.79275
49 14.3418 -9.33293
49 15.4759 -10.6211
49 15.4759 -10.6211
49 15.4759 -10.6211
49 15.4759 -10.6211

50 0 1.5
50 0.999566 1.47053
50 1.99924 1.44685
50 2.99423 1.53264
50 3.98773 1.64647
50 3.98773 1.64647
50 4.92623 1.94525
50 5.8205 2.39278
50 6.71477 2.84031
50 7.62394 3.25643
50 8.53617 3.66609
50 9.44841 4.07575
50 10.3607 4.48541
50 11.2729 4.89507
50 12.1851 5.30474
50 13.0561 5.79209

51 0 1.5
51 0.99895 1.54581
51 1.99817 1.57714
51 1.99817 1.57714
51 2.91405 1.79917
51 2.91405 1.79917
51 3.67409 2.44904
51 3.67409 2.44904
51 4.21684 3.28545
51 4.79103 4.10282
51 5.39723 4.89813

52 0 1.5
52 0.999956 1.50936
52 1.99394 1.56932
52 1.99394 1.56932
52 2.96864 1.79286
52 3.9465 2.00188
52 4.92578 2.20439
52 5.83615 2.58529
52 5.83615 2.58529
52 6.69728 3.09368
52 7.55841 3.60207
52 7.55841 3.60207
52 7.55841 3.60207
52 7.83402 4.50414
52 8.1289 5.45015
52 8.1289 5.45015
52 8.02887 6.44514
52 8.02887 6.44514
52 8.02887 6.44514

53 0 1.5
53 0.999949 1.51008
53 0.999949 1.51008
53 1.90794 1.7444
53 1.90794 1.7444
53 2.62711 2.43924
53 3.34627 3.13409
53 3.34627 3.13409
53 3.34627 3.13409
53 3.34627 3.13409
53 3.34627 3.13409
53 3.34627 3.13409
53 3.34627 3.13409
53 3.34627 3.13409
53 3.34627 3.13409
53 3.34627 3.13409
53 3.34627 3.13409

54 1.08362 0.792782

55 0 1.5
55 0.99644 1.4157
55 1.98266 1.37411
55 1.98266 1.37411
55 2.96311 1.5622
55 3.86129 2.00184
55 4.75049 2.45672
55 4.75049 2.45672
55 5.57085 3.02856
55 6.35906 3.62909
55 6.35906 3.62909
55 6.83391 4.50916
55 7.28294 5.40048
55 7.28294 5.40048
55 7.60434 6.34742
55 7.60434 6.34742
55 7.60434 6.34742
55 7.60434 6.34742
55 7.60434 6.34742
55 7.60434 6.34742
55 7.60434 6.34742
55 7.60434 6.34742
55 7.60434 6.34742
55 7.60434 6.34742
55 7.60434 6.34742

56 0 1.5
56 0 1.5
56 0.999434 1.46635
56 0.999434 1.46635
56 1.98855 1.53371
56 2.9508 1.80448
56 2.9508 1.80448
56 3.90756 2.09533
56 4.84566 2.43847
56 7.73123 2.97652
56 7.73123 2.97652
56 7.73123 2.97652

57 0 1.5
57 0.9711 1.26133
57 1.9422 1.02265
57 2.9133 0.783979
57 3.59423 0.149655
57 4.11368 -0.704844
57 4.69621 -1.51161
57 5.37742 -2.24369
57 6.08855 -2.94159
57 6.90455 -3.51965
57 7.80438 -3.74624
57 8.79345 -3.59877
57 9.78251 -3.45129
57 10.7716 -3.30382
57 11.5053 -2.76738
57 12.034 -1.91856
57 12.5627 -1.06974
57 13.4746 -0.741762
57 14.4423 -0.48945

58 0 1.5
58 0.863991 0.996493

59 0 1.5
59 0.960829 1.77714
59 1.92166 2.05428
59 2.88249 2.33143
59 3.54001 3.00451
59 4.37662 3.55231
59 5.21323 4.1001
59 6.04984 4.6479
59 6.88646 5.1957
59 7.69174 5.59069
59 8.20822 4.73688
59 8.8915 4.03352
59 9.63072 3.3904
59 9.42894 2.41097
59 9.22715 1.43154
59 9.02537 0.452111
59 8.82358 -0.527318
59 8.6218 -1.50675
59 8.42001 -2.48618
59 8.21823 -3.46561

60 1.10877 0.835486
60 1.10877 0.835486
60 1.10877 0.835486
60 1.10877 0.835486
60 2.85144 1.75514
60 3.79088 2.09787
60 3.79088 2.09787
60 3.79088 2.09787
60 4.56812 2.70354
60 5.29597 3.38927
60 5.29597 3.38927
60 5.72973 4.26896
60 5.72973 4.26896
60 6.07342 5.20804
60 6.07342 5.20804
60 6.07342 5.20804

61 0 1.5
61 0.986322 1.66483
61 1.97264 1.82966
61 2.91681 2.12495
61 3.81307 2.56846
61 4.63109 3.12681
61 5.37166 3.79878
61 6.02313 4.55644
61 6.55083 5.37759
61 7.07176 6.07387
61 8.01621 6.40253
61 8.96066 6.73119

62 0 1.5
62 0.998757 1.54985
62 2.91855 1.15291

63 0 1.5
63 0 1.5
63 0.983588 1.68043
63 3.92871 1.7184
63 6.41771 0.235456
63 7.48806 -1.44921
63 7.93434 -2.34374
63 8.33299 -3.2604
63 8.33299 -3.2604
63 8.92334 -3.87459
63 8.92334 -3.87459
63 8.92334 -3.87459
63 8.92334 -3.87459
63 9.92331 -3.88315

64 0 1.5
64 0.990977 1.36597
64 1.97845 1.36001
64 1.97845 1.36001
64 2.94988 1.58376
64 3.87312 1.968
64 6.50025 2.90375
64 6.50025 2.90375
64 6.50025 2.90375

65 0 1.5
65 0.999089 1.45733
65 1.98905 1.50221
65 2.9885 1.50819
65 3.9885 1.51047
65 4.98838 1.49978
65 5.98817 1.47952
65 6.96307 1.32688
65 7.90192 0.982563
65 8.84078 0.638241
65 9.77071 0.270696
65 10.6987 -0.101827
65 11.6284 -0.430417

66 0 1.5
66 0.845424 0.965904

67 0 1.5
67 0.996503 1.58356
67 1.98346 1.58542
67 2.93389 1.27446
67 3.86958 0.927172
67 4.76812 0.488285
67 5.66666 0.0493988
67 6.49261 -0.513126
67 7.31372 -1.0839
67 8.12381 -1.66699
67 8.78191 -2.41991
67 9.44002 -3.17284
67 10.1152 -3.91
67 10.8124 -4.62686
67 11.5097 -5.34371
67 12.2763 -5.9828
67 13.0671 -6.59493

68 0.916729 1.10049
68 0.916729 1.10049
68 1.85419 1.14124
68 1.85419 1.14124
68 2.80093 1.4632
68 3.74676 1.78785
68 4.69174 2.11495
68 5.6345 2.44844
68 6.57725 2.78193
68 7.45051 3.26784
68 8.32054 3.76085
68 9.19056 4.25386
68 10.0606 4.74686
68 10.9306 5.23987
68 11.8006 5.73288
68 11.8006 5.73288
68 11.8006 5.73288
68 12.3844 6.41314
68 12.3844 6.41314
68 12.3844 6.41314

69 0 1.5
69 0.806037 0.908134

70 0 1.5
70 0 1.5

71 0 1.5
71 0 1.5
71 0.985886 1.66742
71 1.97177 1.83484
71 2.93117 2.11438
71 3.85012 2.50877
71 4.7792 2.87638
71 5.72894 3.1894
71 6.67869 3.50242
71 6.67869 3.50242
71 6.67869 3.50242
71 6.67869 3.50242
71 6.67869 3.50242
71 6.67869 3.50242
71 6.67869 3.50242
71 6.67869 3.50242
71 6.67869 3.50242
71 6.67869 3.50242
71 6.67869 3.50242
71 6.67869 3.50242

72 0 1.5
72 0.999986 1.49476
72 1.9961 1.52899
72 2.976 1.7285
72 3.95765 1.69022
72 4.94038 1.50518
72 5.88679 1.23207
72 6.71426 0.670563
72 7.54173 0.109056
72 8.3724 -0.4477
72 9.20374 -1.00347
72 10.0828 -1.46787
72 11.0141 -1.83211

73 0 1.5
73 0.995183 1.40197
73 1.97021 1.47883
73 1.97021 1.47883
73 2.91281 1.81277
73 3.82194 2.19926
73 3.82194 2.19926
73 4.52321 2.91215
73 5.19898 3.64551
73 5.19898 3.64551
73 5.74315 4.48449
73 5.74315 4.48449
73 5.74315 4.48449
73 5.74315 4.48449
73 5.74315 4.48449
73 5.74315 4.48449
73 5.74315 4.48449
73 5.74315 4.48449
73 5.74315 4.48449
73 5.74315 4.48449

74 0 1.5
74 0.999724 1.47653
74 1.99146 1.5231
74 2.96026 1.77096
74 3.9318 1.96043
74 4.91959 1.8046
74 5.81646 1.51623
74 6.31754 0.650833
74 6.81863 -0.214563
74 7.31972 -1.07996
74 7.82081 -1.94536
74 8.3219 -2.81075
74 8.65187 -3.72211
74 8.65187 -4.72211
74 8.65187 -5.72211
74 9.17031 -6.54251
74 9.78894 -7.32818
74 10.3659 -8.1283
74 10.3659 -9.1283

75 0 1.5
75 0.996421 1.41547
75 1.96868 1.22328
75 2.90565 0.873861
75 3.88006 0.69538
75 4.87729 0.621098
75 5.72966 1.11751
75 5.72966 1.11751
75 6.54417 1.68427
75 7.06181 2.53988
75 7.57848 3.39586
75 7.78496 4.37431
75 7.99144 5.35276
75 8.45943 6.19982
75 9.12121 6.94952
75 9.89099 7.5175
75 10.8658 7.74047

76 0 1.5
76 0.998823 1.54851
76 1.95938 1.71786
76 2.8041 2.25307
76 3.66887 2.73914
76 4.64689 2.94764
76 5.62492 3.15613
76 6.57774 3.29938
76 7.16164 2.48756
76 7.74555 1.67574
76 8.35843 0.886062
76 8.98841 0.109446
76 9.61838 -0.667169
76 10.0329 -1.57604
76 10.4404 -2.48927
76 10.8587 -3.39747
76 11.2907 -4.29932
76 11.7228 -5.20118
76 12.2513 -5.9926
76 13.203 -6.29978
76 14.0666 -6.65318
76 13.7796 -7.61109
76 13.9622 -8.57333
76 14.2316 -9.53637

77 0 1.5
77 0.99824 1.5593
77 2.89615 1.20632
77 2.89615 1.20632
77 3.88521 1.05875
77 4.87545 0.941482
77 5.87304 1.01091
77 6.87062 1.08034
77 6.87062 1.08034
77 7.80486 1.41452
77 8.72581 1.80419
77 8.72581 1.80419
77 9.54245 2.34444
77 9.54245 2.34444
77 10.2309 3.06969
77 10.2309 3.06969
77 10.7559 3.89964
77 11.1265 4.82842
77 11.1265 4.82842

78 0 1.5
78 0.99675 1.41945
78 1.89652 1.6159
78 2.6805 2.23362
78 3.49243 2.81737
78 4.19229 3.52003
78 4.82307 4.29599

79 0 1.5
79 0.999926 1.48784
79 1.97655 1.55689
79 1.97655 1.55689
79 1.97655 1.55689

80 0 1.5
80 0 1.5
80 0.937102 1.84905
80 1.8742 2.19811
80 2.81131 2.54716
80 4.75416 2.86725
80 7.53306 2.06037
80 8.92022 0.622403
80 9.53837 -0.16243
80 10.1389 -0.962005
80 10.7802 -1.71701
80 10.7802 -1.71701
80 10.7802 -1.71701
80 11.654 -2.20327
80 11.654 -2.20327
80 11.654 -2.20327
80 13.9834 1.00454
80 11.654 -2.20327
80 11.654 -2.20327
80 15.7369 3.42953
80 11.654 -2.20327
80 11.654 -2.20327
80 11.654 -2.20327
80 11.654 -2.20327
80 12.2453 -1.44063

81 0 1.5
81 0.999066 1.45679
81 1.98477 1.38467
81 1.98477 1.38467
81 2.94486 1.66436
81 3.89935 1.96243
81 6.69221 2.13625

82 0 1.5
82 0.999948 1.48985
82 1.98942 1.46072
82 2.98898 1.48283
82 3.98862 1.45585
82 4.98825 1.42888
82 5.9119 1.06765
82 6.82494 0.659784
82 7.74363 0.265003
82 8.66679 -0.1194
82 9.58996 -0.503804
82 10.5524 -0.348423
82 11.5214 -0.101529
82 12.433 0.258554
82 13.2045 0.894831
82 13.2045 0.894831
82 13.9422 1.56605
82 14.6058 2.31412
82 14.6058 2.31412
82 15.2725 3.05821
82 16.1718 3.49539
82 17.0712 3.93257
82 17.9524 4.4051
82 18.8314 4.88193
82 19.6804 5.40725

83 0 1.5
83 0.998933 1.45383
83 0.998933 1.45383
83 1.90407 1.68354
83 1.90407 1.68354
83 2.66792 2.32893
83 3.48278 2.90859
83 5.18859 3.91696
83 6.13923 4.22725
83 7.08796 4.54301
83 8.02524 4.8916
83 8.96251 5.2402
83 9.93236 5.48265
83 11.8845 5.79725
83 12.8767 5.67295
83 14.8493 5.3652
83 15.8122 5.09544
83 17.5581 4.22182
83 18.3131 3.56613
83 18.3131 3.56613
83 18.3131 3.56613
83 18.3131 3.56613

84 0 1.5
84 0.995514 1.59462
84 2.93059 1.29826
84 3.86502 0.942137
84 4.79946 0.586012
84 5.6641 0.0861256
84 7.35652 -0.972452
84 8.08311 -1.65952
84 8.8097 -2.34659
84 9.55991 -3.00691
84 10.3317 -3.6428
84 11.1035 -4.27868
84 11.9126 -4.86492
84 12.7371 -5.43083

85 1.1316 0.879981
85 1.1316 0.879981
85 1.1316 0.879981
85 2.02628 1.32646
85 2.963 1.67654
85 3.89972 2.02662
85 4.83298 2.38571
85 5.76357 2.75179
85 6.69606 3.11278
85 7.63818 3.44805
85 8.51901 3.90013
85 8.51901 3.90013
85 9.33023 4.48487
85 10.1414 5.06962
85 10.9527 5.65436
85 11.7639 6.23911
85 11.7639 6.23911
85 11.7639 6.23911
85 12.0796 7.13522
85 12.0796 7.13522
85 12.1201 8.10839
85 12.1201 8.10839
85 11.782 9.04952
85 11.782 9.04952
85 11.782 9.04952

86 0 1.5
86 0.994168 1.39215
86 1.96089 1.32698
86 1.96089 1.32698
86 1.96089 1.32698
86 1.96089 1.32698
86 2.511 2.12971
86 2.511 2.12971
86 2.511 2.12971
86 2.511 2.12971
86 2.511 2.12971

87 0 1.5
87 0.998554 1.55376
87 1.99715 1.60661
87 2.9961 1.65254
87 2.9961 1.65254
87 3.95355 1.9342
87 4.87313 2.28929
87 4.87313 2.28929
87 4.87313 2.28929
87 5.5723 3.00425
87 6.08022 3.85677
87 6.08022 3.85677
87 6.29412 4.79979
87 6.29412 4.79979
87 6.25133 5.79887
87 6.25133 5.79887

88 0 1.5
88 0.997418 1.57182
88 1.99164 1.66639
88 1.99164 1.66639
88 2.9546 1.9316
88 3.90776 2.23405
88 4.88292 2.4539
88 5.8603 2.66536
88 6.83037 2.90488
88 7.78646 3.19797
88 8.74254 3.49105
88 8.74254 3.49105
88 8.74254 3.49105
88 8.74254 3.49105
88 8.74254 3.49105
88 8.74254 3.49105
88 8.74254 3.49105
88 8.74254 3.49105
88 8.74254 3.49105
88 8.74254 3.49105
88 8.74254 3.49105

89 0 1.5
89 0.999853 1.51712
89 1.99971 1.53423
89 2.76251 1.97399
89 3.75978 1.90023
89 4.65925 1.51404
89 5.52056 1.00597
89 6.39048 0.513165
89 7.27142 0.0399349
89 8.15888 -0.417389
89 9.11847 -0.698776
89 10.0834 -0.898938
89 11.0715 -0.745099
89 12.0596 -0.59126

90 0 1.5
90 0.846826 0.968131

91 0 1.5
91 0.958592 1.78478
91 1.91718 2.06956
91 2.72707 1.83895
91 3.40024 1.1054
91 4.30513 0.679759
91 5.21003 0.254122
91 5.90773 -0.448868
91 6.5273 -1.22445
91 6.91089 -2.14684
91 6.92978 -3.14666
91 6.94866 -4.14648
91 7.06217 -5.13806
91 7.21646 -6.12608

92 1.08148 0.683354
92 1.80375 1.31187
92 2.80245 1.26086
92 3.80115 1.20986
92 4.421 1.85644
92 4.90561 2.73018
92 5.30587 3.64658
92 5.72294 4.52066
92 6.64283 4.12848
92 7.56272 3.73631
92 8.3592 3.72747
92 8.87751 4.58266
92 9.08469 5.49907
92 8.92901 6.48688
92 8.77332 7.47469
92 8.83207 8.37129
92 9.65162 8.9443
92 10.5471 9.36627
92 11.4985 9.66603
92 12.4985 9.66877
92 13.4985 9.67151
92 14.4985 9.67425

93 0 1.5
93 0.932547 1.86105
93 1.86509 2.2221
93 2.79764 2.58314
93 3.58331 1.99372
93 4.514 1.67412
93 5.48568 1.43779
93 6.35831 1.05407
93 6.94427 0.243729
93 7.53023 -0.566608
93 8.00599 -1.44285
93 8.4426 -2.3425
93 8.8785 -3.24249
93 9.31168 -4.1438
93 9.74486 -5.04511

94 0 1.5
94 0.997264 1.42608
94 1.99567 1.38122
94 2.99566 1.37662
94 3.98042 1.54026
94 3.98042 1.54026
94 4.96334 1.72433
94 5.88284 2.0828
94 5.88284 2.0828
94 6.75447 2.57297
94 7.58058 3.11568
94 7.58058 3.11568
94 8.1901 3.90846
94 8.1901 3.90846
94 8.71205 4.74388
94 8.71205 4.74388
94 8.96032 5.71256
94 9.23116 6.67409
94 9.58709 7.6086
94 9.94302 8.54312
94 9.94302 8.54312
94 9.94302 8.54312
94 9.94302 8.54312

95 0 1.5
95 0.960276 1.77905
95 1.92055 2.0581
95 2.88083 2.33715
95 2.88083 2.33715
95 3.63568 2.97119
95 4.35611 3.66472
95 5.0412 4.39253
95 5.80585 4.79954
95 6.76417 4.51384
95 7.72249 4.22813
95 8.57341 4.15184
95 8.90062 5.0968
95 9.21776 6.04496
95 9.49873 7.00468
95 9.77969 7.9644

96 0 1.5
96 0.997856 1.56544
96 1.97609 1.68179
96 2.78346 2.11471

97 0 1.5
97 0.92486 1.88031
97 1.84972 2.26062
97 2.77458 2.64092
97 3.69944 3.02123
97 4.65723 3.26811
97 5.65284 3.36174
97 6.64679 3.32499
97 7.6383 3.20229
97 8.47931 2.66126
97 9.25775 2.05117
97 9.87897 1.26754
97 10.5094 0.491331

98 0 1.5
98 0.94736 1.82017
98 1.89472 2.14034
98 2.82033 2.29813
98 3.65002 1.73991
98 4.43358 1.11979
98 5.24153 0.531465
98 6.11879 0.0880399
98 6.94462 0.131455
98 7.27843 1.0741
98 7.27843 1.0741
98 7.61223 2.01674
98 7.94603 2.95938
98 8.27984 3.90203
98 8.61364 4.84467
98 8.94744 5.78731
98 9.45447 6.60317
98 10.252 7.20639
98 11.0496 7.80961
98 11.8472 8.41283
98 12.6379 9.02169
98 13.0685 9.92421
98 13.4992 10.8267
98 14.3581 11.262

99 0 1.5
99 0.991394 1.63091
99 1.98279 1.76182
99 2.94351 2.02868
99 3.8867 2.36015
99 4.82474 2.70645
99 5.77334 3.02293

100 0 1.5
100 0.998185 1.43977
100 1.99695 1.40159
100 2.99693 1.40877
100 3.9969 1.41595
100 4.99688 1.42313
100 5.99684 1.43076
100 6.99653 1.45596
100 7.99643 1.46785
100 8.99638 1.47745
100 9.99631 1.48956
100 10.9963 1.49238
100 11.9963 1.48975
100 12.9963 1.48701
100 13.9963 1.48405
100 14.9963 1.48109
100 15.9148 1.14385
100 16.8039 0.686284
100 17.7235 0.29851
100 18.6642 -0.0407576
100 19.6049 -0.380025

101 0 1.5
101 0.999627 1.47269
101 1.99925 1.44537
101 2.9991 1.43923
101 3.99907 1.44603
101 4.99905 1.45282
101 5.99799 1.49686
101 6.99746 1.52344
101 7.99739 1.53506
101 8.99725 1.55131
101 9.99716 1.56461
101 10.9971 1.57656
101 11.997 1.58426
101 12.997 1.57291
101 14.9504 1.24792
101 15.9077 0.958786
101 16.865 0.66965
101 16.865 0.66965
101 16.865 0.66965
101 16.865 0.66965

102 0 1.5
102 0.999589 1.47132
102 1.99918 1.44264
102 2.999 1.43687
102 3.99897 1.44478
102 4.99894 1.4527
102 5.99765 1.50139
102 6.99692 1.52855
102 7.99687 1.53391
102 8.99673 1.55103
102 9.99666 1.56106
102 10.9966 1.56784
102 11.9966 1.57112
102 12.9965 1.55867
102 14.9422 1.20798
102 15.8923 0.896015
102 15.8923 0.896015
102 15.8923 0.896015
102 15.8923 0.896015
102 15.8923 0.896015

103 0 1.5
103 0.99962 1.47242
103 1.99924 1.44483
103 2.99908 1.43887
103 3.99906 1.44584
103 4.99903 1.4528
103 5.99721 1.51045
103 6.99615 1.53802
103 7.99608 1.53503
103 8.99595 1.55129
103 9.99589 1.56106
103 10.9959 1.56783
103 11.9958 1.57052
103 12.9957 1.55471
103 14.94 1.17271
103 15.8959 0.878978
103 15.8959 0.878978
103 15.8959 0.878978
103 15.8959 0.878978
103 15.8959 0.878978

104 0 1.5
104 0.999656 1.47378
104 1.99931 1.44756
104 2.9979 1.47748
104 3.99738 1.48034
104 4.99728 1.46637
104 5.99612 1.50991
104 6.99551 1.53252
104 7.99548 1.53502
104 8.99535 1.55128
104 9.99529 1.56017
104 10.9953 1.56565
104 11.9952 1.5655
104 12.9952 1.55258
104 14.9395 1.17286
104 15.8954 0.879128
104 15.8954 0.879128
104 15.8954 0.879128
104 15.8954 0.879128
104 15.8954 0.879128

105 0 1.5
105 0.999581 1.47105
105 1.99916 1.44211
105 2.99702 1.48142
105 3.99616 1.48639
105 4.996 1.46848
105 5.99462 1.51432
105 6.99375 1.53467
105 7.99362 1.52623
105 8.99351 1.54139
105 9.99344 1.55288
105 10.9934 1.56265
105 11.9933 1.56642
105 12.9933 1.55645
105 14.9299 1.18198
105 15.8714 0.845123
105 15.8714 0.845123
105 15.8714 0.845123
105 15.8714 0.845123
105 15.8714 0.845123

106 0 1.5
106 0.999656 1.47378
106 1.99931 1.44756
106 2.99772 1.48023
106 3.99708 1.483
106 4.99695 1.46664
106 5.99579 1.5099
106 6.99516 1.52899
106 7.99497 1.53132
106 8.99436 1.56618
106 9.99412 1.57725
106 10.9941 1.57265
106 11.9941 1.56552
106 12.994 1.5526
106 12.994 1.5526
106 12.994 1.5526
106 12.994 1.5526
106 12.994 1.5526
106 12.994 1.5526
106 12.994 1.5526

107 0 1.5
107 0.99962 1.47242
107 1.99924 1.44483
107 2.99686 1.48741
107 3.99562 1.48678
107 4.99517 1.45702
107 5.99383 1.50128
107 6.99314 1.52382
107 7.9931 1.52477
107 8.99298 1.53974
107 8.99298 1.53974
107 8.99298 1.53974
107 8.99298 1.53974
107 8.99298 1.53974
107 8.99298 1.53974
107 8.99298 1.53974
107 8.99298 1.53974
107 8.99298 1.53974
107 8.99298 1.53974
107 8.99298 1.53974

108 0 1.5
108 0.999656 1.47378
108 1.99931 1.44756
108 2.99733 1.4856
108 3.99653 1.4946
108 4.99644 1.48149
108 4.99644 1.48149
108 4.99644 1.48149
108 4.99644 1.48149
108 4.99644 1.48149
108 4.99644 1.48149
108 4.99644 1.48149
108 4.99644 1.48149
108 4.99644 1.48149
108 4.99644 1.48149
108 4.99644 1.48149
108 4.99644 1.48149
108 4.99644 1.48149
108 4.99644 1.48149
108 4.99644 1.48149

109 0 1.5
109 0.999581 1.47105
109 1.99916 1.44211
109 2.99899 1.4363
109 3.99896 1.44402
109 4.99893 1.45175
109 5.99734 1.5062
109 6.99652 1.53147
109 7.99647 1.53391
109 8.99632 1.55102
109 9.99626 1.56106
109 10.9962 1.56783
109 11.9962 1.57112
109 12.9961 1.55868
109 14.9418 1.2081
109 15.8919 0.89614
109 15.8919 0.89614
109 15.8919 0.89614
109 15.8919 0.89614
109 15.8919 0.89614

110 0 1.5
110 0.99962 1.47242
110 1.99924 1.44483
110 2.99908 1.43887
110 3.99906 1.44584
110 4.99903 1.4528
110 5.99798 1.49686
110 6.99754 1.5212
110 7.99744 1.53506
110 8.99731 1.55131
110 9.99725 1.56107
110 10.9972 1.56784
110 11.9972 1.57111
110 12.9971 1.55866
110 14.9427 1.20779
110 15.8928 0.895831
110 15.8928 0.895831
110 15.8928 0.895831
110 15.8928 0.895831
110 15.8928 0.895831

111 0 1.5
111 0.999507 1.4686
111 1.99901 1.43719
111 2.99743 1.46804
111 3.99711 1.46816
111 4.99707 1.45884
111 5.99658 1.48761
111 6.99632 1.50936
111 7.99615 1.52795
111 8.99592 1.54959
111 9.99583 1.56106
111 10.9958 1.56783
111 11.9958 1.57113
111 12.9957 1.55868
111 14.915 1.13648
111 15.8408 0.75849
111 15.8408 0.75849
111 15.8408 0.75849
111 15.8408 0.75849
111 15.8408 0.75849

112 0 1.5
112 0.999959 1.49092
112 1.99992 1.48184
112 2.99988 1.47275
112 3.99984 1.46367
112 4.99979 1.45459
112 5.99823 1.50617
112 6.9973 1.52268
112 7.99702 1.51979
112 8.99664 1.54764
112 9.9965 1.56106
112 10.9965 1.56784
112 11.9965 1.57244
112 12.9964 1.56727
112 14.9404 1.21805
112 15.8889 0.901331
112 15.8889 0.901331
112 15.8889 0.901331
112 15.8889 0.901331
112 15.8889 0.901331

113 0 1.5
113 0.999737 1.47705
113 1.99947 1.45409
113 2.99936 1.44683
113 3.99936 1.45003
113 4.99935 1.45323
113 5.99751 1.51077
113 6.99635 1.52655
113 7.99605 1.51728
113 8.99582 1.53834
113 9.99576 1.54747
113 10.9957 1.55289
113 11.9957 1.5546
113 12.9957 1.54795
113 14.9401 1.17268
113 15.896 0.878954
113 15.896 0.878954
113 15.896 0.878954
113 15.896 0.878954
113 15.896 0.878954

114 0 1.5
114 0.999756 1.47789
114 1.99951 1.45578
114 2.99942 1.44865
114 3.99942 1.45046
114 4.99942 1.45227
114 5.99754 1.5109
114 6.99605 1.51694
114 7.99516 1.50664
114 8.99445 1.54443
114 9.99422 1.55649
114 10.9942 1.55658
114 11.9942 1.55536
114 12.9942 1.55116
114 14.9137 1.13701
114 15.8395 0.759027
114 15.8395 0.759027
114 15.8395 0.759027
114 15.8395 0.759027
114 15.8395 0.759027

115 0 1.5
115 0.999731 1.4768
115 1.99946 1.45359
115 2.99936 1.4469
115 3.99935 1.45006
115 4.99935 1.45323
115 5.99751 1.51077
115 6.99635 1.52655
115 7.99604 1.51728
115 8.99582 1.53834
115 9.99571 1.55221
115 10.9956 1.56385
115 11.9955 1.56911
115 12.9953 1.54547
115 14.9302 1.12884
115 15.8787 0.812116
115 15.8787 0.812116
115 15.8787 0.812116
115 15.8787 0.812116
115 15.8787 0.812116

116 0 1.5
116 0.999959 1.49092
116 1.99992 1.48184
116 2.99988 1.47275
116 3.99984 1.46367
116 4.99979 1.45459
116 5.99822 1.50638
116 6.99728 1.51729
116 7.99688 1.51325
116 8.99634 1.54607
116 9.99616 1.56018
116 10.9961 1.56566
116 11.9961 1.5685
116 12.9961 1.5654
116 14.9282 1.18423
116 15.8657 0.836312
116 15.8657 0.836312
116 15.8657 0.836312
116 15.8657 0.836312
116 15.8657 0.836312

117 0 1.5
117 0.99892 1.45353
117 1.99784 1.40707
117 2.99725 1.40335
117 3.99696 1.42711
117 4.99668 1.45087
117 5.99481 1.5106
117 6.99365 1.52662
117 7.99328 1.51951
117 8.99291 1.54688
117 9.9928 1.55932
117 10.9928 1.56704
117 11.9927 1.57057
117 12.9926 1.55476
117 14.9144 1.1067
117 15.8523 0.759762
117 15.8523 0.759762
117 15.8523 0.759762
117 15.8523 0.759762
117 15.8523 0.759762

118 0 1.5
118 0.999968 1.49201
118 1.99994 1.48403
118 2.9999 1.47604
118 3.99987 1.46805
118 4.99984 1.46007
118 5.99873 1.50347
118 6.99816 1.51225
118 7.99793 1.51087
118 8.99759 1.53714
118 9.9975 1.54748
118 10.9975 1.5529
118 11.9974 1.55232
118 12.9973 1.53831
118 14.9433 1.16287
118 15.9006 0.873669
118 15.9006 0.873669
118 15.9006 0.873669
118 15.9006 0.873669
118 15.9006 0.873669
118 15.9006 0.873669

119 0 1.5
119 0.999043 1.45626
119 1.99809 1.41251
119 2.99756 1.40775
119 3.99734 1.42913
119 4.99711 1.45051
119 5.99522 1.51075
119 6.99406 1.52661
119 7.99375 1.51723
119 8.99353 1.53829
119 9.99344 1.55142
119 10.9934 1.56206
119 11.9933 1.56851
119 12.9933 1.5654
119 14.947 1.24896
119 15.9043 0.959819
119 16.8616 0.670682
119 16.8616 0.670682
119 16.8616 0.670682
119 16.8616 0.670682

120 0 1.5
120 0.999968 1.49201
120 0.999968 1.49201

121 0 1.5
121 0.999589 1.47132
121 1.99918 1.44264
121 2.999 1.43687
121 3.99897 1.44478
121 4.99894 1.4527
121 5.9971 1.51074
121 5.9971 1.51074
121 5.9971 1.51074
121 5.9971 1.51074
121 5.9971 1.51074
121 5.9971 1.51074
121 5.9971 1.51074
121 5.9971 1.51074
121 5.9971 1.51074
121 5.9971 1.51074
121 5.9971 1.51074
121 5.9971 1.51074
121 5.9971 1.51074
121 5.9971 1.51074
