
1 0 0
1 0.874553 0.323709
1 1.74911 0.647418

2 0 0
2 0.998932 0.0251834
2 1.99786 0.0503668
2 2.99665 0.0821814
2 3.99605 0.0867021
2 4.99592 0.07417
2 5.99534 0.0940857
2 6.9949 0.109519
2 7.99486 0.109808
2 8.99466 0.119915
2 9.99457 0.121959
2 10.9944 0.130698
2 11.994 0.152499
2 12.9785 0.0798369
2 13.4669 0.0297979
2 14.3925 -0.347125
2 15.3226 -0.705525
2 16.2912 -0.910506
2 17.2598 -1.11549
2 18.743 -1.27246

3 0 0
3 0.998878 0.0251793
3 1.99776 0.0503587
3 2.99651 0.0822173
3 3.99598 0.0896588
3 4.99591 0.080965
3 5.99553 0.0961872
3 6.99524 0.107878
3 7.9952 0.10766
3 8.99506 0.112335
3 9.99498 0.112317
3 10.9947 0.122642
3 11.9941 0.150301
3 12.9788 0.0808274
3 13.4648 0.0254511
3 14.3815 -0.369483
3 15.3146 -0.704509
3 16.2839 -0.906804
3 17.2531 -1.1091
3 18.737 -1.26263

4 0 0
4 0.998941 0.0250497
4 1.99788 0.0500993
4 2.9971 0.0708612
4 3.99701 0.0738817
4 4.99692 0.0779605
4 5.99652 0.0962243
4 6.99623 0.107876
4 7.9962 0.108392
4 8.99608 0.11504
4 9.99602 0.117509
4 10.9959 0.126927
4 11.9956 0.148005
4 12.9806 0.0748938
4 13.4693 0.0246537
4 14.3974 -0.346045
4 15.3303 -0.69722
4 16.2998 -0.901489
4 17.2693 -1.10576
4 18.7536 -1.25466

5 0 0
5 0.998887 0.0250456
5 1.99777 0.0500913
5 2.99646 0.081593
5 3.99586 0.0887776
5 4.99582 0.0812532
5 5.99534 0.0982105
5 6.99497 0.110637
5 7.99494 0.109042
5 8.99483 0.115373
5 9.99478 0.11786
5 10.9946 0.130554
5 11.9942 0.153772
5 12.979 0.0812149
5 13.4674 0.0305647
5 14.3935 -0.344689
5 15.3243 -0.701362
5 16.2935 -0.904674
5 17.2627 -1.10799
5 18.7468 -1.25605

6 0 0
6 0.998859 0.026954
6 1.99772 0.053908
6 2.99655 0.08313
6 3.9961 0.0860078
6 4.99605 0.0792876
6 5.99567 0.0967932
6 6.99535 0.114589
6 7.99528 0.121102
6 8.99524 0.119569
6 9.99521 0.116023
6 10.995 0.124306
6 11.9946 0.147736
6 12.9794 0.0787309
6 13.47 0.035683
6 14.4047 -0.31938
6 15.3394 -0.674442
6 16.305 -0.895493
6 17.274 -1.10232
6 17.7726 -1.13946

7 0 0
7 0.998859 0.026954
7 1.99772 0.053908
7 2.9965 0.0856405
7 3.99599 0.0909989
7 4.99591 0.0812516
7 5.99543 0.0982237
7 6.99506 0.110098
7 7.99502 0.108431
7 8.9949 0.11523
7 9.99485 0.115327
7 10.9947 0.124308
7 11.9943 0.147732
7 12.979 0.0787062
7 13.465 0.0254153
7 14.3817 -0.369519
7 15.3147 -0.704596
7 16.284 -0.906891
7 17.2533 -1.10919
7 17.7522 -1.1418

8 0 0
8 0.995189 0.0315896
8 1.98823 0.0984306
8 2.98581 0.110367
8 3.98561 0.104398
8 4.98515 0.126949
8 5.98482 0.14686
8 6.98462 0.164417
8 7.98448 0.181129
8 8.98429 0.200392
8 9.98411 0.21899
8 10.984 0.23232
8 12.4533 0.0584237
8 13.394 -0.280648
8 14.3348 -0.61972
8 15.2799 -0.946165
8 16.2251 -1.27243
8 17.1932 -1.47746
8 17.693 -1.49143

9 0 0
9 0.997599 0.0637756
9 1.99466 0.135749
9 2.99142 0.209422
9 3.99121 0.22976
9 4.99101 0.249278
9 5.99084 0.267723
9 6.9907 0.284034
9 7.98593 0.252181
9 9.4271 -0.0730362
9 10.3708 -0.390049
9 11.2953 -0.767939
9 12.2186 -1.1498
9 13.1514 -1.40847
9 13.651 -1.39043
9 14.1489 -1.3465
9 15.1203 -1.13579
9 16.0863 -0.915389
9 16.4751 -0.636974
9 17.2076 0.0427682
9 17.9375 0.724853
9 18.2985 1.07073
9 18.9803 1.80024

10 0.487335 0.111824
10 0.981025 0.191008
10 1.96504 0.259131
10 2.44345 0.136931
10 3.41173 -0.103827
10 4.36477 -0.395468
10 5.29875 -0.751041
10 6.73254 -1.02155
10 8.18475 -0.703473
10 9.55639 -0.141357
10 10.3103 0.482846
10 11.2813 1.62135
10 11.9233 2.38769
10 12.2529 2.76363
10 12.9783 3.43703
10 13.809 3.99357
10 14.6731 4.48942
10 15.1333 4.68488
10 15.5673 4.92206
10 15.9429 5.25205

11 0 0
11 0.992956 -0.116902
11 2.39919 0.0946809
11 3.66543 0.887687
11 4.47645 1.47032
11 5.26151 2.08972
11 6.08155 2.65086
11 6.54492 2.83871
11 7.45631 3.24855
11 8.78378 3.93146
11 9.64209 4.42614
11 10.1152 4.58673
11 10.5929 4.73435
11 11.5324 4.78084
11 12.5223 4.65469
11 13.5159 4.54734
11 14.5123 4.47964
11 15.511 4.44608
11 16.0109 4.44855
11 16.9517 4.15614
11 17.841 3.71922
11 18.1692 3.34203

12 0 0
12 0.999594 0.0103979
12 1.99922 0.0162531
12 3.45321 -0.200098
12 4.35997 -0.619605
12 5.66127 -1.34878
12 6.46746 -1.93997
12 7.22071 -2.59021
12 7.89973 -3.32227
12 8.85533 -4.46671
12 9.38596 -5.31398
12 9.9181 -6.16024
12 10.4709 -6.99338
12 11.024 -7.82626
12 11.6046 -8.63925
12 12.2178 -9.42835

13 0 0
13 0.989305 0.0794737
13 1.98378 0.0947485
13 2.98275 0.0498375
13 3.98181 0.00789323
13 4.98053 0.00678187
13 5.97892 0.0323442
13 6.47515 0.0919948
13 7.45024 0.268425
13 8.36035 0.675378
13 9.26445 1.10249
13 10.1745 1.51551
13 11.1038 1.88472
13 12.0302 2.26034

14 0 0
14 0.994332 0.101853
14 1.96214 0.12792
14 2.96141 0.165873
14 3.96023 0.213937
14 4.95329 0.311785
14 5.93535 0.490509
14 6.4157 0.623814
14 6.87822 0.813743
14 7.32271 1.02852
14 7.97214 1.78894
14 8.54104 2.60315
14 8.96238 3.5052
14 9.10327 3.97722
14 9.10327 4.47722
14 9.23189 5.96876
14 9.30812 6.96291
14 9.35347 7.45807
14 9.45904 7.9468
14 9.56461 8.43553
14 9.67018 8.92426

15 0 0
15 0.990457 -0.0116875
15 1.48488 -0.0861891
15 2.38136 0.277954
15 2.75069 0.614995
15 3.5271 1.23798
15 4.23302 1.94584
15 4.58061 2.30522
15 5.28883 3.01081
15 5.9729 3.73969
15 6.65629 4.46924
15 7.00433 4.82822
15 7.35238 5.18719
15 7.68001 5.56455
15 8.0007 5.94816

16 0 0
16 0.995175 -0.00784684
16 1.98451 0.0290593
16 2.48379 0.0021641
16 3.46222 0.119042
16 3.88877 0.379917
16 4.70524 0.934176
16 5.03917 1.29412
16 5.6397 2.08898
16 6.17913 2.9245
16 6.49067 3.83133

17 0 0
17 1.48712 0.149302
17 2.46068 0.336896
17 3.43324 0.563267
17 4.39358 0.840649
17 5.36222 1.08715
17 6.33568 1.31573
17 7.30903 1.5447
17 8.27187 1.81238
17 9.2347 2.08005
17 10.1999 2.33815
17 11.1776 2.54698
17 11.6688 2.64045
17 12.16 2.73392
17 12.6512 2.82739
17 13.1424 2.92086
17 13.6336 3.01433
17 14.1248 3.1078

18 0 0.75
18 0.499873 0.738719
18 0.999745 0.727438
18 1.48959 0.824989
18 1.97964 0.866369
18 2.47113 0.774494
18 2.96262 0.682619
18 3.4541 0.590743
18 3.8256 0.306042
18 4.16983 -0.0471076
18 4.58586 -0.324464
18 5.00818 -0.589684
18 5.47428 -0.770657
18 5.95172 -0.884603
18 6.4514 -0.866953
18 6.95109 -0.849303
18 7.45078 -0.831653
18 7.95047 -0.814003
18 8.45016 -0.796352
18 8.90775 -0.706319
18 9.17015 -0.28071
18 9.43256 0.1449
18 9.69496 0.57051
18 9.86558 1.03227
18 9.96387 1.52251

19 0.488283 -0.10761
19 0.988071 -0.0930467
19 1.96922 -0.0312927
19 2.45492 0.0756534
19 3.41599 0.351
19 4.35182 0.696262
19 5.27092 1.07923
19 5.66923 1.38147
19 6.41539 2.02518
19 6.77099 2.37667
19 7.37052 3.17077
19 7.85247 4.04388
19 8.25362 4.95945
19 8.45365 5.41743
19 8.67163 5.86742
19 8.78234 6.34802
19 8.83475 6.84527
19 8.94948 7.32989
19 9.09471 7.80833
19 9.30808 8.25862
19 9.543 8.69999

20 0 0
20 0.988778 0.14917
20 1.42581 0.0814644
20 2.36797 0.194858
20 3.32269 0.492072
20 4.2942 0.691451
20 4.79288 0.727797
20 5.68218 0.726138
20 7.03676 0.604405
20 7.43031 0.296

21 0 0.75
21 0.486471 0.865526
21 0.972942 0.981051
21 1.30358 0.731953
21 1.55643 0.300594
21 1.81017 -0.130234
21 2.06392 -0.561062
21 2.38024 -0.947136
21 2.70593 -1.32652
21 3.09793 -1.63375
21 3.50586 -1.9223
21 3.95 -2.15196
21 4.39413 -2.38161
21 4.75015 -2.03166
21 5.10595 -1.68037
21 5.46176 -1.32909
21 5.81757 -0.977806
21 6.17338 -0.626522
21 6.63239 -0.457287
21 7.11654 -0.332423
21 7.55348 -0.154711
21 7.73183 0.3124
21 7.91017 0.77951
21 8.08852 1.24662
21 8.26687 1.71373
21 8.44522 2.18084
21 8.68716 2.58438
21 9.15421 2.76289
21 9.62125 2.9414

22 0 0
22 0.996264 -0.0649822
22 1.46974 -0.138588
22 2.30921 0.088918

23 0 0.75
23 0.466168 0.930795
23 0.932337 1.11159
23 1.39851 1.29239
23 1.82712 1.14932
23 2.20942 0.830127
23 2.56528 0.478897
23 2.91824 0.125235
23 3.20188 -0.286524
23 3.48553 -0.698284
23 3.75726 -1.1178
23 4.01906 -1.54378
23 4.28086 -1.96976

24 0 0
24 0.991363 0.0792827
24 1.97858 0.111162
24 2.47227 0.0319705
24 3.45736 0.148147
24 4.39456 0.435722
24 4.84891 0.644437
24 5.71457 1.1371
24 6.50349 1.73642
24 6.89657 2.04543
24 7.60778 2.74017
24 7.88311 3.15207
24 8.33625 4.02654
24 8.54748 4.47973
24 8.69725 5.45861
24 8.71017 5.95818
24 8.7434 6.45708
24 8.77663 6.95597

25 0 0
25 0.499514 0.0220512
25 2.39516 -0.139795
25 2.80743 0.143113
25 3.25785 0.355835
25 3.66722 0.642923
25 4.05124 0.960747
25 4.41109 1.30789
25 4.7114 1.70228
25 4.97757 2.10729
25 5.46089 1.97923
25 5.94421 1.85116
25 6.42754 1.7231
25 6.6124 2.18146

26 0 0
26 0.999156 0.0155162
26 2.81367 -0.358465

27 0 0
27 1.45884 0.27334
27 1.9504 0.364861
27 2.90226 0.37451
27 3.39379 0.282877
27 4.34223 -0.0221675
27 4.79719 -0.229558
27 5.11854 -0.608595
27 5.69276 -1.42081
27 6.21575 -2.27283
27 6.66198 -3.16689
27 7.10917 -4.05844
27 7.72448 -4.74186
27 9.38416 -5.63617
27 10.6012 -5.666
27 11.0774 -5.64739
27 12.072 -4.52455
27 12.748 -3.78778
27 13.4239 -3.05101
27 13.7683 -2.68853
27 14.1127 -2.32604
27 14.4571 -1.96356
27 14.8581 -1.70714
27 15.3509 -1.62274

28 0 0
28 1.44834 -0.125347
28 1.94685 -0.163867
28 2.92962 -0.167954

29 0 0
29 0.997955 -0.0634601
29 1.9935 -0.148399
29 2.98974 -0.227486
29 3.98738 -0.295383
29 4.98564 -0.353764
29 5.98407 -0.40958
29 6.9767 -0.505569
29 7.47567 -0.537684
29 8.42076 -0.846801
29 9.36143 -1.1736
29 10.2991 -1.50666
29 11.1774 -1.93278
29 11.6251 -2.15545
29 13.3784 -2.60877
29 14.3668 -2.4692
29 16.1632 -1.8044
29 16.5298 -1.46637
29 17.0619 -0.646605
29 17.8112 0.00555009
29 18.2185 0.295585
29 18.6297 0.579191
29 19.0755 0.805587
29 19.5213 1.03198

30 0 0
30 0.996539 -0.0819544
30 1.99303 -0.164599
30 2.4792 -0.0936485
30 3.39509 0.28967
30 3.84651 0.488272
30 4.63853 1.08625
30 5.0214 1.40634
30 5.6889 2.15012
30 6.33034 2.91518
30 6.923 3.72043
30 8.01395 4.72351
30 8.82063 5.31374
30 9.6343 5.89342
30 10.456 6.4622
30 11.2796 7.02839
30 12.5976 7.71883

31 0 0
31 0.993289 -0.0898358
31 1.49137 -0.115644
31 2.97122 -0.344644
31 3.46223 -0.439031
31 4.41007 -0.692967
31 4.82532 -0.971471
31 5.65231 -1.53366
31 6.45341 -2.1288
31 7.23403 -2.75
31 7.95642 -3.42938
31 8.27711 -3.81299
31 8.88448 -4.60625

32 0 0
32 0.989989 0.0713089
32 1.95419 0.155752
32 2.95171 0.0984797
32 3.94919 0.0395597
32 4.94703 0.0370377
32 5.9451 0.0682543
32 6.44045 0.1363
32 7.41632 0.311809
32 8.31751 0.737653
32 9.21211 1.1842
32 10.6302 1.61389

33 0 0
33 0.989958 0.13422
33 1.97114 0.197518
33 2.96732 0.269306
33 3.95531 0.418918
33 4.44318 0.524242
33 4.91041 0.702261
33 5.76743 1.15188
33 6.10899 1.51631
33 6.74775 2.27544
33 7.13322 3.1971
33 7.27522 3.67302
33 7.44655 4.65266
33 7.46579 5.15161
33 7.44673 5.65125

34 0 0
34 0.996169 -0.00194663

35 0 -0.75
35 0.489749 -0.850728
35 0.979498 -0.951455
35 1.43933 -0.833782
35 1.88396 -0.605069
35 2.16179 -0.2
35 2.41491 0.231194
35 2.67063 0.660846
35 2.92901 1.08891
35 3.1874 1.51697
35 3.43335 1.95218
35 3.67344 2.39077
35 3.92568 2.82227
35 4.18919 3.2472
35 4.45269 3.67212
35 4.70669 4.10277
35 4.95843 4.53477

36 0 0
36 0.992434 -0.0675585
36 1.98362 -0.164685
36 2.97855 -0.242907
36 3.97567 -0.296655
36 4.97444 -0.343935
36 5.97315 -0.391709
36 6.47285 -0.408965
36 7.4638 -0.520165
36 8.45475 -0.631366
36 8.93775 -0.741316
36 9.41189 -0.900031
36 9.85974 -1.11074
36 10.2685 -1.39862
36 10.6773 -1.68651
36 11.1004 -1.95213
36 11.5329 -2.20307
36 11.9653 -2.45402
36 12.4321 -2.59635
36 12.9303 -2.63906
36 13.4284 -2.68178

37 0 0
37 0.99043 0.0871504
37 1.98554 0.120285
37 2.97943 0.208949
37 3.47764 0.251185
37 4.45198 0.463816
37 5.3889 0.789313
37 6.27359 1.25456
37 6.71976 1.47999
37 7.57224 1.99847
37 8.36716 2.5905
37 8.67373 2.98549
37 9.2662 3.77439
37 9.77578 4.63023
37 9.91492 5.09633
37 10.1335 6.0648
37 10.5878 7.45449

38 0 0
38 0.998523 -0.0467231
38 2.40114 0.140743
38 2.85343 0.353895
38 4.71599 0.977959
38 5.16828 1.19111
38 5.6115 1.41775
38 5.97944 1.7563
38 6.37862 2.00114
38 6.8761 1.95101

39 0 0.75
39 0.499259 0.777202
39 0.998519 0.804405
39 1.47061 0.778263
39 1.74215 0.358427
39 2.0137 -0.0614098
39 2.1994 -0.522888
39 2.36101 -0.996048
39 2.56487 -1.45026
39 2.81088 -1.88555
39 3.09523 -2.29303
39 3.43266 -2.66199
39 3.84871 -2.91451
39 4.31708 -3.08954
39 4.78176 -3.01684
39 5.24471 -2.82795
39 5.70766 -2.63907
39 6.17061 -2.45019
39 6.63383 -2.26201
39 7.10544 -2.09592
39 7.57704 -1.92983

40 0 0
40 0.990761 -0.020661
40 1.46992 -0.0777261
40 2.41926 0.0863485
40 2.89782 0.211749
40 3.25009 0.56659
40 4.70008 1.86048

41 0 0.75
41 0.460152 0.945601
41 0.920305 1.1412
41 1.38046 1.3368
41 1.81457 1.24209
41 2.23257 0.967729
41 2.604 0.63772
41 2.94766 0.274545
41 3.28474 -0.0933812
41 3.52135 -0.533855
41 3.75796 -0.974329
41 3.9972 -1.41337
41 4.2379 -1.85162
41 4.4786 -2.28987
41 4.77838 -2.6853
41 5.11992 -3.05048
41 5.46147 -3.41565
41 5.80301 -3.78082
41 6.14455 -4.14599
41 6.48609 -4.51116
41 6.82763 -4.87633
41 7.30116 -4.83515
41 7.79209 -4.74037
41 8.28303 -4.6456
41 8.77397 -4.55083
41 9.2649 -4.45605
41 9.75584 -4.36128
41 10.2468 -4.26651

42 0 0
42 0.988932 0.12082
42 1.98159 0.18085
42 2.97551 0.193888
42 3.47415 0.157035
42 4.46501 0.223071
42 5.44559 0.358052
42 5.90304 0.530944
42 6.78073 1.01013
42 7.62314 1.54526
42 8.02378 1.84399
42 8.71728 2.55569
42 9.35883 3.31794
42 9.96603 4.10906
42 10.4235 4.96407
42 10.5676 5.44169
42 10.8927 6.33955

43 0 0
43 0.483122 -0.128815
43 0.966244 -0.25763

44 0 0
44 0.495778 0.0648413
44 1.48335 0.219883
44 2.46309 0.418756

45 0 0
45 0.991821 -0.126437
45 2.37879 0.132194
45 3.28048 0.54384
45 3.74875 0.719134
45 4.69234 0.778216
45 5.19234 0.777726
45 5.68311 0.700437
45 6.61972 0.368763
45 7.43242 -0.184463
45 8.19502 -0.798667
45 8.55656 -1.14406
45 8.83023 -1.56013
45 9.74214 -2.74611
45 11.295 -3.81712
45 11.7282 -4.06691

46 0 0
46 0.998208 -0.049002
46 2.42482 -0.211891
46 2.9192 -0.286632
46 3.90511 -0.310524
46 4.36225 -0.10799
46 5.28773 0.261189
46 7.05241 0.438503

47 0 0
47 0.996997 0.0344908
47 1.98758 0.0549537
47 2.98531 -0.00708669
47 3.98321 -0.0628245
47 4.98269 -0.0898576
47 5.98235 -0.115243
47 6.97619 -0.190953
47 8.85407 -0.765652
47 9.34106 -0.878998
47 10.2412 -1.29901
47 11.1252 -1.75905
47 12.0136 -2.20557
47 12.5123 -2.24176
47 13.0108 -2.26861
47 13.9917 -2.1337
47 14.9755 -1.96351
47 15.8765 -1.61288
47 16.2863 -1.32635
47 17.4115 -0.484272
47 18.1175 0.0353204
47 18.4943 0.363911
47 18.8712 0.692501
47 19.9267 2.18295

48 0 0
48 0.405803 -0.292102

49 0 0
49 0.999209 -0.0316829
49 1.99759 -0.0289576
49 3.42481 -0.299973
49 4.34114 -0.698279
49 5.63305 -1.446
49 6.45643 -2.01337
49 7.16486 -2.71135
49 7.8324 -3.45588
49 8.73598 -4.64887
49 9.30097 -5.47387
49 9.88332 -6.28639
49 10.4813 -7.08769
49 11.0796 -7.88873
49 11.3794 -8.28892
49 11.9971 -9.07475
49 12.6611 -9.81801
49 13.4528 -10.4107
49 14.4018 -11.3775
49 14.7838 -11.7001
49 15.1635 -12.0243
49 15.3009 -12.505

50 0 0
50 0.988461 0.0910673
50 1.98282 0.139814
50 2.98016 0.194649
50 3.97654 0.266183
50 4.47069 0.342408
50 5.4341 0.568023
50 6.32623 1.01615
50 7.21505 1.47426
50 8.11163 1.91599
50 9.02873 2.31447
50 9.94582 2.71296
50 10.8503 3.1391
50 11.7544 3.5659
50 12.6371 4.03023
50 13.4814 4.56151

51 0 0
51 0.997393 0.0684853
51 1.97026 0.170243
51 2.46854 0.167805
51 3.40549 0.422187
51 3.88101 0.572078
51 4.64646 1.21552
51 5.01741 1.54588
51 5.52503 2.40475
51 6.02642 3.26206
51 6.43086 4.14934

52 0 0
52 0.981919 0.137847
52 1.96312 0.2919
52 2.45577 0.37383
52 3.43941 0.546319
52 4.42467 0.711363
52 5.41057 0.873575
52 6.35899 1.14598
52 6.85223 1.22793
52 7.71796 1.67598
52 8.49944 2.28633
52 8.82604 2.66056
52 9.06565 3.09941
52 9.44307 3.9893
52 9.66727 4.91818
52 9.52364 5.39711
52 9.33373 6.37453
52 9.21937 6.86127
52 9.10501 7.34802

53 0 0
53 0.994333 -0.0698637
53 1.48869 -0.144765
53 2.28021 0.340565
53 2.62129 0.70584
53 3.35284 1.38738
53 4.0844 2.06892
53 4.45357 2.40608
53 4.81747 2.74897
53 5.18502 3.08779
53 5.56668 3.41079
53 5.94835 3.73379
53 6.31139 4.07531
53 6.63199 4.45899
53 6.9526 4.84267
53 7.29717 5.20425
53 7.6537 5.5548

54 1.34974 -0.32487

55 0 0
55 0.997336 -0.0124251
55 1.98961 -0.0112912
55 2.48201 0.0408223
55 3.4587 0.250398
55 4.36886 0.660763
55 5.27002 1.09206
55 5.71998 1.31008
55 6.57855 1.81607
55 7.29985 2.49441
55 7.61937 2.87878
55 8.16335 3.71382
55 8.64774 4.58286
55 8.85738 5.03679
55 9.0848 5.9956
55 9.16558 6.47942
55 9.35811 6.94086
55 9.62697 7.34914
55 9.99313 7.68961
55 10.3593 8.03009
55 10.7255 8.37057
55 11.0916 8.71105
55 11.4578 9.05153
55 11.8239 9.39201
55 12.1901 9.73248

56 0 0.75
56 0 0.25
56 0.749274 -0.0317047
56 1.24839 -0.0614655
56 2.18879 0.0711025
56 3.16878 0.240139
56 3.66761 0.274264
56 4.64449 0.458438
56 5.61204 0.668755
56 7.47244 0.703151
56 7.86962 0.399428
56 8.2668 0.095705

57 0 0.75
57 0.48555 0.630663
57 0.9711 0.511326
57 1.45665 0.391989
57 1.79711 0.0748277
57 2.05684 -0.352422
57 2.3481 -0.755806
57 2.68871 -1.12185
57 3.04428 -1.4708
57 3.45227 -1.75983
57 3.90219 -1.87312
57 4.39672 -1.79938
57 4.89126 -1.72565
57 5.38579 -1.65191
57 5.75266 -1.38369
57 6.017 -0.95928
57 6.28134 -0.53487
57 6.73732 -0.370881
57 7.22114 -0.244725

58 0 0
58 0.431996 -0.251753

59 0 0.75
59 0.480414 0.888571
59 0.960829 1.02714
59 1.44124 1.16571
59 1.77001 1.50225
59 2.18831 1.77615
59 2.60662 2.05005
59 3.02492 2.32395
59 3.44323 2.59785
59 3.84587 2.79534
59 4.10411 2.36844
59 4.44575 2.01676
59 4.81536 1.6952
59 4.71447 1.20549
59 4.61358 0.715771
59 4.51268 0.226056
59 4.41179 -0.263659
59 4.3109 -0.753374
59 4.21001 -1.24309
59 4.10911 -1.7328

60 0.554383 -0.332257
60 1.05308 -0.296195
60 1.51343 -0.410948
60 1.94663 -0.647438
60 3.29489 -0.0374613
60 4.23687 0.295316
60 4.68031 0.526299
60 5.11382 0.7732
60 5.90461 1.37312
60 6.6244 2.06121
60 6.92386 2.4604
60 7.38863 3.33446
60 7.59455 3.78744
60 7.92442 4.73135
60 7.94201 5.22849
60 7.94201 5.72849

61 0 0
61 0.989945 0.025792
61 2.45521 0.208315
61 3.84428 0.747885
61 4.73919 1.19413
61 5.14819 1.4733
61 5.51848 1.80929
61 5.84421 2.18812
61 6.10806 2.59869
61 6.36853 2.94683
61 6.84075 3.11116
61 7.31298 3.27549

62 0 0
62 0.998875 0.00250184
62 2.4464 -0.259408

63 0 0
63 0.499794 -0.0143552
63 1.47391 0.117434
63 3.39941 0.0935976
63 5.07562 -0.875585
63 5.95385 -2.08167
63 6.45423 -2.93837
63 6.87443 -3.84527
63 7.13711 -4.26985
63 7.70812 -4.99398
63 8.02564 -5.36389
63 8.47318 -5.58685
63 8.91762 -5.81574
63 9.85685 -6.05889

64 0 0
64 0.994662 -0.0957516
64 1.98521 -0.144723
64 2.46548 -0.18024
64 3.40225 0.147403
64 4.32193 0.539249
64 6.10016 1.19175
64 6.5592 1.38924
64 7.01033 1.60483

65 0 0
65 0.99767 0.0219287
65 1.99065 0.0442252
65 2.98848 0.00675786
65 3.98848 0.0099786
65 4.98841 0.00671157
65 5.48831 -0.00341804
65 6.4521 -0.206154
65 7.38801 -0.558293
65 8.32393 -0.910431
65 10.0166 -1.21405
65 10.4806 -1.40031
65 10.9455 -1.56461

66 0 0
66 0.422712 -0.267048

67 0 0
67 0.994681 0.101422
67 1.98142 0.11118
67 2.45663 -0.0443007
67 3.40765 -0.344568
67 4.31248 -0.770075
67 5.20207 -1.22034
67 5.61504 -1.5016
67 6.41458 -2.10114
67 7.20334 -2.71249
67 7.87351 -3.45453
67 8.54367 -4.19656
67 9.23661 -4.91687
67 9.94136 -5.62624
67 10.6515 -6.33004
67 11.3991 -6.99211
67 12.6086 -7.85211

68 0.458365 -0.199755
68 0.957975 -0.180029
68 1.92589 -0.153646
68 2.42315 -0.203139
68 3.37164 0.113595
68 4.31968 0.431676
68 5.26729 0.750981
68 6.21831 1.0589
68 7.16939 1.36667
68 8.08504 1.75295
68 8.99906 2.14279
68 9.90327 2.56165
68 10.7907 3.0177
68 11.662 3.50845
68 12.519 4.02121
68 12.9183 4.32208
68 13.3177 4.62296
68 13.7353 5.44504
68 13.8226 5.93431
68 13.8226 6.43431

69 0 0
69 0.403018 -0.295933

70 0.540742 0.446847
70 0.155312 0.128344

71 0 0
71 0.495816 0.0645512
71 1.46833 0.27257
71 2.42151 0.551666
71 3.36529 0.877247
71 4.2928 1.25033
71 5.22651 1.60687
71 6.17458 1.92491
71 7.12264 2.24296
71 7.59507 2.40666
71 8.06682 2.57236
71 8.53857 2.73806
71 8.95785 3.00525
71 9.36587 3.29425
71 9.77389 3.58325
71 10.2664 3.57381
71 10.7654 3.54161
71 11.2643 3.50941
71 11.7633 3.4772
71 12.2623 3.445

72 0 0.75
72 0.499993 0.747382
72 0.99805 0.764497
72 1.488 0.86425
72 1.97882 0.845109
72 2.47019 0.752591
72 2.94339 0.616035
72 3.35713 0.335281
72 3.77087 0.0545282
72 4.1862 -0.22385
72 4.60187 -0.501735
72 5.04138 -0.733935
72 5.50704 -0.916054

73 0 0
73 0.997585 -0.0516381
73 1.98286 0.00751836
73 2.4744 0.0990897
73 3.43738 0.356869
73 4.32566 0.79514
73 4.74838 1.06115
73 5.4978 1.71922
73 6.2061 2.4169
73 6.5215 2.80487
73 7.02781 3.66008
73 7.2456 4.10609
73 7.54991 4.50282
73 7.81511 4.91991
73 7.96557 5.39674
73 8.12181 5.87123
73 8.34394 6.31918
73 8.56608 6.76713
73 8.9869 7.01464
73 9.43678 7.23283

74 0 0.75
74 0.499862 0.738263
74 0.995732 0.761551
74 1.48013 0.885481
74 1.9659 0.980214
74 2.45979 0.902302
74 2.90823 0.758114
74 3.15877 0.325416
74 3.40932 -0.107282
74 3.65986 -0.53998
74 3.91041 -0.972678
74 4.16095 -1.40538
74 4.32593 -1.86106
74 4.32593 -2.36106
74 4.32593 -2.86106
74 4.58515 -3.27125
74 4.89447 -3.66409
74 5.18296 -4.06415
74 5.18296 -4.56415

75 0 0
75 0.993785 -0.108645
75 1.97549 -0.271121
75 2.44397 -0.445828
75 3.41965 -0.635154
75 4.39852 -0.81145
75 6.26344 -0.513227
75 6.99497 0.153595
75 7.40223 0.436979
75 7.66105 0.864781
75 7.91938 1.29277
75 8.02262 1.782
75 8.12586 2.27122
75 8.35986 2.69475
75 8.69075 3.0696
75 9.07564 3.35359
75 9.56305 3.46507

76 0 0
76 1.48427 0.153108
76 1.96456 0.237782
76 2.8866 0.523032
76 3.81281 0.751471
76 4.30182 0.855719
76 4.79083 0.959966
76 5.72866 0.839002
76 6.02062 0.433092
76 6.75661 -0.197524
76 7.06305 -0.592364
76 7.79172 -1.26152
76 8.4674 -1.98122
76 8.67468 -2.43565
76 9.13957 -3.31864
76 9.60549 -4.2014
76 10.0205 -5.11103
76 10.4355 -6.02067
76 10.6997 -6.41638
76 11.1755 -6.56997
76 11.6074 -6.74667
76 11.4638 -7.22563
76 11.5552 -7.70675
76 11.6899 -8.18827

77 0 0
77 0.989995 0.124741
77 2.41063 -0.126371
77 2.90139 -0.21232
77 3.89072 -0.358013
77 4.87924 -0.497297
77 5.87064 -0.548286
77 6.86347 -0.587674
77 7.3621 -0.624582
77 8.30481 -0.339375
77 9.23164 0.0357917
77 9.67108 0.273587
77 10.514 0.790154
77 10.9017 1.10586
77 11.617 1.8019
77 11.9549 2.17045
77 12.4248 3.03797
77 12.8058 3.96248
77 13.0015 4.42261

78 0 0
78 0.498375 -0.0402772
78 1.42415 -0.0954512
78 3.21107 0.28695
78 3.61703 0.578824
78 3.96696 0.930157
78 4.28236 1.31814

79 0 0
79 0.999219 0.0211951
79 1.98692 0.0800652
79 2.48115 0.12442
79 2.94777 0.30405

80 0 0
80 0.49977 0.0151729
80 1.45578 0.267055
80 2.41623 0.520505
80 3.38099 0.756425
80 4.82325 0.833909
80 6.65796 0.202994
80 7.35153 -0.515987
80 8.03433 -1.2345
80 8.68905 -1.98693
80 9.36419 -2.71707
80 9.77044 -3.00591
80 10.1884 -3.28026
80 11.0925 -3.68673
80 11.5766 -3.81189
80 12.0607 -3.93704
80 13.2254 -2.33314
80 12.5448 -4.0622
80 13.0323 -4.17295
80 15.0737 -1.35655
80 13.5204 -4.28147
80 14.0085 -4.38999
80 14.4966 -4.49851
80 14.9846 -4.60703
80 15.7683 -4.33423

81 0 0
81 0.993545 -0.0987521
81 1.98041 -0.211961
81 2.44058 -0.0178261
81 3.40176 0.254409
81 4.36475 0.521963
81 6.23212 0.774247

82 0 0
82 0.999944 0.000435935
82 1.99464 -0.0111908
82 2.99433 -0.0096125
82 3.98901 -0.0677176
82 4.48882 -0.0812065
82 5.43298 -0.393546
82 6.37184 -0.729202
82 7.28461 -1.13001
82 7.74619 -1.32221
82 9.58407 -2.02656
82 10.5643 -1.98068
82 11.5438 -1.79369
82 13.4106 -1.1667
82 13.7963 -0.848559
82 14.3988 -0.112817
82 14.7676 0.222791
82 15.0994 0.596829
82 15.53 0.677848
82 16.4772 1.70308
82 16.9269 1.92167
82 17.3766 2.14026
82 17.8172 2.37653
82 18.2567 2.61494
82 18.6811 2.8776

83 0 0
83 0.994909 -0.0904459
83 1.48846 -0.144776
83 2.39676 0.17576
83 2.84077 0.404565
83 3.65791 0.973399
83 4.48827 1.52933
83 5.7568 2.31146
83 6.67772 2.68957
83 7.61091 3.04614
83 8.53838 3.41913
83 9.46914 3.7843
83 10.4321 4.03811
83 11.905 4.23348
83 12.9009 4.15535
83 14.3843 3.96643
83 15.3521 3.7151
83 16.6996 3.13484
83 17.4958 2.53371
83 17.92 2.27216
83 18.3994 2.13009
83 18.8787 1.98803

84 0 0
84 0.990656 0.131278
84 2.45404 0.00860632
84 3.39742 -0.313362
84 4.33511 -0.659812
84 5.18122 -1.19042
84 6.44123 -2.00038
84 7.1829 -2.67062
84 7.92353 -3.3422
84 8.68204 -3.99325
84 9.45341 -4.62964
84 10.2251 -5.26565
84 11.0164 -5.87565
84 11.8287 -6.45191

85 0.565802 -0.310009
85 1.06141 -0.243859
85 1.5591 -0.230807
85 2.5057 -0.0346344
85 3.44531 0.307432
85 4.3849 0.649637
85 5.32276 0.996345
85 6.26225 1.33789
85 7.20318 1.67546
85 8.14985 1.99736
85 9.06588 2.37766
85 9.52121 2.58235
85 10.3677 3.1101
85 11.2081 3.64926
85 12.0126 4.23516
85 12.768 4.88483
85 13.0818 5.27178
85 13.3662 5.68301
85 13.7714 6.55152
85 13.713 7.04809
85 13.6649 8.02972
85 13.5701 8.52065
85 13.3063 9.48214
85 13.2051 9.97093
85 12.9845 10.4196

86 0 0
86 0.996645 -0.0748716
86 1.97935 -0.1321
86 2.44991 -0.0340719
86 2.89302 0.197555
86 3.27199 0.509072
86 3.86894 1.29304
86 4.11097 1.72348
86 4.29638 2.18783
86 4.45731 2.66086
86 4.60564 3.13835

87 0 0
87 0.982839 0.154029
87 1.9657 0.307606
87 2.95756 0.289775
87 3.45574 0.275806
87 4.43432 0.428809
87 5.37676 0.671056
87 5.78705 0.956832
87 6.19733 1.24261
87 6.84687 1.99547
87 7.38388 2.83389
87 7.61839 3.26112
87 7.72534 4.23263
87 7.72534 4.73263
87 7.68292 5.73158
87 7.655 6.2308

88 0 0
88 0.997335 0.0729452
88 1.97199 0.238862
88 2.43607 0.420053
88 3.40187 0.676863
88 4.36287 0.951939
88 5.33586 1.18178
88 6.30996 1.40743
88 7.28123 1.64365
88 8.24628 1.9034
88 9.21134 2.16316
88 9.70887 2.20347
88 10.208 2.23251
88 10.7072 2.26154
88 11.2063 2.29058
88 11.7055 2.31961
88 12.2047 2.34865
88 12.7038 2.37768
88 13.1993 2.37121
88 13.682 2.2408
88 14.1647 2.11039

89 0.492872 0.0841266
89 0.992799 0.0926852
89 1.97483 0.149853
89 2.35623 0.369729
89 3.341 0.21588
89 4.27686 -0.0941841
89 5.1844 -0.494321
89 6.08399 -0.925414
89 6.9891 -1.34672
89 7.43283 -1.57538
89 8.37727 -1.90077
89 9.80298 -2.32213
89 11.782 -2.38767
89 12.276 -2.31075

90 0 0
90 0.423413 -0.265935

91 0 0.75
91 0.479296 0.892391
91 0.958592 1.03478
91 1.36353 0.919475
91 1.70012 0.552698
91 2.15257 0.33988
91 2.60501 0.127061
91 2.95387 -0.224434
91 3.26365 -0.612227
91 3.45544 -1.07342
91 3.46489 -1.57333
91 3.47433 -2.07324
91 3.53109 -2.56903
91 3.60823 -3.06304

92 1.03939 -0.371535
92 1.89677 -0.0739356
92 2.39612 -0.0994392
92 3.88486 -0.203692
92 5.08546 0.447382
92 5.32776 0.884253
92 5.52789 1.34245
92 5.73643 1.7795
92 6.19637 1.58341
92 6.65632 1.38732
92 7.05456 1.3829
92 7.31371 1.8105
92 7.4173 2.2687
92 7.33946 2.7626
92 7.26162 3.25651
92 7.29099 3.70481
92 7.70077 3.99131
92 8.14852 4.2023
92 8.6242 4.35218
92 9.1242 4.35355
92 9.6242 4.35492
92 10.1242 4.35629

93 0 0.75
93 0.466274 0.930524
93 0.932547 1.11105
93 1.39882 1.29157
93 1.79165 0.996858
93 2.257 0.83706
93 2.74284 0.718896
93 3.17915 0.527033
93 3.47214 0.121864
93 3.76512 -0.283304
93 4.003 -0.721425
93 4.2213 -1.17125
93 4.43925 -1.62125
93 4.65584 -2.0719
93 4.87243 -2.52256

94 0 0
94 0.997311 -0.000638119
94 1.99566 -0.00394728
94 2.99547 -0.0178208
94 3.9868 0.0316292
94 4.48575 -0.000742774
94 5.47643 0.0933973
94 6.4296 0.320708
94 6.87967 0.538499
94 7.75268 1.02176
94 8.55551 1.60628
94 8.94185 1.92361
94 9.62806 2.64326
94 9.92182 3.0328
94 10.4447 3.86281
94 10.8354 4.17485
94 11.0826 5.03003
94 10.9941 5.95785
94 11.0768 6.88897
94 11.3564 7.8458
94 11.458 8.33537
94 11.5595 8.82495
94 11.6611 9.31452

95 0 0
95 0.480138 0.139525
95 2.36503 0.0815057
95 2.84517 0.221031
95 3.66001 0.800712
95 4.03744 1.11773
95 4.39765 1.4645
95 4.74019 1.8284
95 5.12252 2.03191
95 5.60168 1.88905
95 6.08084 1.7462
95 6.5063 1.70806
95 6.66991 2.18053
95 6.82848 2.65462
95 6.96896 3.13448
95 7.10944 3.61434

96 0 0
96 0.995647 0.0899105
96 1.98203 0.1999
96 3.34006 0.681463

97 0 0
97 0.962384 0.196959
97 2.39042 0.608033
97 3.34007 0.90882
97 4.29186 1.20159
97 4.77075 1.32503
97 5.74489 1.33823
97 6.24186 1.31986
97 6.73762 1.25851
97 7.61916 0.794502
97 8.48055 0.325379
97 9.26482 -0.226594
97 10.0537 -0.774853

98 0.491111 0.0938605
98 0.964791 0.253945
98 1.43847 0.41403
98 2.35766 0.376116
98 2.7725 0.0970041
98 3.59928 -0.459583
98 4.91052 -1.15971
98 6.32215 -1.51861
98 7.23351 -1.45981
98 7.40041 -0.988487
98 12.3958 -0.810695
98 7.56731 -0.517165
98 8.23412 -0.0360156
98 8.40102 0.435306
98 8.56792 0.906627
98 9.23444 1.39372
98 9.9865 1.83976
98 10.3853 2.14137
98 11.2828 2.47861
98 12.1809 2.80516
98 13.0759 3.12706
98 13.2912 3.57832
98 13.5066 4.02958
98 14.436 4.25489

99 0 0
99 0.995604 0.0750805
99 2.45773 0.343285
99 3.41327 0.631688
99 4.36451 0.938637
99 4.83353 1.11179
99 5.30783 1.27003

100 0 0
100 0.998906 -0.0437719
100 1.99769 -0.0598918
100 2.9962 -0.0178774
100 3.99579 -0.00416537
100 4.99482 -0.030602
100 5.99455 -0.0377251
100 6.99437 -0.0294339
100 7.9943 -0.0278
100 8.99414 -0.03405
100 9.99392 -0.0415373
100 10.9937 -0.0536673
100 11.9936 -0.0600905
100 12.9936 -0.0595461
100 13.9862 -0.102647
100 14.4862 -0.104127
100 15.4163 -0.440816
100 16.3318 -0.837666
100 17.2625 -1.19962
100 18.2038 -1.53732
100 19.145 -1.87503

101 0 0
101 0.999102 0.0130144
101 1.9982 0.0260289
101 2.99772 0.0283243
101 3.99718 0.00960582
101 4.99686 -0.0014426
101 5.9963 0.0151176
101 6.996 0.0229462
101 7.99593 0.022911
101 8.99582 0.024518
101 9.99573 0.0246479
101 10.9956 0.0312981
101 11.9955 0.0454076
101 12.9884 0.00937103
101 14.4328 -0.329881
101 15.3792 -0.651208
101 16.3255 -0.972535
101 16.7932 -1.14929
101 17.2682 -1.29189
101 17.7674 -1.32062

102 0 0
102 0.999181 0.0104272
102 1.99836 0.0208543
102 2.99795 0.0244838
102 3.99748 0.00828634
102 4.99718 -0.00150964
102 5.99651 0.0173771
102 6.99611 0.0255015
102 7.99605 0.0222297
102 8.99593 0.023979
102 9.99586 0.0221858
102 10.9958 0.0247493
102 11.9956 0.0378791
102 12.988 0.00108232
102 14.4267 -0.355874
102 15.3676 -0.693463
102 15.8335 -0.875072
102 16.2993 -1.05668
102 16.7816 -1.167
102 17.28 -1.20715

103 0 0
103 0.999162 0.0116545
103 1.99832 0.023309
103 2.99788 0.0259986
103 3.99741 0.00882021
103 4.99711 -0.00219276
103 5.99615 0.0198638
103 6.99557 0.0268845
103 7.9955 0.019235
103 8.99541 0.0222667
103 9.99535 0.0220546
103 10.9953 0.02694
103 11.9952 0.038542
103 12.9881 0.000544286
103 14.4286 -0.365537
103 15.3749 -0.687479
103 15.8432 -0.862557
103 16.3116 -1.03763
103 16.7872 -1.17892
103 17.2861 -1.212

104 0 0
104 0.999152 0.0128821
104 1.9983 0.0257643
104 2.99721 0.0458702
104 3.99647 0.0260931
104 4.99613 0.00459094
104 5.9955 0.0195981
104 6.99515 0.0241378
104 7.9951 0.0192312
104 8.99501 0.0222628
104 9.99495 0.0216116
104 10.9948 0.0279243
104 11.9946 0.0429451
104 12.9831 -0.0170363
104 14.4242 -0.380369
104 15.3711 -0.700702
104 15.84 -0.874171
104 16.309 -1.04764
104 16.7849 -1.18839
104 17.2838 -1.22202

105 0 0
105 0.99923 0.00920054
105 1.99846 0.0184011
105 2.99712 0.0470109
105 3.99628 0.0313054
105 4.99594 0.00944196
105 5.99523 0.0273272
105 6.99477 0.032467
105 7.99468 0.0229842
105 8.99459 0.0248948
105 9.99452 0.0249689
105 10.9945 0.0307406
105 11.9944 0.0393008
105 12.9873 0.000860483
105 14.4233 -0.363131
105 15.3618 -0.708318
105 15.8295 -0.885076
105 16.2972 -1.06183
105 16.7722 -1.2042
105 17.2714 -1.23293

106 0 0
106 0.999208 0.0117904
106 1.99842 0.0235807
106 2.99732 0.0487293
106 3.99653 0.0302744
106 4.99615 0.00746388
106 5.99553 0.0228724
106 6.99518 0.0261999
106 7.99505 0.02115
106 8.99471 0.03236
106 9.99454 0.0316791
106 10.9945 0.0313149
106 11.9944 0.0369038
106 12.9868 -0.00197512
106 13.4527 -0.183584
106 13.9185 -0.365192
106 14.3844 -0.546801
106 14.8502 -0.72841
106 15.3325 -0.838715
106 15.8309 -0.878865

107 0 0
107 0.999162 0.0116545
107 1.99832 0.023309
107 2.99677 0.0502687
107 3.99576 0.0308516
107 4.9953 0.00219851
107 5.99457 0.016698
107 6.99416 0.0203342
107 7.9941 0.0142286
107 8.99402 0.0169751
107 9.494 0.0122328
107 9.99394 0.0148615
107 10.4939 0.0240177
107 10.9863 -0.00841302
107 11.4522 -0.190022
107 11.9181 -0.37163
107 12.3839 -0.553239
107 12.8498 -0.734848
107 13.332 -0.845146
107 13.8304 -0.885295

108 0 0
108 0.99918 0.0123363
108 1.99836 0.0246727
108 2.99701 0.0493611
108 3.99614 0.0332024
108 4.99582 0.012889
108 5.49579 0.00743023
108 5.99576 0.00197145
108 6.49574 -0.00302634
108 6.99572 -0.00722065
108 7.4957 -0.011415
108 7.99567 -0.00984442
108 8.49563 -0.00316782
108 8.98855 -0.0365059
108 9.45626 -0.213264
108 9.92398 -0.390023
108 10.3917 -0.566781
108 10.8594 -0.743539
108 11.3343 -0.887136
108 11.8332 -0.920763

109 0 0
109 0.999197 0.00988075
109 1.99839 0.0197615
109 2.99798 0.0226047
109 3.99763 0.00873154
109 4.9974 1.19127e-05
109 5.99657 0.0210207
109 6.99612 0.0274387
109 7.99606 0.0224397
109 8.99595 0.0247811
109 9.99588 0.023582
109 10.9958 0.0289118
109 11.9957 0.0397123
109 12.9885 0.00202798
109 14.4291 -0.350017
109 15.3719 -0.682757
109 15.8396 -0.859515
109 16.3073 -1.03627
109 16.7822 -1.17982
109 17.2811 -1.21345

110 0 0
110 0.999216 0.0105625
110 1.99843 0.021125
110 2.99805 0.0250756
110 3.99779 0.0134257
110 4.9976 0.00480285
110 5.99701 0.0189952
110 6.99674 0.0233301
110 7.99663 0.0230135
110 8.99653 0.024924
110 9.99646 0.0235843
110 10.9964 0.0289168
110 11.9963 0.0397078
110 12.9891 0.0019907
110 14.4296 -0.350203
110 15.3724 -0.682943
110 15.8401 -0.859701
110 16.3078 -1.03646
110 16.7828 -1.17998
110 17.2817 -1.21361

111 0 0
111 0.99916 0.00865186
111 1.99832 0.0173037
111 2.9972 0.0384764
111 3.99677 0.0223959
111 4.99657 0.00584191
111 5.99628 0.0131412
111 6.9961 0.0169348
111 7.99598 0.0201976
111 8.99584 0.0268242
111 9.99578 0.0283651
111 10.9957 0.0333307
111 11.9957 0.0416558
111 12.9885 0.00195279
111 14.4159 -0.385908
111 15.3465 -0.75166
111 15.8142 -0.928418
111 16.2819 -1.10518
111 16.7569 -1.24866
111 17.2558 -1.28229

112 0 0
112 0.999359 0.0203591
112 1.99872 0.0407182
112 2.99837 0.0424764
112 3.99789 0.0177314
112 4.99759 -0.000564005
112 5.99678 0.0197674
112 6.99629 0.0225653
112 7.99612 0.0153841
112 8.99588 0.0230936
112 9.99577 0.0235856
112 10.9957 0.0289086
112 11.9956 0.0403676
112 12.9885 0.00640538
112 14.4282 -0.344964
112 15.3702 -0.680084
112 15.8379 -0.856842
112 16.3056 -1.0336
112 16.7805 -1.17721
112 17.2794 -1.21084

113 0 0
113 0.999275 0.0128771
113 1.99855 0.0257542
113 2.99819 0.0290558
113 3.99774 0.0109067
113 4.99746 -0.00124618
113 5.99651 0.0220672
113 6.9959 0.0244988
113 7.99572 0.0148649
113 8.99559 0.0212012
113 9.99554 0.021574
113 10.9955 0.0281761
113 11.9953 0.0400827
113 12.9839 -0.0195525
113 14.425 -0.380654
113 15.3719 -0.700987
113 15.8409 -0.874456
113 16.3098 -1.04792
113 16.7858 -1.18852
113 17.2847 -1.22215

114 0 0
114 0.999223 0.014526
114 1.99845 0.0290521
114 2.99804 0.031048
114 3.99764 0.0126623
114 4.99739 -0.000461969
114 5.99639 0.0213285
114 6.99559 0.0168262
114 7.99509 0.00431795
114 8.99469 0.0161424
114 9.99452 0.0151041
114 10.9944 0.0166466
114 11.9943 0.0289118
114 12.9871 -0.00154794
114 14.4145 -0.385379
114 15.3452 -0.751131
114 15.8129 -0.927889
114 16.2806 -1.10465
114 16.7555 -1.24834
114 17.2544 -1.28197

115 0 0
115 0.999272 0.0127525
115 1.99854 0.025505
115 2.99821 0.0304193
115 3.99778 0.0131277
115 4.9975 0.000754352
115 5.99654 0.0233072
115 6.99592 0.0249804
115 7.99574 0.0148647
115 8.99561 0.021201
115 9.99554 0.0239443
115 10.9955 0.0313364
115 11.9954 0.0406433
115 12.9881 -0.00459121
115 14.4233 -0.389663
115 15.3653 -0.724783
115 15.833 -0.901541
115 16.3007 -1.0783
115 16.7757 -1.2207
115 17.2749 -1.24942

116 0 0
116 0.999331 0.020905
116 1.99866 0.0418101
116 2.99833 0.0454389
116 3.99782 0.0206116
116 4.99749 0.00143673
116 5.99667 0.0211148
116 6.99616 0.0203532
116 7.99593 0.0128507
116 8.99564 0.0250671
116 9.99553 0.0279272
116 10.9955 0.0322371
116 11.9954 0.0403363
116 12.9884 0.00545586
116 14.4221 -0.361886
116 15.3586 -0.712603
116 15.8263 -0.889361
116 16.294 -1.06612
116 16.769 -1.20859
116 17.2682 -1.23731

117 0 0
117 0.99886 0.00125574
117 1.99772 0.00251148
117 2.99715 0.00989908
117 3.99653 0.00232569
117 4.99608 -0.000422642
117 5.99511 0.0232215
117 6.99449 0.0250176
117 7.99427 0.0152436
117 8.99404 0.0227106
117 9.99395 0.0227155
117 10.9938 0.0309173
117 11.9936 0.0463785
117 12.9821 -0.0160517
117 14.4119 -0.413552
117 15.3498 -0.76049
117 15.8188 -0.933959
117 16.2877 -1.10743
117 16.7638 -1.24695
117 17.2629 -1.27567

118 0 0
118 0.999357 0.0210411
118 1.99871 0.0420822
118 2.99839 0.0454915
118 3.99794 0.0221271
118 4.99765 0.00417482
118 5.99706 0.0196595
118 6.99673 0.0178323
118 7.99659 0.0116623
118 8.9964 0.020605
118 9.99633 0.0215793
118 10.9963 0.0258594
118 11.9962 0.0322491
118 12.9891 -0.00813434
118 14.4298 -0.372611
118 15.3761 -0.693972
118 15.8439 -0.87073
118 16.3116 -1.04749
118 16.7865 -1.19176
118 17.2851 -1.22845
118 17.7838 -1.26514

119 0 0
119 0.998901 0.00302868
119 1.9978 0.00605736
119 2.99723 0.0112951
119 3.99669 0.00266357
119 4.9963 -0.000606375
119 5.99532 0.0232976
119 6.9947 0.025012
119 7.99451 0.0141032
119 8.99436 0.0184164
119 9.99427 0.0187662
119 10.9942 0.0260189
119 11.9941 0.0384018
119 12.9867 0.00478107
119 14.4301 -0.333315
119 15.3752 -0.657756
119 16.3204 -0.982197
119 16.7869 -1.16207
119 17.2696 -1.27248
119 17.7676 -1.31643

120 0 0
120 0.866128 0.336504
120 1.23227 0.677002

121 0 0
121 0.986248 0.101259
121 1.97268 0.17612
121 2.96063 0.064523
121 3.95594 0.0132883
121 4.95555 0.000378175
121 5.95458 0.0218774
121 6.45452 0.0143535
121 6.95447 0.0075127
121 7.45444 0.00241638
121 7.95442 -0.00267994
121 8.4544 -0.00499644
121 8.95439 -0.00206889
121 9.45438 0.000858663
121 9.92238 -0.173708
121 10.3899 -0.351023
121 10.8574 -0.528338
121 11.3249 -0.705652
121 11.7974 -0.85881
121 12.2969 -0.882076
