
1 0 -1.5
1 0.749218 -0.837676
1 1.49844 -0.175353

2 0 -1.5
2 0.997956 -1.43609
2 1.99591 -1.37219
2 2.99447 -1.32793
2 3.9943 -1.34211
2 4.99409 -1.35705
2 5.99409 -1.35463
2 6.99408 -1.35221
2 7.99407 -1.35323
2 8.99405 -1.36027
2 9.99402 -1.36731
2 10.9936 -1.35038
2 11.9929 -1.31215
2 12.9619 -1.46679
2 12.9619 -1.46679
2 13.9013 -1.80949
2 14.8408 -2.1522
2 15.7802 -2.49491
2 16.7196 -2.83762
2 18.6884 -3.08432

3 0 -1.5
3 0.997868 -1.43474
3 1.99574 -1.36947
3 2.99425 -1.32447
3 3.99414 -1.3354
3 4.99402 -1.34778
3 5.99402 -1.34888
3 6.99402 -1.34998
3 7.994 -1.35478
3 8.99393 -1.36607
3 9.99387 -1.37735
3 10.9934 -1.36363
3 11.9922 -1.31655
3 12.9617 -1.46481
3 12.9617 -1.46481
3 13.9024 -1.80418
3 14.843 -2.14355
3 15.7837 -2.48292
3 16.7243 -2.82229
3 18.6941 -3.06414

4 0 -1.5
4 0.997973 -1.43636
4 1.99595 -1.37272
4 2.99449 -1.32961
4 3.99444 -1.33976
4 4.99439 -1.34778
4 5.99439 -1.34888
4 6.99439 -1.34998
4 7.99438 -1.35335
4 8.99435 -1.36069
4 9.99432 -1.36803
4 10.9941 -1.35766
4 11.9935 -1.3237
4 12.9636 -1.47777
4 12.9636 -1.47777
4 13.9051 -1.81471
4 14.8466 -2.15164
4 15.7881 -2.48857
4 16.7297 -2.82551
4 18.7009 -3.0517

5 0 -1.5
5 0.997885 -1.435
5 1.99577 -1.37001
5 2.99426 -1.32755
5 3.99419 -1.33975
5 4.99414 -1.34778
5 5.99414 -1.34888
5 6.99413 -1.34998
5 7.99413 -1.35323
5 8.9941 -1.36027
5 9.99408 -1.36731
5 10.9937 -1.35038
5 11.9929 -1.31215
5 12.9625 -1.46511
5 12.9625 -1.46511
5 13.9032 -1.80448
5 14.8438 -2.14385
5 15.7845 -2.48322
5 16.7251 -2.82259
5 18.6956 -3.05146

6 0 -1.5
6 0.997796 -1.43365
6 1.99559 -1.36729
6 2.99402 -1.32553
6 3.99388 -1.34199
6 4.99379 -1.35098
6 5.99378 -1.34769
6 6.99378 -1.3444
6 7.99375 -1.34594
6 8.9937 -1.35593
6 9.99365 -1.36592
6 10.9932 -1.3504
6 11.9925 -1.31216
6 12.9621 -1.46497
6 12.9621 -1.46497
6 13.9028 -1.80434
6 14.8434 -2.14371
6 15.7841 -2.48307
6 16.7247 -2.82244
6 16.7247 -2.82244

7 0 -1.5
7 0.997796 -1.43365
7 1.99559 -1.36729
7 2.99405 -1.32249
7 3.99394 -1.33531
7 4.99381 -1.34778
7 5.99381 -1.34888
7 6.99381 -1.34998
7 7.9938 -1.35323
7 8.99378 -1.36027
7 9.99375 -1.36731
7 10.9934 -1.35039
7 11.9926 -1.31216
7 12.9622 -1.46501
7 12.9622 -1.46501
7 13.9029 -1.80437
7 14.8435 -2.14374
7 15.7842 -2.48311
7 16.7248 -2.82248
7 16.7248 -2.82248

8 0 -1.5
8 0.992247 -1.37572
8 1.98702 -1.28816
8 2.98642 -1.31196
8 3.98603 -1.32773
8 4.98602 -1.32292
8 5.98601 -1.3181
8 6.98594 -1.30761
8 7.98578 -1.29008
8 8.98563 -1.27255
8 9.98551 -1.25728
8 10.9854 -1.24249
8 11.9532 -1.41904
8 12.8938 -1.75881
8 13.8343 -2.09859
8 14.7748 -2.43836
8 15.7153 -2.77813
8 16.7017 -2.87543
8 17.7013 -2.90337

9 0 -1.5
9 0.995877 -1.40928
9 1.99175 -1.31857
9 2.98917 -1.25648
9 3.98903 -1.24005
9 4.9889 -1.22362
9 5.98878 -1.20815
9 6.98866 -1.19308
9 7.97917 -1.26501
9 8.95287 -1.49286
9 9.92656 -1.7207
9 10.8379 -2.12935
9 11.7449 -2.55038
9 12.6688 -2.88787
9 13.6682 -2.85178
9 14.6639 -2.76393
9 15.6585 -2.65968
9 16.653 -2.55542
9 17.4306 -1.99859
9 18.138 -1.29179
9 18.8601 -0.600033
9 19.5823 0.0917238
9 20.3044 0.783481

10 0.97467 -1.27635
10 0.97467 -1.27635
10 1.95532 -1.29847
10 1.95532 -1.29847
10 2.93973 -1.47442
10 3.89695 -1.74212
10 4.81836 -2.13069
10 6.74069 -2.47913
10 8.70522 -2.18447
10 10.5086 -1.40173
10 11.3075 -0.800265
10 12.6541 0.67409
10 13.2788 1.45489
10 13.2788 1.45489
10 13.9616 2.17154
10 14.8012 2.71488
10 15.6407 3.25823
10 15.6407 3.25823
10 15.6407 3.25823
10 15.6407 3.25823

11 0 -1.5
11 0.990698 -1.63608
11 2.89798 -1.42491
11 4.64275 -0.454921
11 5.4813 0.0889487
11 6.26971 0.704094
11 7.08416 1.27784
11 7.08416 1.27784
11 7.98019 1.72183
11 9.70865 2.7113
11 10.4989 3.32409
11 10.4989 3.32409
11 10.4989 3.32409
11 11.4155 3.21192
11 12.4055 3.10229
11 13.4029 3.03025
11 14.4003 2.9582
11 15.3977 2.88616
11 15.3977 2.88616
11 16.3306 2.56698
11 17.2357 2.14187
11 17.2357 2.14187

12 0 -1.5
12 0.99987 -1.51613
12 1.99978 -1.52825
12 2.98934 -1.58475
12 3.91396 -1.96565
12 4.82241 -2.37613
12 5.64247 -2.94842
12 6.39849 -3.59032
12 7.03719 -4.35978
12 7.64818 -5.14978
12 8.19886 -5.98449
12 8.75254 -6.81719
12 9.32009 -7.64053
12 9.88765 -8.46386
12 10.4693 -9.27725
12 11.054 -10.0885

13 0 -1.5
13 0.979511 -1.29861
13 1.96945 -1.22379
13 2.96871 -1.26219
13 3.96816 -1.29466
13 4.96785 -1.31977
13 5.96753 -1.34488
13 6.95999 -1.22558
13 7.95217 -1.10077
13 8.86251 -0.701723
13 9.76083 -0.262372
13 10.6591 0.176979
13 11.5871 0.549679
13 12.5146 0.92332

14 0 -1.5
14 0.991224 -1.36781
14 1.92913 -1.38238
14 2.92854 -1.34819
14 3.9274 -1.30093
14 4.91808 -1.19088
14 5.89388 -0.972182
14 6.85458 -0.70557
14 7.77963 -0.325713
14 8.66861 0.103838
14 9.31657 0.865514
14 9.90137 1.66578
14 10.2835 2.58989
14 10.5653 3.53393
14 10.5653 4.53393
14 10.5653 5.53393
14 10.5653 6.53393
14 10.656 7.52425
14 10.8671 8.5017
14 11.0783 9.47916
14 11.2894 10.4566

15 0 -1.5
15 0.988837 -1.649
15 1.97767 -1.79801
15 2.78519 -1.21343
15 3.52385 -0.539346
15 4.24735 0.150187
15 4.93579 0.875484
15 5.63098 1.59423
15 6.33543 2.30398
15 7.03988 3.01373
15 7.74298 3.72481
15 8.43907 4.44277
15 9.13515 5.16072
15 9.79042 5.91545
15 10.4318 6.68266

16 0 -1.5
16 0.995946 -1.41005
16 1.99295 -1.37842
16 2.9915 -1.43221
16 3.98666 -1.47256
16 4.83976 -0.95081
16 5.69285 -0.429059
16 6.36073 0.290821
16 6.93868 1.10689
16 7.47786 1.93623
16 7.52091 2.9353

17 0 -1.5
17 1.975 -1.24028
17 2.92544 -0.929653
17 3.8936 -0.679329
17 4.86176 -0.429005
17 5.83213 -0.187421
17 6.80316 0.0515132
17 7.77442 0.289554
17 8.74692 0.522453
17 9.71942 0.755353
17 10.6922 0.9871
17 11.6652 1.21784
17 11.6652 1.21784
17 11.6652 1.21784
17 11.6652 1.21784
17 11.6652 1.21784
17 11.6652 1.21784
17 11.6652 1.21784

18 0 0
18 0 0
18 0 0
18 0 0
18 0 0
18 0 0
18 0 0
18 0 0
18 0 0
18 0 0
18 0 0
18 0 0
18 0 0
18 0 0
18 0 0
18 0 0
18 0 0
18 0 0
18 0 0
18 0 0
18 0 0
18 0 0
18 0 0
18 0 0
18 0 0

19 0 -1.5
19 0.999576 -1.47087
19 1.99898 -1.45468
19 2.97038 -1.24078
19 3.93768 -0.987205
19 4.89206 -0.688608
19 5.83096 -0.360003
19 6.62757 0.24449
19 7.39318 0.884739
19 8.10438 1.58773
19 8.70077 2.37792
19 9.18727 3.25161
19 9.57573 4.1724
19 9.97579 5.08838
19 10.4117 5.98835
19 10.6332 6.94955
19 10.738 7.94404
19 10.9674 8.91329
19 11.2579 9.87017
19 11.6846 10.7707
19 12.1545 11.6535

20 0 -1.5
20 0.987555 -1.34273
20 1.86162 -1.47814
20 2.75664 -1.39546
20 3.71519 -1.11055
20 4.71165 -1.03294
20 5.709 -0.96025
20 6.56532 -1.3501
20 7.35243 -1.96691
20 8.13954 -2.58372

21 0 0
21 0 0
21 0 0
21 0 0
21 0 0
21 0 0
21 0 0
21 0 0
21 0 0
21 0 0
21 0 0
21 0 0
21 0 0
21 0 0
21 0 0
21 0 0
21 0 0
21 0 0
21 0 0
21 0 0
21 0 0
21 0 0
21 0 0
21 0 0
21 0 0
21 0 0
21 0 0
21 0 0
21 0 0

22 0 -1.5
22 0.999966 -1.50823
22 1.94692 -1.65544
22 2.75654 -1.48163

23 0 0
23 0 0
23 0 0
23 0 0
23 0 0
23 0 0
23 0 0
23 0 0
23 0 0
23 0 0
23 0 0
23 0 0
23 0 0

24 0 -1.5
24 0.983035 -1.31658
24 1.96857 -1.33008
24 2.95595 -1.48846
24 3.95375 -1.48948
24 4.91927 -1.31614
24 5.82798 -0.898705
24 6.67494 -0.380198
24 7.46111 0.237816
24 8.24728 0.85583
24 9.03344 1.47384
24 9.58408 2.29763
24 10.0443 3.18418
24 10.4667 4.09057
24 10.5653 5.06873
24 10.5911 6.06787
24 10.6576 7.06566
24 10.724 8.06345

25 0 -1.5
25 0 -1.5
25 2.80966 -1.94528
25 3.63419 -1.37947
25 3.63419 -1.37947
25 3.63419 -1.37947
25 3.63419 -1.37947
25 3.63419 -1.37947
25 3.63419 -1.37947
25 3.63419 -1.37947
25 3.63419 -1.37947
25 3.63419 -1.37947
25 3.63419 -1.37947
25 3.63419 -1.37947

26 0 -1.5
26 0.998565 -1.44645
26 1.93766 -1.62373

27 0 -1.5
27 1.93458 -1.13636
27 1.93458 -1.13636
27 2.85522 -1.18063
27 2.85522 -1.18063
27 3.80509 -1.49328
27 3.80509 -1.49328
27 3.80509 -1.49328
27 4.3599 -2.31512
27 4.88507 -3.16548
27 5.35048 -4.05058
27 5.84998 -4.915
27 6.41975 -5.7368
27 8.74223 -7.44661
27 11.1764 -7.50627
27 11.1764 -7.50627
27 13.1656 -5.26059
27 13.8286 -4.51203
27 14.4917 -3.76346
27 14.4917 -3.76346
27 14.4917 -3.76346
27 14.4917 -3.76346
27 14.4917 -3.76346
27 14.4917 -3.76346

28 0 -1.5
28 0.997311 -1.57329
28 1.99432 -1.65033
28 2.96153 -1.60075

29 0 -1.5
29 0.997466 -1.57115
29 1.99489 -1.64288
29 2.99186 -1.72067
29 3.98883 -1.79845
29 4.98715 -1.85525
29 5.98586 -1.90607
29 6.97319 -2.03382
29 6.97319 -2.03382
29 7.94383 -2.27435
29 8.91447 -2.51487
29 9.88511 -2.7554
29 10.7463 -3.16229
29 10.7463 -3.16229
29 13.2848 -4.17717
29 14.2815 -4.09687
29 17.0037 -3.09464
29 17.7368 -2.41858
29 18.4466 -1.71415
29 19.1564 -1.00973
29 19.1564 -1.00973
29 19.1564 -1.00973
29 19.1564 -1.00973
29 19.1564 -1.00973

30 0 -1.5
30 0.997679 -1.5681
30 1.99526 -1.63758
30 2.96761 -1.49568
30 3.92187 -1.19671
30 4.82472 -0.799502
30 5.61426 -0.185809
30 6.37999 0.454364
30 7.07357 1.17474
30 7.73563 1.92121
30 8.31375 2.73716
30 9.00404 3.44591
30 9.79299 4.06036
30 10.5819 4.67482
30 11.3832 5.27303
30 12.1884 5.86607
30 13.0637 6.34914

31 0 -1.5
31 0.986728 -1.66238
31 0.986728 -1.66238
31 2.96466 -1.93027
31 2.96466 -1.93027
31 3.93735 -2.10593
31 3.93735 -2.10593
31 4.76081 -2.6733
31 5.58428 -3.24066
31 6.40774 -3.80803
31 7.13383 -4.47348
31 7.13383 -4.47348
31 7.70719 -5.29279

32 0 -1.5
32 0.981238 -1.3072
32 1.97289 -1.23126
32 2.97275 -1.24758
32 3.97256 -1.2672
32 4.9723 -1.28976
32 5.97204 -1.31226
32 6.96274 -1.17617
32 7.95344 -1.04008
32 8.85352 -0.619508
32 9.74041 -0.157531
32 10.6308 0.296682

33 0 -1.5
33 0.983996 -1.32181
33 1.95025 -1.28317
33 2.94612 -1.22203
33 3.92832 -1.03419
33 4.90405 -0.823541
33 5.83852 -0.467505
33 6.77299 -0.111468
33 7.45612 0.617391
33 8.10834 1.36748
33 8.45304 2.3062
33 8.73703 3.25803
33 8.81071 4.25531
33 8.84919 5.25322
33 8.81107 6.25249

34 0 -1.5
34 0.99634 -1.41452

35 0 -1.5
35 0.979498 -1.70146
35 1.959 -1.90291
35 2.87866 -1.66756
35 3.76791 -1.21014
35 4.32357 -0.399999
35 4.82982 0.462388
35 5.34125 1.32169
35 5.85802 2.17781
35 6.3748 3.03394
35 6.8667 3.90436
35 7.34687 4.78154
35 7.85136 5.64453
35 8.37837 6.49439
35 8.90538 7.34425
35 9.41338 8.20554
35 9.91686 9.06955

36 0 -1.5
36 0.999397 -1.46528
36 1.9963 -1.48969
36 2.98924 -1.60835
36 3.9835 -1.71234
36 4.98158 -1.77438
36 5.97953 -1.83741
36 5.97953 -1.83741
36 6.96209 -2.02333
36 7.94466 -2.20925
36 7.94466 -2.20925
36 7.94466 -2.20925
36 7.94466 -2.20925
36 7.94466 -2.20925
36 7.94466 -2.20925
36 7.94466 -2.20925
36 7.94466 -2.20925
36 7.94466 -2.20925
36 7.94466 -2.20925
36 7.94466 -2.20925
36 7.94466 -2.20925

37 0 -1.5
37 0.981049 -1.30624
37 1.97282 -1.24839
37 2.97027 -1.20727
37 3.96669 -1.1228
37 4.93018 -0.868968
37 5.87592 -0.549295
37 6.77434 -0.110161
37 7.66668 0.340687
37 8.54314 0.82217
37 9.34057 1.39623
37 9.95372 2.1862
37 10.5493 2.9893
37 11.1352 3.79974
37 11.4134 4.73194
37 11.5412 5.72375
37 11.6689 6.71556

38 0 -1.5
38 0.997228 -1.57441
38 2.82936 -1.3078
38 2.82936 -1.3078
38 5.64991 -0.485973
38 5.64991 -0.485973
38 5.64991 -0.485973
38 5.64991 -0.485973
38 5.64991 -0.485973
38 5.64991 -0.485973

39 0 0
39 0 0
39 0 0
39 0 0
39 0 0
39 0 0
39 0 0
39 0 0
39 0 0
39 0 0
39 0 0
39 0 0
39 0 0
39 0 0
39 0 0
39 0 0
39 0 0
39 0 0
39 0 0
39 0 0
39 0 0

40 0 -1.5
40 0.993556 -1.38666
40 1.95187 -1.50079
40 2.92148 -1.35221
40 3.87861 -1.10141
40 4.58313 -0.391733
40 5.1368 0.423658

41 0 0
41 0 0
41 0 0
41 0 0
41 0 0
41 0 0
41 0 0
41 0 0
41 0 0
41 0 0
41 0 0
41 0 0
41 0 0
41 0 0
41 0 0
41 0 0
41 0 0
41 0 0
41 0 0
41 0 0
41 0 0
41 0 0
41 0 0
41 0 0
41 0 0
41 0 0
41 0 0
41 0 0

42 0 -1.5
42 0.978488 -1.2937
42 1.96429 -1.19981
42 2.96151 -1.27429
42 3.95879 -1.348
42 4.95668 -1.39501
42 5.95627 -1.36647
42 6.87117 -1.02068
42 7.75199 -0.547231
42 8.56227 0.0380893
42 9.36354 0.635558
42 10.0919 1.32071
42 10.7578 2.05842
42 11.3078 2.89362
42 11.5531 3.86091
42 11.8413 4.81616
42 12.2048 5.74775

43 0 -1.5
43 0.966244 -1.75763
43 1.93249 -2.01526

44 0 -1.5
44 0.991556 -1.37032
44 1.98311 -1.24063
44 2.959 -1.02329

45 0 -1.5
45 0.994029 -1.60911
45 2.92902 -1.35378
45 3.84414 -0.95059
45 3.84414 -0.95059
45 4.75954 -0.987697
45 4.75954 -0.987697
45 4.75954 -0.987697
45 5.67517 -1.38972
45 6.5908 -1.79174
45 7.4 -2.32211
45 7.4 -2.32211
45 7.4 -2.32211
45 8.60575 -3.9103
45 11.0012 -5.36676
45 11.0012 -5.36676

46 0 -1.5
46 0.996525 -1.58329
46 1.99142 -1.68049
46 2.98018 -1.82997
46 3.96664 -1.96226
46 4.88093 -1.5572
46 5.80017 -1.16393
46 6.72951 -0.794697

47 0 -1.5
47 0.9946 -1.39622
47 1.98995 -1.38823
47 2.98605 -1.47644
47 3.98215 -1.56464
47 4.98129 -1.60098
47 5.98088 -1.62932
47 6.9692 -1.74498
47 7.94316 -1.97168
47 8.91713 -2.19837
47 9.80433 -2.63258
47 10.6498 -3.16663
47 11.5041 -3.67364
47 12.5015 -3.74602
47 13.4985 -3.79972
47 14.4918 -3.68395
47 15.485 -3.56817
47 16.3814 -3.19741
47 17.2009 -2.62435
47 17.9739 -1.99182
47 18.7277 -1.33464
47 19.4814 -0.677457
47 20.2351 -0.0202764
47 20.6464 0.874304

48 0 -1.5
48 0 -1.5

49 0 -1.5
49 0.998448 -1.55569
49 1.9957 -1.56355
49 2.96275 -1.66452
49 3.89546 -2.02515
49 4.78054 -2.47722
49 5.61066 -3.03481
49 6.33201 -3.71636
49 6.99284 -4.4669
49 7.60501 -5.2558
49 8.18054 -6.07358
49 8.75832 -6.88976
49 9.34141 -7.70217
49 9.92521 -8.51405
49 10.5247 -9.31443
49 11.1242 -10.1148
49 11.8 -10.8433
49 12.5639 -11.4886
49 13.3278 -12.1339
49 14.0918 -12.7792
49 14.8511 -13.4274
49 15.1259 -14.3889

50 0 -1.5
50 0.977356 -1.2884
50 1.96639 -1.16723
50 2.9661 -1.14334
50 3.96534 -1.1141
50 4.95366 -0.961653
50 5.94197 -0.809202
50 6.83196 -0.360472
50 7.71533 0.108203
50 8.59933 0.57555
50 9.52128 0.962856
50 10.4432 1.35016
50 11.3399 1.79279
50 12.2359 2.23673
50 13.089 2.75572
50 13.9066 3.33093

51 0 -1.5
51 0.995836 -1.40884
51 1.94235 -1.23665
51 2.93892 -1.24153
51 3.89693 -0.954797
51 4.84796 -0.655014
51 5.61883 -0.0180099
51 6.36073 0.642708
51 6.83322 1.52404
51 7.26182 2.42131
51 7.46449 3.40055

52 0 -1.5
52 0.963881 -1.23367
52 1.9323 -0.985516
52 2.91759 -0.821657
52 3.91019 -0.700226
52 4.90284 -0.579154
52 5.89536 -0.457236
52 6.88183 -0.293336
52 7.86831 -0.129437
52 8.73863 0.258275
52 9.44048 0.970603
52 10.0937 1.71906
52 10.5729 2.59676
52 11.0521 3.47446
52 11.2056 4.38621
52 10.9184 5.34406
52 10.6386 6.30391
52 10.4099 7.2774
52 10.1812 8.2509

53 0 -1.5
53 0.988716 -1.6498
53 1.97743 -1.79961
53 2.65248 -1.06327
53 3.33463 -0.332722
53 4.07858 0.335512
53 4.82253 1.00375
53 5.56087 1.67807
53 6.28868 2.36385
53 7.02377 3.04149
53 7.7871 3.6875
53 8.55043 4.3335
53 9.27651 5.01653
53 9.91772 5.78389
53 10.5589 6.55125
53 11.2481 7.27442
53 11.9611 7.97552

54 1.61586 -1.44252

55 0 -1.5
55 0.998231 -1.44055
55 1.99656 -1.39669
55 2.98136 -1.29247
55 3.9543 -1.06141
55 4.87644 -0.680311
55 5.78955 -0.272597
55 6.68948 0.16343
55 7.58626 0.603574
55 8.24064 1.35974
55 8.87969 2.12847
55 9.49279 2.91848
55 10.0125 3.76524
55 10.4318 4.6731
55 10.5653 5.64377
55 10.7268 6.61142
55 11.1119 7.5343
55 11.6496 8.35085
55 12.3819 9.03181
55 13.1142 9.71276
55 13.8466 10.3937
55 14.5789 11.0747
55 15.3112 11.7556
55 16.0435 12.4366
55 16.7759 13.1175

56 0 0
56 0 -1
56 0.499114 -1.52976
56 1.49734 -1.58928
56 2.38903 -1.39151
56 3.38676 -1.3242
56 4.38443 -1.25595
56 5.38142 -1.17845
56 6.37841 -1.10096
56 7.21366 -1.57021
56 8.00802 -2.17766
56 8.80238 -2.78511

57 0 0
57 0 0
57 0 0
57 0 0
57 0 0
57 0 0
57 0 0
57 0 0
57 0 0
57 0 0
57 0 0
57 0 0
57 0 0
57 0 0
57 0 0
57 0 0
57 0 0
57 0 0
57 0 0

58 0 -1.5
58 0 -1.5

59 0 0
59 0 0
59 0 0
59 0 0
59 0 0
59 0 0
59 0 0
59 0 0
59 0 0
59 0 0
59 0 0
59 0 0
59 0 0
59 0 0
59 0 0
59 0 0
59 0 0
59 0 0
59 0 0
59 0 0

60 0 -1.5
60 0.997396 -1.42788
60 1.9181 -1.65738
60 2.78449 -2.13036
60 3.73834 -1.83006
60 4.68286 -1.50724
60 5.56975 -1.04527
60 6.43677 -0.551472
60 7.2411 0.0427115
60 7.95282 0.733153
60 8.55174 1.53152
60 9.04753 2.39996
60 9.45937 3.30591
60 9.77542 4.25465
60 9.8106 5.24895
60 9.8106 6.24895

61 0 -1.5
61 0.993567 -1.61324
61 2.93778 -1.41303
61 4.77175 -0.629177
61 5.6653 -0.180208
61 5.6653 -0.180208
61 5.6653 -0.180208
61 5.6653 -0.180208
61 5.6653 -0.180208
61 5.6653 -0.180208
61 5.6653 -0.180208
61 5.6653 -0.180208

62 0 -1.5
62 0.998994 -1.54485
62 1.97425 -1.67172

63 0 -1.5
63 0.999588 -1.52871
63 1.96424 -1.44556
63 2.8701 -1.5312
63 3.73353 -1.98663
63 4.41964 -2.71412
63 4.97411 -3.533
63 5.41586 -4.43014
63 5.94122 -5.2793
63 6.49289 -6.11337
63 7.12793 -6.85319
63 8.02301 -7.2991
63 8.9119 -7.75689
63 9.7904 -8.23463

64 0 -1.5
64 0.998347 -1.55747
64 1.99197 -1.64946
64 2.95252 -1.72049
64 3.85461 -1.28895
64 4.77073 -0.889497
64 5.70007 -0.520258
64 6.61815 -0.125274
64 7.52042 0.305904

65 0 -1.5
65 0.99625 -1.41348
65 1.99224 -1.41376
65 2.98847 -1.49468
65 3.98846 -1.49052
65 4.98845 -1.48635
65 4.98845 -1.48635
65 5.94114 -1.73919
65 6.87411 -2.09915
65 7.80707 -2.4591
65 10.2625 -2.69879
65 10.2625 -2.69879
65 10.2625 -2.69879

66 0 -1.5
66 0 -1.5

67 0 -1.5
67 0.99286 -1.38071
67 1.97938 -1.36306
67 1.97938 -1.36306
67 2.94572 -1.61631
67 3.85685 -2.02843
67 4.73747 -2.49008
67 4.73747 -2.49008
67 5.51544 -3.11838
67 6.28287 -3.758
67 6.9651 -4.48914
67 7.64733 -5.22029
67 8.358 -5.92374
67 9.07029 -6.62563
67 9.7933 -7.31638
67 10.5218 -8.00142
67 12.1501 -9.10929

68 0 -1.5
68 0.999222 -1.46055
68 1.99759 -1.44853
68 2.99211 -1.54752
68 3.94235 -1.23601
68 4.89259 -0.924498
68 5.84283 -0.612987
68 6.80213 -0.330634
68 7.76153 -0.0485986
68 8.71956 0.238063
68 9.67759 0.524724
68 10.616 0.869437
68 11.5209 1.28853
68 12.3935 1.77702
68 13.2373 2.30954
68 14.036 2.91129
68 14.8347 3.51304
68 15.0863 4.47694
68 15.2609 5.45549
68 15.2609 6.45549

69 0 -1.5
69 0 -1.5

70 1.08148 -0.606306
70 0.310625 -1.24331

71 0 -1.5
71 0.991631 -1.3709
71 1.95077 -1.12228
71 2.87126 -0.731508
71 3.7994 -0.359887
71 4.73549 -0.00811685
71 5.67383 0.337367
71 6.62021 0.660427
71 7.56659 0.983488
71 8.51146 1.31089
71 9.45495 1.64229
71 10.3984 1.97369
71 11.237 2.50809
71 12.0531 3.08609
71 12.8691 3.66409
71 13.8541 3.6452
71 14.852 3.58079
71 15.85 3.51639
71 16.8479 3.45198
71 17.8458 3.38758

72 0 0
72 0 0
72 0 0
72 0 0
72 0 0
72 0 0
72 0 0
72 0 0
72 0 0
72 0 0
72 0 0
72 0 0
72 0 0

73 0 -1.5
73 0.999986 -1.50525
73 1.9955 -1.46379
73 2.97858 -1.28065
73 3.96195 -1.09903
73 4.82937 -0.608976
73 5.67482 -0.07695
73 6.47238 0.52629
73 7.21322 1.18828
73 7.84402 1.96422
73 8.31248 2.83568
73 8.74806 3.72768
73 9.35667 4.52115
73 9.88708 5.35533
73 10.188 6.30899
73 10.5005 7.25798
73 10.9447 8.15387
73 11.389 9.04976
73 12.2306 9.54478
73 13.1304 9.98117

74 0 0
74 0 0
74 0 0
74 0 0
74 0 0
74 0 0
74 0 0
74 0 0
74 0 0
74 0 0
74 0 0
74 0 0
74 0 0
74 0 0
74 0 0
74 0 0
74 0 0
74 0 0
74 0 0

75 0 -1.5
75 0.991148 -1.63276
75 1.9823 -1.76552
75 1.9823 -1.76552
75 2.95925 -1.96569
75 3.91974 -2.244
75 6.79722 -2.14396
75 8.26029 -0.810315
75 8.26029 -0.810315
75 8.26029 -0.810315
75 8.26029 -0.810315
75 8.26029 -0.810315
75 8.26029 -0.810315
75 8.26029 -0.810315
75 8.26029 -0.810315
75 8.26029 -0.810315
75 8.26029 -0.810315

76 0 -1.5
76 1.96973 -1.2423
76 1.96973 -1.2423
76 2.9691 -1.20701
76 3.95675 -1.2362
76 3.95675 -1.2362
76 3.95675 -1.2362
76 4.87959 -1.62138
76 4.87959 -1.62138
76 5.76768 -2.07079
76 5.76768 -2.07079
76 6.59503 -2.63248
76 7.31642 -3.29527
76 7.31642 -3.29527
76 7.83876 -4.14801
76 8.35229 -5.00533
76 8.75022 -5.92274
76 9.14814 -6.84016
76 9.14814 -6.84016
76 9.14814 -6.84016
76 9.14814 -6.84016
76 9.14814 -6.84016
76 9.14814 -6.84016
76 9.14814 -6.84016

77 0 -1.5
77 0.981749 -1.30982
77 1.92511 -1.45906
77 2.90662 -1.63096
77 3.89623 -1.77478
77 4.88304 -1.93608
77 5.86824 -2.10748
77 6.85631 -2.25569
77 7.85358 -2.32951
77 8.80477 -2.09326
77 9.73747 -1.7326
77 10.6164 -1.25701
77 11.4856 -0.764134
77 12.261 -0.132725
77 13.0031 0.534106
77 13.6789 1.27121
77 14.0937 2.17629
77 14.4851 3.09655
77 14.8764 4.01681

78 0 -1.5
78 0 -1.5
78 0.951772 -1.80681
78 3.74164 -1.65972
78 3.74164 -1.65972
78 3.74164 -1.65972
78 3.74164 -1.65972

79 0 -1.5
79 0.998511 -1.44545
79 1.99729 -1.39676
79 2.98576 -1.30805
79 3.919 -0.94879

80 0 -1.5
80 0.999539 -1.46965
80 1.97446 -1.31494
80 2.95825 -1.1571
80 3.95068 -1.03431
80 4.89233 -1.19944
80 5.78285 -1.65438
80 5.78285 -1.65438
80 6.53029 -2.30657
80 7.23922 -3.01185
80 7.94815 -3.71712
80 8.76065 -4.2948
80 9.59666 -4.84351
80 10.531 -5.17019
80 11.4992 -5.4205
80 12.4673 -5.67081
80 12.4673 -5.67081
80 13.4355 -5.92112
80 14.4106 -6.14262
80 14.4106 -6.14262
80 15.3868 -6.35967
80 16.3629 -6.57671
80 17.3391 -6.79375
80 18.3152 -7.01079
80 19.2914 -7.22784

81 0 -1.5
81 0.988025 -1.6543
81 1.97605 -1.80859
81 2.89638 -1.42032
81 3.85865 -1.15555
81 4.83015 -0.918508
81 5.77203 -0.587758

82 0 -1.5
82 0.999939 -1.48898
82 1.99986 -1.4831
82 2.99968 -1.50206
82 3.9894 -1.59129
82 3.9894 -1.59129
82 4.95407 -1.85474
82 5.91874 -2.11819
82 6.82559 -2.52503
82 6.82559 -2.52503
82 9.57818 -3.54931
82 10.5762 -3.61295
82 11.5662 -3.48584
82 14.3881 -2.59195
82 14.3881 -2.59195
82 15.5931 -1.12046
82 15.5931 -1.12046
82 15.5931 -1.12046
82 16.4542 -0.958426
82 17.6819 0.347957
82 17.6819 0.347957
82 17.6819 0.347957
82 17.6819 0.347957
82 17.6819 0.347957
82 17.6819 0.347957

83 0 -1.5
83 0.990884 -1.63472
83 1.97798 -1.74338
83 2.88945 -1.33202
83 3.77747 -0.874413
83 4.64791 -0.382132
83 5.49375 0.15008
83 6.32501 0.705965
83 7.21621 1.15189
83 8.13386 1.54927
83 9.05151 1.94665
83 9.97576 2.32839
83 10.9317 2.59357
83 11.9255 2.6697
83 12.925 2.63775
83 13.9194 2.56766
83 14.8919 2.33476
83 15.8411 2.04786
83 16.6786 1.50128
83 17.5268 0.978185
83 18.4856 0.694056
83 19.4444 0.409927

84 0 -1.5
84 0.985797 -1.33206
84 1.97749 -1.28105
84 2.92981 -1.56886
84 3.87076 -1.90564
84 4.69835 -2.46697
84 5.52594 -3.02831
84 6.28268 -3.68171
84 7.03736 -4.33781
84 7.80418 -4.97959
84 8.57512 -5.61649
84 9.3467 -6.25262
84 10.1202 -6.88637
84 10.9203 -7.47299

85 0 -1.5
85 0.99121 -1.3677
85 1.98659 -1.3416
85 2.98513 -1.39572
85 3.92762 -1.06167
85 4.87008 -0.727349
85 5.81254 -0.393024
85 6.76094 -0.0760133
85 7.71031 0.238146
85 8.66152 0.546669
85 9.61274 0.855191
85 10.5234 1.26458
85 11.4051 1.73534
85 12.2748 2.22889
85 13.0725 2.81595
85 13.7721 3.53054
85 14.3997 4.30444
85 14.9686 5.1269
85 15.4632 5.96782
85 15.3463 6.96096
85 15.2097 7.95105
85 15.0201 8.93291
85 14.8305 9.91477
85 14.6281 10.8923
85 14.1869 11.7898

86 0 -1.5
86 0.999122 -1.5419
86 1.99781 -1.59118
86 2.93893 -1.39512
86 3.82516 -0.93187
86 4.5831 -0.308837
86 5.22689 0.456363
86 5.71094 1.31725
86 6.08176 2.24595
86 6.40363 3.192
86 6.70028 4.14699

87 0 -1.5
87 0.967124 -1.2457
87 1.93425 -0.991393
87 2.91902 -1.07299
87 3.91538 -1.10093
87 4.91509 -1.07658
87 5.8804 -0.947177
87 6.70096 -0.375626
87 7.52153 0.195926
87 8.12143 0.98669
87 8.68755 1.81101
87 9.15656 2.66547
87 9.15656 3.66547
87 9.15656 4.66547
87 9.11451 5.66429
87 9.05866 6.66273

88 0 -1.5
88 0.997253 -1.42593
88 1.95233 -1.18867
88 2.88049 -0.826285
88 3.84915 -0.577869
88 4.81798 -0.330177
88 5.7888 -0.0903403
88 6.75961 0.149497
88 7.73208 0.382408
88 8.70611 0.608841
88 9.68014 0.835273
88 10.6752 0.915894
88 11.6735 0.973964
88 12.6718 1.03203
88 13.6701 1.0901
88 14.6684 1.14818
88 15.6668 1.20625
88 16.6651 1.26432
88 17.6561 1.25137
88 18.6214 0.990549
88 19.5868 0.729726

89 0.985744 -1.33175
89 0.985744 -1.33175
89 1.94996 -1.23453
89 1.94996 -1.23453
89 2.92221 -1.46847
89 3.89446 -1.70241
89 4.84823 -1.99461
89 5.7775 -2.36399
89 6.70678 -2.73338
89 6.70678 -2.73338
89 7.63606 -3.10277
89 9.52257 -3.74533
89 12.4924 -4.03025
89 12.4924 -4.03025

90 0 -1.5
90 0 -1.5

91 0 0
91 0 0
91 0 0
91 0 0
91 0 0
91 0 0
91 0 0
91 0 0
91 0 0
91 0 0
91 0 0
91 0 0
91 0 0
91 0 0

92 0.99729 -1.42642
92 1.98978 -1.45974
92 1.98978 -1.45974
92 3.96858 -1.61724
92 5.74991 -0.961671
92 5.74991 -0.961671
92 5.74991 -0.961671
92 5.74991 -0.961671
92 5.74991 -0.961671
92 5.74991 -0.961671
92 5.74991 -0.961671
92 5.74991 -0.961671
92 5.74991 -0.961671
92 5.74991 -0.961671
92 5.74991 -0.961671
92 5.74991 -0.961671
92 5.74991 -0.961671
92 5.74991 -0.961671
92 5.74991 -0.961671
92 5.74991 -0.961671
92 5.74991 -0.961671
92 5.74991 -0.961671

93 0 0
93 0 0
93 0 0
93 0 0
93 0 0
93 0 0
93 0 0
93 0 0
93 0 0
93 0 0
93 0 0
93 0 0
93 0 0
93 0 0
93 0 0

94 0 -1.5
94 0.997358 -1.42736
94 1.99566 -1.38911
94 2.99528 -1.41226
94 3.99318 -1.477
94 4.99109 -1.54175
94 5.98952 -1.53754
94 6.97636 -1.44139
94 7.87651 -1.00581
94 8.75088 -0.529454
94 9.53043 0.0968841
94 10.3031 0.731536
94 11.066 1.37807
94 11.6535 2.15713
94 12.1774 2.98175
94 12.9588 3.60582
94 13.2048 4.34749
94 12.7569 5.2416
94 12.5666 6.16934
94 12.7697 7.14849
94 12.9729 8.12763
94 13.1761 9.10678
94 13.3792 10.0859

95 0 -1.5
95 0 -1.5
95 2.8095 -1.89509
95 2.8095 -1.89509
95 4.43919 -0.735728
95 4.43919 -0.735728
95 4.43919 -0.735728
95 4.43919 -0.735728
95 4.43919 -0.735728
95 4.43919 -0.735728
95 4.43919 -0.735728
95 4.43919 -0.735728
95 4.43919 -0.735728
95 4.43919 -0.735728
95 4.43919 -0.735728
95 4.43919 -0.735728

96 0 -1.5
96 0.993437 -1.38562
96 1.98798 -1.28199
96 3.89666 -0.751787

97 0 -1.5
97 0.999907 -1.48639
97 2.93112 -1.04455
97 3.90556 -0.823282
97 4.88427 -0.618053
97 4.88427 -0.618053
97 5.83693 -0.685266
97 5.83693 -0.685266
97 5.83693 -0.685266
97 6.75902 -1.07226
97 7.70336 -1.40041
97 8.65067 -1.72072
97 9.59799 -2.04104

98 0.982222 -1.31228
98 0.982222 -1.31228
98 0.982222 -1.31228
98 1.89499 -1.5459
98 1.89499 -1.5459
98 2.76499 -2.03895
98 4.57951 -2.85089
98 6.52551 -3.12526
98 7.52239 -3.05107
98 7.52239 -3.05107
98 17.5132 -2.69549
98 7.52239 -3.05107
98 8.5222 -3.03141
98 8.5222 -3.03141
98 8.5222 -3.03141
98 9.52143 -2.99986
98 10.5185 -2.92365
98 10.5185 -2.92365
98 11.5159 -2.8524
98 12.5147 -2.80251
98 13.5139 -2.76757
98 13.5139 -2.76757
98 13.5139 -2.76757
98 14.5138 -2.75219

99 0 -1.5
99 0.999815 -1.48075
99 2.93266 -1.07525
99 3.88303 -0.765305
99 4.84232 -0.482874
99 4.84232 -0.482874
99 4.84232 -0.482874

100 0 -1.5
100 0.999627 -1.52731
100 1.99843 -1.52137
100 2.99547 -1.44452
100 3.99469 -1.42428
100 4.99277 -1.48433
100 5.99225 -1.50621
100 6.99221 -1.51483
100 7.99217 -1.52345
100 8.9919 -1.54555
100 9.99153 -1.57263
100 10.9912 -1.59971
100 11.991 -1.60993
100 12.991 -1.6061
100 13.9761 -1.68934
100 13.9761 -1.68934
100 14.9179 -2.02548
100 15.8597 -2.36162
100 16.8015 -2.69775
100 17.7433 -3.03389
100 18.6851 -3.37003

101 0 -1.5
101 0.998576 -1.44666
101 1.99715 -1.39331
101 2.99635 -1.38258
101 3.99529 -1.42682
101 4.99466 -1.45571
101 5.9946 -1.46663
101 6.99455 -1.47754
101 7.99448 -1.48923
101 8.99439 -1.50228
101 9.99431 -1.51532
101 10.9942 -1.51396
101 11.994 -1.49345
101 12.9798 -1.55417
101 13.9152 -1.90769
101 14.8506 -2.2612
101 15.7861 -2.61472
101 16.7215 -2.96824
101 17.6714 -3.25344
101 18.6698 -3.31088

102 0 -1.5
102 0.998773 -1.45047
102 1.99755 -1.40093
102 2.99689 -1.3879
102 3.99598 -1.42821
102 4.99542 -1.45572
102 5.99536 -1.46663
102 6.9953 -1.47755
102 7.99523 -1.48945
102 8.99514 -1.50307
102 9.99505 -1.51669
102 10.9949 -1.51834
102 11.9946 -1.49536
102 12.9796 -1.55651
102 13.9113 -1.91972
102 14.843 -2.28294
102 15.7747 -2.64616
102 16.7064 -3.00938
102 17.6709 -3.23002
102 18.6676 -3.31032

103 0 -1.5
103 0.998704 -1.44911
103 1.99741 -1.39821
103 2.99669 -1.38688
103 3.99576 -1.4282
103 4.99518 -1.45719
103 5.99509 -1.47072
103 6.995 -1.48425
103 7.99492 -1.49656
103 8.99487 -1.50676
103 9.99482 -1.51695
103 10.9947 -1.51395
103 11.9945 -1.49344
103 12.9805 -1.55363
103 13.9172 -1.90378
103 14.8539 -2.25394
103 15.7906 -2.60409
103 16.7273 -2.95425
103 17.6785 -3.23681
103 18.6764 -3.30298

104 0 -1.5
104 0.998648 -1.44802
104 1.9973 -1.39603
104 2.99651 -1.38574
104 3.99555 -1.42816
104 4.99498 -1.45719
104 5.99489 -1.47072
104 6.99479 -1.48425
104 7.99472 -1.49656
104 8.99466 -1.50675
104 9.99461 -1.51695
104 10.9944 -1.5098
104 11.9939 -1.47961
104 12.971 -1.58666
104 13.9089 -1.93359
104 14.8468 -2.28053
104 15.7847 -2.62747
104 16.7226 -2.97441
104 17.6745 -3.25592
104 18.6722 -3.32317

105 0 -1.5
105 0.998878 -1.45265
105 1.99776 -1.4053
105 2.99723 -1.3874
105 3.9964 -1.42378
105 4.99589 -1.4496
105 5.99584 -1.45967
105 6.99579 -1.46973
105 7.99573 -1.48026
105 8.99567 -1.4916
105 9.9956 -1.50294
105 10.9955 -1.50117
105 11.9954 -1.48782
105 12.9812 -1.55473
105 13.9167 -1.90824
105 14.8521 -2.26176
105 15.7875 -2.61528
105 16.723 -2.96879
105 17.673 -3.25353
105 18.6713 -3.31098

106 0 -1.5
106 0.998759 -1.4502
106 1.99752 -1.4004
106 2.99693 -1.38278
106 3.99597 -1.42246
106 4.99536 -1.45172
106 5.99528 -1.46415
106 6.9952 -1.47659
106 7.99512 -1.48902
106 8.99505 -1.50146
106 9.99497 -1.51389
106 10.9948 -1.51002
106 11.9947 -1.49171
106 12.9797 -1.55655
106 13.9114 -1.91977
106 14.8431 -2.28298
106 15.7748 -2.6462
106 16.7065 -3.00942
106 17.671 -3.23003
106 18.6678 -3.31033

107 0 -1.5
107 0.998704 -1.44911
107 1.99741 -1.39821
107 2.99669 -1.38688
107 3.99591 -1.42508
107 4.99542 -1.45262
107 5.9953 -1.46789
107 6.99519 -1.48315
107 7.9951 -1.49631
107 8.99505 -1.50579
107 9.99501 -1.51528
107 10.9949 -1.51002
107 11.9947 -1.49171
107 12.9797 -1.55657
107 13.9114 -1.91979
107 14.8431 -2.283
107 15.7748 -2.64622
107 16.7065 -3.00944
107 17.671 -3.23003
107 18.6678 -3.31033

108 0 -1.5
108 0.998704 -1.44911
108 1.99741 -1.39821
108 2.99669 -1.38688
108 3.99576 -1.4282
108 4.9952 -1.45571
108 5.99514 -1.46663
108 6.99508 -1.47755
108 7.99503 -1.48754
108 8.995 -1.49593
108 9.99496 -1.50432
108 10.9949 -1.50118
108 11.9948 -1.48783
108 12.9807 -1.5545
108 13.9161 -1.90802
108 14.8515 -2.26154
108 15.7869 -2.61505
108 16.7224 -2.96857
108 17.6722 -3.25576
108 18.67 -3.32302

109 0 -1.5
109 0.998813 -1.45129
109 1.99763 -1.40258
109 2.99698 -1.39109
109 3.9963 -1.42656
109 4.99588 -1.45172
109 5.9958 -1.46416
109 6.99572 -1.47659
109 7.99565 -1.48903
109 8.99557 -1.50146
109 9.99549 -1.5139
109 10.9954 -1.51001
109 11.9952 -1.4917
109 12.981 -1.55462
109 13.9164 -1.90814
109 14.8518 -2.26165
109 15.7872 -2.61517
109 16.7227 -2.96869
109 17.6726 -3.25579
109 18.6703 -3.32304

110 0 -1.5
110 0.998813 -1.45129
110 1.99763 -1.40258
110 2.99702 -1.38872
110 3.99652 -1.41899
110 4.99618 -1.4432
110 5.99605 -1.45887
110 6.99593 -1.47454
110 7.99582 -1.48903
110 8.99575 -1.50146
110 9.99567 -1.5139
110 10.9955 -1.51001
110 11.9954 -1.4917
110 12.9811 -1.55468
110 13.9166 -1.9082
110 14.852 -2.26172
110 15.7874 -2.61523
110 16.7228 -2.96875
110 17.6727 -3.2558
110 18.6705 -3.32305

111 0 -1.5
111 0.998813 -1.45129
111 1.99763 -1.40258
111 2.99698 -1.39109
111 3.99643 -1.42336
111 4.99608 -1.44716
111 5.99598 -1.46133
111 6.99588 -1.47549
111 7.9958 -1.48755
111 8.99577 -1.49594
111 9.99573 -1.50433
111 10.9957 -1.50117
111 11.9956 -1.48782
111 12.9814 -1.55478
111 13.9168 -1.90829
111 14.8522 -2.26181
111 15.7877 -2.61533
111 16.7231 -2.96884
111 17.673 -3.25582
111 18.6707 -3.32307

112 0 -1.5
112 0.998759 -1.4502
112 1.99752 -1.4004
112 2.99686 -1.3878
112 3.99595 -1.42821
112 4.99539 -1.45572
112 5.99533 -1.46663
112 6.99527 -1.47755
112 7.99521 -1.48902
112 8.99513 -1.50146
112 9.99505 -1.51389
112 10.9949 -1.51002
112 11.9948 -1.49171
112 12.9805 -1.55446
112 13.916 -1.90798
112 14.8514 -2.2615
112 15.7868 -2.61501
112 16.7223 -2.96853
112 17.6721 -3.25576
112 18.6699 -3.32301

113 0 -1.5
113 0.998813 -1.45129
113 1.99763 -1.40258
113 2.99702 -1.38872
113 3.99613 -1.42822
113 4.99557 -1.45572
113 5.99551 -1.46664
113 6.99545 -1.47755
113 7.9954 -1.48755
113 8.99536 -1.49594
113 9.99533 -1.50432
113 10.9952 -1.49654
113 11.9949 -1.47444
113 12.9721 -1.58705
113 13.91 -1.93399
113 14.8479 -2.28093
113 15.7858 -2.62787
113 16.7237 -2.9748
113 17.6756 -3.25599
113 18.6734 -3.32325

114 0 -1.5
114 0.99869 -1.44884
114 1.99738 -1.39768
114 2.99666 -1.38656
114 3.99586 -1.42514
114 4.99536 -1.45319
114 5.99525 -1.46824
114 6.99513 -1.48329
114 7.99503 -1.498
114 8.99493 -1.51214
114 9.99483 -1.52628
114 10.9946 -1.52329
114 11.9943 -1.49754
114 12.98 -1.55425
114 13.9154 -1.90777
114 14.8509 -2.26129
114 15.7863 -2.6148
114 16.7217 -2.96832
114 17.6715 -3.25572
114 18.6693 -3.32297

115 0 -1.5
115 0.998813 -1.45129
115 1.99763 -1.40258
115 2.99706 -1.38606
115 3.9962 -1.42381
115 4.99566 -1.45172
115 5.99558 -1.46415
115 6.9955 -1.47659
115 7.99544 -1.48755
115 8.99541 -1.49594
115 9.99537 -1.50433
115 10.9953 -1.50118
115 11.9952 -1.48782
115 12.981 -1.55465
115 13.9165 -1.90816
115 14.8519 -2.26168
115 15.7873 -2.6152
115 16.7227 -2.96871
115 17.6728 -3.25352
115 18.6711 -3.31096

116 0 -1.5
116 0.998704 -1.44911
116 1.99741 -1.39821
116 2.99677 -1.38187
116 3.9958 -1.42245
116 4.99519 -1.45171
116 5.99511 -1.46415
116 6.99504 -1.47658
116 7.99497 -1.48754
116 8.99494 -1.49593
116 9.9949 -1.50432
116 10.9948 -1.50118
116 11.9948 -1.48783
116 12.9806 -1.55448
116 13.916 -1.908
116 14.8515 -2.26152
116 15.7869 -2.61503
116 16.7223 -2.96855
116 17.6723 -3.25349
116 18.6707 -3.31094

117 0 -1.5
117 0.9988 -1.45102
117 1.9976 -1.40205
117 2.99705 -1.38356
117 3.99609 -1.42246
117 4.99548 -1.45172
117 5.9954 -1.46415
117 6.99533 -1.47659
117 7.99525 -1.48902
117 8.99517 -1.50146
117 9.99509 -1.51389
117 10.9949 -1.5052
117 11.9945 -1.47781
117 12.9716 -1.58687
117 13.9095 -1.9338
117 14.8474 -2.28074
117 15.7853 -2.62768
117 16.7232 -2.97462
117 17.6752 -3.25366
117 18.6736 -3.3111

118 0 -1.5
118 0.998746 -1.44993
118 1.99749 -1.39986
118 2.99687 -1.38506
118 3.99601 -1.4238
118 4.99546 -1.45172
118 5.99538 -1.46415
118 6.99531 -1.47659
118 7.99524 -1.48755
118 8.99521 -1.49593
118 9.99517 -1.50432
118 10.9951 -1.50118
118 11.995 -1.48782
118 12.9809 -1.55458
118 13.9163 -1.9081
118 14.8517 -2.26161
118 15.7871 -2.61513
118 16.7226 -2.96865
118 17.6723 -3.2572
118 18.6696 -3.33057
118 19.667 -3.40394

119 0 -1.5
119 0.998759 -1.4502
119 1.99752 -1.4004
119 2.9969 -1.38516
119 3.99604 -1.4238
119 4.99549 -1.45172
119 5.99541 -1.46415
119 6.99534 -1.47659
119 7.99526 -1.48902
119 8.99518 -1.50146
119 9.99511 -1.51389
119 10.995 -1.51002
119 11.9948 -1.49171
119 12.9801 -1.55584
119 13.9131 -1.91559
119 14.8462 -2.27533
119 15.7792 -2.63508
119 16.7123 -2.99482
119 17.6776 -3.21565
119 18.6737 -3.30354

120 0 -1.5
120 0.732288 -0.819005
120 1.46458 -0.13801

121 0 -1.5
121 0.972907 -1.2688
121 1.94619 -1.0904
121 2.92227 -1.30782
121 3.9129 -1.41821
121 4.91217 -1.45194
121 5.91205 -1.46699
121 6.91194 -1.48204
121 7.91184 -1.49572
121 8.91179 -1.50591
121 9.91174 -1.5161
121 10.9117 -1.52074
121 11.9117 -1.51488
121 12.9117 -1.50903
121 13.8477 -1.85816
121 14.7827 -2.21279
121 15.7177 -2.56742
121 16.6527 -2.92205
121 17.5977 -3.22836
121 18.5966 -3.27489
