
1 0 1.5
1 9.55467 2.55001
1 7.63047 1.76884
1 14.27 3.94922
1 4.9273 1.64446
1 7.47474 3.15826
1 6.24311 4.26642
1 15.697 5.65168
1 2.61616 1.73335
1 16.6483 7.32625
1 9.89898 1.91497
1 12.4862 1.96386
1 15.9245 0.305442
1 12.6297 3.10769
1 15.2609 4.77545
1 14.8485 1.22873
1 17.1686 -0.178766

2 0 1.5
2 16.3998 7.21691
2 15.697 5.63448
2 14.087 3.91403
2 17.1686 -0.178766
2 15.0519 1.24556
2 15.2609 4.79217
2 12.6297 3.10769
2 15.9245 0.322896
2 12.4862 1.96386
2 9.98898 1.93238
2 9.4723 2.53841
2 7.47474 3.15006
2 7.63047 1.76884
2 4.9273 1.64986
2 6.24311 4.26642
2 2.61616 1.73335

3 0 1.5
3 15.697 5.63448
3 17.1686 -0.178766
3 14.27 3.94922
3 16.1586 7.11077
3 14.8485 1.22873
3 14.6505 10.8629
3 12.6297 3.10769
3 15.9245 0.322896
3 12.4862 1.96386
3 9.89898 1.90412
3 9.4723 2.52802
3 7.42424 3.13692
3 7.63047 1.7772
3 4.9273 1.64986
3 6.24311 4.26642
3 2.60995 1.72924

4 0 1.5
4 15.2609 4.77545
4 14.27 3.94922
4 17.1686 -0.178766
4 15.697 5.63448
4 16.3998 7.21691
4 14.8485 1.22873
4 12.6297 3.10769
4 15.9245 0.305442
4 12.4862 1.97754
4 9.98898 1.92143
4 9.55467 2.55001
4 7.42424 3.13692
4 7.63047 1.76884
4 4.9273 1.64446
4 6.27878 4.2908
4 2.62868 1.74165

5 0 1.5
5 15.2609 4.77545
5 17.1686 -0.178766
5 14.087 3.89859
5 15.697 5.63448
5 16.9044 13.2197
5 14.8485 1.22873
5 15.9245 0.305442
5 12.6297 3.10769
5 12.4862 1.96386
5 9.89898 1.91497
5 9.55467 2.55001
5 7.47474 3.15826
5 7.63047 1.7772
5 4.9273 1.64986
5 6.24311 4.27327
5 2.61616 1.73335

6 0 1.5
6 15.2609 4.75872
6 14.27 3.94922
6 15.9245 5.71614
6 17.1686 -0.178766
6 14.8485 1.22873
6 12.6297 3.10769
6 15.9245 0.305442
6 12.4862 1.97754
6 9.89898 1.90412
6 16.3998 7.21691
6 9.55467 2.55001
6 7.47474 3.15826
6 7.63047 1.7772
6 4.9273 1.64986
6 6.24311 4.27327
6 2.6224 1.73749

7 0 1.5
7 17.1686 -0.178766
7 15.2609 4.77545
7 15.9245 5.71614
7 14.087 3.91403
7 14.8485 1.22873
7 16.1586 0.327645
7 12.6297 3.10769
7 12.4862 1.97754
7 9.89898 1.90412
7 16.6483 7.32625
7 9.4723 2.52802
7 7.47474 3.15006
7 7.63047 1.76884
7 4.9273 1.64446
7 6.24311 4.26642
7 2.61616 1.73335

8 0 1.5
8 15.9245 0.322896
8 15.2609 4.77545
8 17.1686 -0.178766
8 15.9245 5.71614
8 14.8485 1.22873
8 14.27 3.94922
8 12.6297 3.10769
8 12.4862 1.97754
8 9.89898 1.90412
8 16.6483 7.32625
8 9.55467 2.55001
8 7.52594 3.17989
8 7.63047 1.76884
8 4.9273 1.64446
8 6.27878 4.2908
8 2.6224 1.73462

9 0 1.5
9 15.2609 4.77545
9 17.1686 -0.178766
9 15.9245 5.71614
9 14.27 3.94922
9 14.8485 1.22873
9 15.9245 0.305442
9 12.6297 3.10769
9 12.4862 1.96386
9 9.98898 1.92143
9 16.3998 7.23488
9 9.4723 2.52802
9 7.42424 3.13692
9 7.63047 1.7772
9 4.9273 1.64446
9 6.27878 4.2908
9 2.6224 1.73749

10 0 1.5
10 17.1686 -0.178766
10 15.2609 4.77545
10 15.697 5.63448
10 14.27 3.93358
10 14.8485 1.22873
10 15.9245 0.322896
10 12.6297 3.09385
10 12.4862 1.96386
10 9.89898 1.91497
10 16.1586 7.12849
10 9.55467 2.55001
10 7.42424 3.13692
10 7.63047 1.76884
10 4.9273 1.64446
10 6.24311 4.26642
10 2.61616 1.73049

11 0 1.5
11 12.6297 3.10769
11 15.697 5.63448
11 15.2609 4.77545
11 14.27 3.94922
11 17.1686 -0.178766
11 14.8485 1.22873
11 16.3998 0.35051
11 12.4862 1.97754
11 9.98898 1.92143
11 16.3998 7.23488
11 9.55467 2.55001
11 7.47474 3.15826
11 7.63047 1.7772
11 4.94949 1.65187
11 6.24311 4.26642
11 2.6224 1.73462

12 0 1.5
12 9.8106 2.84412
12 12.9269 4.39929
12 15.2609 0.393075
12 13.5653 1.71726
12 13.7348 5.18608
12 15.2609 7.88659
12 14.8485 0.77304
12 11.4457 2.38981
12 8.72053 2.22225
12 14.8485 6.30638
12 8.51773 2.9081
12 6.20784 3.39182
12 4.9053 4.4221
12 6.31487 1.99681
12 3.69962 1.79836

13 0 1.5
13 17.1686 1.5148
13 11.5662 -0.728928
13 11.4457 6.5171
13 9.4723 3.49355
13 10.4646 4.29539
13 9.72378 0.751365
13 7.57784 1.58222
13 10.8791 -0.268288
13 5.06354 1.64553
13 15.697 0.748396
13 4.57828 2.27565
13 12.4862 8.23177
13 11.3277 5.23319
13 3.06924 2.89137
13 2.54939 1.59411

14 0 1.5
14 20.3479 0.925539
14 18.6235 2.56172
14 12.3459 4.44514
14 15.697 4.25812
14 10.5653 4.00088
14 8.26156 2.5852
14 6.86742 1.41131
14 5.28263 0.639793
14 19.6212 1.27959
14 4.4128 0.926211
14 2.94581 1.66118
14 4.16207 3.92999
14 2.11712 1.90393

15 0 1.5
15 13.9087 2.11136
15 18.0129 -0.0888429
15 11.6892 3.47842
15 8.72053 4.27723
15 5.93939 3.86357
15 3.3096 2.75868
15 2.02355 1.87079
15 1.46505 1.31592

16 0 1.5
16 19.277 4.19398
16 13.7348 -5.18608
16 17.1686 12.7112
16 17.1686 8.02563
16 19.277 -0.919083
16 17.1686 5.91808
16 17.1686 -2.64385
16 15.2609 -3.87221
16 19.6212 14.4625
16 16.1586 -3.09049
16 13.7348 -6.70653
16 8.19991 -2.78161
16 4.9053 0.744633
16 9.8106 -4.15596
16 15.9245 9.60834
16 6.82477 -0.886406
16 16.1586 11.8572
16 2.06928 1.8541

17 0 1.5
17 4.9273 3.58324
17 5.5776 5.32772
17 3.69962 2.32551
17 1.72494 1.52288

18 0 1.5
18 17.1686 2.2675
18 5.87587 3.81581
18 11.4457 7.18199
18 10.4646 5.91262
18 9.8106 4.22048
18 2.57931 2.0708
18 15.697 2.6581
18 12.6297 3.45376
18 8.19991 4.25555
18 3.81523 2.58217
18 11.8149 4.75899
18 8.58428 7.06124

19 0 1.5
19 20.3479 -2.08525
19 16.9044 -6.99429
19 10.3659 -0.607839
19 13.7348 -3.80112
19 17.4411 -9.49115
19 12.3459 -2.72662
19 8.07932 -0.686283
19 15.697 -4.9635
19 6.03729 0.241525
19 3.28978 2.44289
19 3.93831 1.08561
19 10.269 -1.70518
19 3.43371 3.14439
19 1.86869 1.72352

20 0 1.5
20 12.6297 2.12486
20 9.8106 7.56461
20 13.5653 4.89904
20 13.3998 3.6056
20 11.5662 6.91531
20 7.27674 1.30401
20 12.6297 5.90391
20 5.23232 1.67744
20 5.08698 4.41304
20 6.31487 5.73434
20 3.59081 3.38665
20 3.05219 1.71782
20 2.74697 2.58476
20 9.63849 1.09339
20 1.9379 1.69178

21 0 1.5
21 3.53308 3.30509
21 2.6605 2.10391
21 1.72224 1.56014

22 0 1.5
22 1.67754 1.51045
22 0 0
22 0 0
22 0 0

23 0 1.5
23 10.9879 1.33077
23 19.978 4.9158
23 7.22886 5.4313
23 11.6892 3.8884
23 14.27 4.7938
23 9.15656 3.88894
23 9.31176 4.82237
23 4.52176 3.13469
23 11.4457 7.67124
23 6.5404 3.67388
23 17.7224 4.96295
23 2.98584 2.05355
23 1.53248 1.35297

24 0 1.5
24 17.1686 5.44765
24 16.1586 -5.1272
24 18.9446 6.30189
24 19.6212 -13.4088
24 19.6212 6.97858
24 17.1686 -8.45844
24 19.6212 4.65597
24 15.4759 -11.0848
24 15.9245 4.82599
24 19.978 5.09097
24 10.7724 0.147588
24 12.7766 -0.791207
24 11.0989 1.91596
24 9.15656 0.737643
24 8.07932 1.82861
24 14.087 -1.81419
24 6.6192 0.946766
24 5.90746 2.0428
24 13.3998 -7.95289
24 3.92424 1.27098
24 3.67487 2.28981
24 2.87641 2.53316
24 1.88149 1.55798
24 15.4759 -3.35003
24 16.9044 -7.62424

25 0 1.5
25 12.6297 -7.96648
25 19.6212 6.24739
25 19.6212 2.97853
25 17.1686 4.4315
25 14.087 1.70611
25 13.7348 0.112905
25 13.7348 -3.28929
25 14.087 10.337
25 11.6892 10.7812
25 9.00645 -4.30888
25 8.07932 -2.70528
25 15.2609 3.18642
25 13.7348 -5.51727
25 6.86742 -0.696245
25 9.8106 -6.20975
25 5.49394 0.84001
25 18.0129 5.22199
25 3.80203 1.75647
25 2.25161 2.09151
25 13.7348 -1.48281
25 10.6678 -7.54743
25 2.16297 1.8527

26 0 1.5
26 2.59761 1.81501
26 4.01017 3.42615
26 4.73615 4.46168
26 3.61443 2.35515
26 1.82827 1.6141

27 0 1.5
27 10.6678 9.64037
27 0 0
27 0 0
27 0 0

28 0 1.5
28 17.1686 -3.35891
28 19.978 -2.3101
28 18.0129 -2.4185
28 18.6235 3.62315
28 11.4457 10.5064
28 13.9087 6.47129
28 15.697 4.55059
28 13.9087 11.4562
28 20.3479 2.79892
28 15.4759 -4.09637
28 13.5653 9.86498
28 19.6212 -8.09687
28 8.07932 -2.21824
28 6.6192 -0.961276
28 10.0806 -3.97203
28 5.11064 0.417309
28 3.67487 1.50439
28 2.46919 2.05004
28 13.7348 -4.71941

29 0 1.5
29 13.7348 8.85925
29 11.2121 9.37031
29 19.277 3.07417
29 16.3998 7.23488
29 10.7724 8.47153
29 19.6212 8.69903
29 12.4862 8.99815
29 5.90746 5.30611
29 4.50323 3.78323
29 3.39132 2.44766
29 2.109 1.59612
29 1.60877 1.40974

30 0 1.5
30 11.5662 -6.66177
30 13.7348 -9.31086
30 13.7348 -11.3582
30 13.7348 -11.855
30 6.95435 -1.59686
30 7.18162 -0.822555
30 5.90746 -0.145683
30 7.47474 -6.8859
30 4.34303 0.792563
30 5.25736 4.71642
30 7.73794 -3.65959
30 7.63047 -5.4236
30 5.54943 1.23169
30 5.6932 5.40694
30 4.55928 3.20568
30 2.66696 1.60916
30 1.87506 1.72941
30 1.99056 1.76393

31 0 1.5
31 7.79282 5.55608
31 8.13917 4.30431
31 7.27674 6.59981
31 8.07932 2.67872
31 8.02035 7.26545
31 6.5404 1.55916
31 7.32525 6.92481
31 4.73615 0.89545
31 2.50865 1.41741
31 7.63047 6.90391
31 1.88795 1.57782

32 0 1.5
32 2.36298 2.16388
32 1.3752 1.23974

33 0 1.5
33 1.96915 1.7687
33 1.92096 1.34643

34 0 1.5
34 17.1686 11.2246
34 14.087 -0.887797
34 8.58428 2.13107
34 16.6483 0.666023
34 15.2609 8.53893
34 13.2384 4.37471
34 12.2087 0.635611
34 14.27 6.78014
34 12.2087 3.55273
34 13.9087 -0.37349
34 9.8106 1.45701
34 7.27674 1.52733
34 4.73615 2.8888
34 4.46662 4.23713
34 4.77734 1.48445
34 13.7348 5.21619
34 2.04998 1.49304

35 0 1.5
35 20.7318 4.89679
35 20.3479 3.42338
35 15.2609 6.59865
35 13.0808 7.31908
35 9.89898 7.04687
35 7.47474 5.83724
35 5.38621 4.01143
35 4.16207 2.56601
35 17.7224 5.40971
35 2.62868 1.46218
35 1.64489 1.48466
35 19.6212 5.02157
35 3.5105 1.65641

36 0 1.5
36 19.978 2.9232
36 17.7224 15.3356
36 19.6212 12.9571
36 17.1686 12.0149
36 17.7224 14.0342
36 19.978 -2.9451
36 10.5653 9.97613
36 15.2609 -4.558
36 14.8485 -7.91756
36 17.1686 8.57134
36 17.1686 -4.88312
36 17.4411 6.60462
36 8.86119 -3.15162
36 7.52594 -1.10121
36 5.72285 0.661746
36 19.277 5.12362
36 10.4646 -4.69683
36 2.98584 2.00447
36 14.087 -5.5661
36 2.04616 1.88272

37 0 1.5
37 4.43059 4.19811
37 3.7247 2.64745
37 2.17152 1.60298
37 1.66736 1.46108

38 0 1.5
38 13.5653 -5.35995
38 19.277 -12.1594
38 14.8485 -6.79462
38 19.277 -8.01821
38 16.6483 -8.67655
38 19.978 -13.4555
38 17.7224 -16.268
38 15.2609 -5.39433
38 17.4411 -7.2928
38 9.89898 -2.16451
38 17.4411 -9.94994
38 7.63047 0.840512
38 8.02035 -0.672483
38 9.15656 3.21653
38 5.49394 1.00861
38 6.17296 5.72726
38 4.06958 1.57676
38 1.99056 1.82938
38 5.4666 4.16118
38 11.5662 -3.60661

39 0 1.5
39 17.1686 0.348122
39 8.07932 1.01393
39 15.2609 5.91286
39 15.9245 4.634
39 12.7766 6.35066
39 12.4862 -0.157382
39 12.3459 0.0473607
39 10.9879 -3.26972
39 9.72378 5.16364
39 10.174 0.47392
39 6.24311 3.00737
39 5.93939 1.25965
39 3.78892 2.52699
39 3.60258 1.50243
39 16.9044 3.52957
39 1.80425 1.54544
39 1.72494 1.53044

40 0 1.5
40 1.9176 1.7245
40 4.02486 3.80043
40 3.2702 2.5287

41 0 1.5
41 2.04998 1.83007
41 1.44959 1.23847
41 0 0
41 0 0

42 0 1.5
42 10.5653 -2.18282
42 15.2609 1.36322
42 10.5653 2.3681
42 15.697 -0.765601
42 17.7224 -1.54424
42 19.6212 0.76345
42 12.6297 0.173034
42 19.6212 -2.56992
42 10.5653 1.00167
42 8.07932 1.97915
42 6.5404 3.92478
42 5.52154 2.34509
42 8.58428 2.89318
42 3.36021 2.23369
42 1.77797 1.54632

43 0 1.5
43 18.0129 -14.817
43 13.7348 -6.33018
43 15.2609 7.68587
43 15.4759 8.45565
43 12.4862 -2.44284
43 15.0519 -11.1605
43 16.1586 6.03043
43 11.2121 -1.01384
43 12.4862 5.90525
43 13.3998 -4.20776
43 11.0989 4.10562
43 9.63849 -0.0792313
43 13.7348 -10.6958
43 7.63047 2.45463
43 5.72285 1.151
43 4.57828 2.17028
43 3.21283 1.18495
43 14.087 6.61602
43 19.6212 -11.1507
43 2.32302 2.14511
43 7.63047 0.715062
43 1.9978 1.2295
43 2.69311 2.21234
43 13.7348 -8.79903

44 0 1.5
44 9.15656 -2.44376
44 16.9044 13.2012
44 19.277 14.9483
44 15.9245 14.7572
44 10.6678 7.68774
44 13.3998 10.3175
44 9.23351 4.09366
44 10.4646 2.59788
44 8.32415 7.10272
44 11.4457 -0.721335
44 8.72053 5.5389
44 9.15656 8.55566
44 11.4457 -1.90056
44 11.3277 0.552495
44 8.07932 -1.89945
44 4.86189 0.503574
44 2.9301 1.77757
44 17.4411 16.4303
44 2.61616 2.24375
44 6.24311 -0.516624

45 0 1.5
45 0 0

46 0 1.5
46 19.6212 -7.10761
46 16.9044 14.8687
46 12.6297 -6.24998
46 20.7318 1.55652
46 17.4411 9.35734
46 18.3131 -7.65744
46 17.7224 8.71186
46 15.2609 -7.50188
46 13.2384 -6.21746
46 11.4457 -4.27156
46 10.0806 -2.62408
46 9.08089 -0.920654
46 7.63047 0.48089
46 5.97167 1.50867
46 17.7224 10.9651
46 4.36027 1.88533
46 17.4411 6.08848
46 19.277 3.28546
46 2.78174 1.89794
46 1.78956 1.62308

47 0 1.5
47 17.1686 14.5176
47 19.6212 8.2044
47 15.2609 10.797
47 14.8485 11.4654
47 20.3479 7.54927
47 15.9245 10.9872
47 17.7224 8.82841
47 8.51773 7.92141
47 10.5653 7.37064
47 7.68383 6.43003
47 11.2121 6.90024
47 6.78264 4.77638
47 6.0043 3.25428
47 4.9273 2.18991
47 2.87641 1.41081
47 1.60407 1.42672

48 0 1.5
48 14.27 -12.5202
48 12.6297 -8.47866
48 12.2087 -6.55014
48 8.7903 -4.7161
48 8.19991 -6.26873
48 8.02035 -7.85442
48 15.697 -10.9335
48 8.19991 -1.63122
48 8.07932 -2.43077
48 6.13848 2.7013
48 6.46346 5.99678
48 6.27878 4.35274
48 5.6932 0.308879
48 8.38769 5.41023
48 4.05457 1.31764
48 14.087 -11.1245
48 9.8106 -9.40334
48 7.13498 -0.825034
48 6.91061 6.60101
48 6.99865 0.617499
48 2.82465 1.72288
48 2.02728 1.86091
48 6.20784 5.31736

49 0 1.5
49 9.72378 9.20289
49 8.7903 5.88188
49 8.07932 6.94695
49 9.8106 4.22048
49 9.15656 5.24379
49 9.8106 2.82261
49 9.23351 1.15877
49 7.63047 0.288534
49 11.8149 6.40359
49 5.81369 -0.0860225
49 5.28263 4.7391
49 3.71212 0.746594
49 4.03966 3.79669
49 2.22427 1.35181
49 1.8436 1.47205

50 0 1.5
50 2.46365 2.25607
50 1.37006 1.2336

51 0 1.5
51 2.33288 2.09796
51 1.6548 1.43919

52 0 1.5
52 15.2609 -0.275989
52 16.3998 11.0815
52 8.45221 2.26504
52 16.6483 1.43241
52 13.7348 5.56243
52 12.3459 0.926917
52 12.0746 3.80484
52 13.2384 4.78099
52 13.9087 6.9896
52 13.7348 -0.0526888
52 9.8106 1.68282
52 15.2609 8.99055
52 7.27674 1.70279
52 4.73615 3.01338
52 4.77734 1.59441
52 2.03857 1.52495

53 0 1.5
53 20.3479 4.93992
53 17.1686 5.57937
53 19.978 3.99614
53 2.89155 1.6591
53 9.39135 7.08693
53 15.2609 6.91645
53 7.22886 5.90669
53 4.84047 4.04533
53 12.4862 7.28748
53 3.59081 2.58377
53 19.277 5.08137
53 1.98337 1.44887
53 1.9277 1.58568

54 0 1.5
54 17.7224 1.58309
54 16.3998 15.3056
54 14.8485 12.8487
54 17.1686 10.5472
54 15.0519 9.4448
54 16.1586 7.83691
54 20.3479 2.08525
54 14.087 11.0627
54 19.6212 -3.38714
54 15.4759 -1.22976
54 9.55467 -2.93748
54 16.9044 -4.97475
54 8.07932 -1.80205
54 14.8485 -2.09128
54 4.19384 1.42266
54 6.24311 0.0239495
54 2.28438 2.06436

55 0 1.5
55 9.8106 8.84419
55 5.30815 4.75036
55 4.63623 4.1338
55 3.48821 2.84257
55 2.27492 1.55215
55 1.64243 1.38343

56 0 1.5
56 13.9087 -4.47426
56 8.45221 -1.06999
56 10.5653 -2.20598
56 19.6212 -9.3442
56 12.3459 -3.26789
56 12.6297 -2.36018
56 10.5653 -1.11747
56 19.978 -3.03269
56 6.35137 -0.0452489
56 3.66262 2.26612
56 4.29214 0.910293
56 2.18013 1.79094
56 11.5662 -3.3911
56 3.32966 3.14764
56 2.01612 1.86393

57 0 1.5
57 9.15656 7.47177
57 11.0989 6.05199
57 11.3277 9.62832
57 9.23351 3.53704
57 9.8106 5.06995
57 9.8106 6.37104
57 6.31487 2.09371
57 4.16207 2.03684
57 6.27878 5.73598
57 2.37833 2.07888
57 8.13917 2.48446
57 2.08895 1.78472

58 0 1.5
58 0 0
58 0 0
58 0 0
58 0 0

59 0 1.5
59 3.06924 2.72317
59 1.91093 1.74154
59 0 0
59 0 0
59 0 0
59 0 0

60 0 1.5
60 6.10437 1.32809
60 19.6212 2.61293
60 17.4411 0.2963
60 20.7318 3.14713
60 17.4411 -7.90452
60 10.5653 0.237389
60 17.4411 -10.0646
60 12.7766 -1.84148
60 19.277 2.08114
60 15.697 -4.24091
60 15.9245 -13.6576
60 11.4457 -1.03496
60 9.15656 -0.4466
60 8.19991 0.75045
60 13.5653 -0.200719
60 6.24311 0.297658
60 17.1686 -6.03099
60 15.0519 -3.14277
60 3.91028 2.02076
60 17.1686 -13.765
60 4.02486 0.955071
60 2.8689 2.49196
60 2.04616 1.64724

61 0 1.5
61 19.6212 3.73123
61 10.269 -7.17524
61 19.6212 8.56999
61 16.3998 15.6112
61 13.0808 10.3729
61 20.3479 4.44928
61 16.9044 1.89911
61 19.978 7.12736
61 15.0519 -1.16307
61 14.27 -2.6667
61 14.4577 -4.58749
61 12.3459 10.8321
61 10.8791 -8.20962
61 9.23351 -5.01461
61 8.58428 -3.42948
61 6.27878 0.30624
61 4.71583 1.37747
61 15.2609 0.476708
61 7.63047 -1.35067
61 2.92231 1.97783
61 13.7348 -8.45279
61 2.11712 1.84592
61 14.27 -6.81142
61 17.4411 2.7814
61 1.98337 1.56191

62 0 1.5
62 3.48821 3.22107
62 4.57828 4.31797
62 3.12156 2.19138
62 2.04998 1.6256

63 0 1.5
63 17.1686 4.45032
63 18.3131 15.8869
63 15.9245 5.64632
63 8.72053 6.48514
63 19.6212 4.69898
63 10.7724 5.66146
63 13.7348 8.96462
63 7.13498 6.05677
63 12.7766 5.00631

64 0 1.5
64 18.9446 7.19475
64 19.978 4.65304
64 17.4411 8.34419
64 20.3479 3.55719
64 18.9446 0.944765
64 11.4457 -0.244627
64 9.89898 9.24936
64 19.978 3.77717
64 16.1586 -0.557881
64 15.0519 9.32932
64 18.0129 -1.66827
64 17.1686 9.22995
64 17.1686 11.5445
64 12.9269 8.90485
64 16.9044 -2.08439
64 5.52154 0.172477
64 15.697 9.26463
64 7.73794 -0.809945
64 12.6297 0.934383
64 3.76297 0.851682
64 1.85606 1.61626
64 10.3659 9.10622
64 2.05765 1.84594

65 0 1.5
65 17.1686 -6.42615
65 15.2609 -4.25692
65 3.2605 1.82792
65 18.9446 -13.1748
65 12.6297 -4.97645
65 18.0129 -13.4745
65 8.51773 7.2679
65 16.6483 -3.54908
65 17.1686 -13.351
65 19.6212 -9.15065
65 12.2087 -0.220791
65 9.00645 6.52996
65 9.98898 7.89921
65 10.3659 1.89168
65 13.7348 -11.8851
65 11.4457 -10.3308
65 12.6297 -3.14922
65 15.4759 -13.4425
65 19.6212 -11.9894
65 11.8149 -1.04245
65 9.23351 5.58134
65 19.978 -9.82065
65 9.15656 1.40002
65 9.39135 3.97836
65 7.37441 2.21061
65 10.6678 0.450157
65 12.2087 -8.19604
65 6.03729 2.41194
65 12.4862 -6.5211
65 4.73615 2.4839
65 14.087 -11.2634
65 2.27492 1.73915

66 0 1.5
66 9.4723 -3.88807
66 12.9269 -0.0637579
66 7.22886 -6.51677
66 11.6892 2.90189
66 13.2384 0.689217
66 12.6297 1.95874
66 10.269 3.30343
66 13.7348 -4.77963
66 12.4862 -2.5797
66 11.4457 -3.88266
66 5.11064 3.29646
66 5.97167 -1.60684
66 7.52594 3.32012
66 4.94949 -0.409576
66 3.86897 0.578835
66 12.6297 -1.26661
66 2.6224 1.74037
66 5.25736 4.93539
66 5.30815 4.80272
66 3.14839 2.86241
66 2.27492 1.86881
66 2.54349 2.35706
66 7.63047 -3.35787
66 2.83193 2.63677

67 0 1.5
67 2.42024 1.95635
67 2.13357 1.83687

68 0 1.5
68 2.9697 2.64461
68 5.52154 0.329825
68 2.08104 1.56812
68 1.87827 1.6356

69 0 1.5
69 10.6678 3.25633
69 14.087 6.0293
69 17.1686 2.1546
69 13.7348 5.26135
69 17.1686 12.1467
69 12.4862 4.19458
69 12.4862 1.30696
69 15.4759 1.75559
69 10.4646 2.05881
69 13.7348 -2.97315
69 15.0519 7.86105
69 5.23232 3.17423
69 6.31487 1.74764
69 2.58538 1.57694
69 5.30815 1.74829
69 0 0
69 0 0
69 0 0
69 0 0
69 0 0
69 0 0

70 0 1.5
70 15.2609 6.89972
70 3.01865 1.69564
70 19.6212 5.12909
70 17.1686 5.24065
70 12.4862 7.30116
70 7.22886 5.90669
70 19.277 7.44774
70 9.63849 7.26287
70 4.9053 4.06725
70 19.6212 4.82801
70 3.69962 2.61341
70 2.11712 1.48161
70 1.90102 1.5679
70 2.06151 1.89233

71 0 1.5
71 16.3998 0.242661
71 17.4411 2.16968
71 15.2609 -0.710881
71 16.3998 14.2271
71 19.978 2.35389
71 13.7348 12.6829
71 13.9087 9.53543
71 15.4759 8.28603
71 16.9044 12.9603
71 13.3998 11.463
71 14.27 -1.55623
71 13.5653 -2.87698
71 17.1686 7.25412
71 7.73794 -1.53084
71 5.97167 0.173448
71 3.92424 1.51185
71 2.40962 1.9689
71 9.4723 -2.65261

72 0 1.5
72 13.7348 12.2915
72 2.18882 2.00439
72 0 0
72 0 0
72 0 0
72 0 0
72 0 0

73 0 1.5
73 12.7766 -2.69571
73 10.6678 -2.48463
73 8.58428 -1.30311
73 12.4862 -3.56505
73 13.9087 -5.12977
73 10.6678 -1.38555
73 3.93831 2.13453
73 3.24126 3.05697
73 6.57957 -0.248796
73 4.52176 0.750839
73 4.27544 4.07921
73 2.08499 1.73106
73 1.87187 1.7121

74 0 1.5
74 11.3277 5.95329
74 9.8106 7.29579
74 9.08089 3.55821
74 9.23351 4.88304
74 8.02035 2.5273
74 5.97167 2.09773
74 3.82853 2.08762
74 2.83193 2.12773
74 9.23351 6.1076
74 8.72053 7.27846
74 2.43634 2.15629

75 0 1.5
75 0 0
75 0 0
75 0 0

76 0 1.5
76 11.3277 8.62265
76 16.6483 9.71664
76 8.72053 7.35493
76 12.6297 10.6381
76 2.54939 2.09149
76 3.7759 3.3874
76 1.59014 1.40736

77 0 1.5
77 15.2609 -12.1853
77 3.78892 1.83762
77 17.1686 4.58204
77 16.9044 4.0113
77 15.4759 -13.256
77 11.2121 1.08757
77 14.087 -2.72515
77 17.1686 -7.53638
77 10.6678 -0.61385
77 18.0129 5.12328
77 8.19991 1.18185
77 6.82477 0.370271
77 5.97167 1.48249
77 12.6297 -1.61268
77 4.01017 0.80654
77 19.6212 -14.7421
77 15.2609 -4.3071
77 2.54349 2.15634
77 1.99417 1.15951
77 19.6212 6.05384
77 9.15656 0.0250899
77 2.59761 2.43283
77 1.73037 1.56182

78 0 1.5
78 19.978 14.5065
78 13.7348 -3.53015
78 19.978 15.251
78 15.697 8.21515
78 19.6212 12.8496
78 9.8106 -4.4893
78 12.6297 -5.29484
78 12.4862 2.47022
78 13.7348 5.90867
78 12.4862 0.910079
78 12.4862 4.09878
78 13.5653 -0.884652
78 14.8485 7.23403
78 7.27674 -1.27211
78 8.58428 -2.71441
78 17.1686 9.53103
78 5.93939 0.484981
78 4.24242 1.75997
78 2.70637 2.28256
78 2.46919 2.15559

79 0 1.5
79 3.10392 2.93084
79 1.88149 1.7044
79 1.81918 1.58615

80 0 1.5
80 16.9044 12.108
80 14.087 0.331959
80 2.23331 2.01576
80 3.71212 2.62223
80 17.1686 -4.7514
80 19.6212 6.76352
80 20.7318 12.3272
80 13.5653 -2.04436
80 11.5662 -0.589481
80 10.3659 0.903237
80 8.65187 2.02458
80 6.86742 2.75111
80 5.28263 2.87472
80 16.3998 -2.45357

81 0 1.5
81 8.58428 4.27626
81 15.2609 9.94397
81 14.6505 6.14201
81 18.3131 9.4037
81 17.1686 10.773
81 12.6297 11.2334
81 17.1686 9.13586
81 13.7348 10.5754
81 12.7766 11.518
81 17.7224 7.99316
81 9.8106 6.0162
81 11.3277 10.1994
81 13.9087 10.4501
81 7.73794 2.83693
81 11.2121 8.31346
81 6.95435 1.72644
81 11.4457 6.66764
81 11.5662 11.0607
81 4.59744 1.24211
81 17.4411 9.98817
81 2.11712 1.51178
81 1.72224 1.46575
81 17.1686 8.28908

82 0 1.5
82 15.2609 -14.3932
82 7.08895 6.67035
82 15.4759 -12.8828
82 17.4411 -13.9834
82 13.7348 -8.75387
82 12.7766 -6.36467
82 9.98898 -5.03075
82 9.31176 -6.5676
82 7.73794 5.2286
82 10.269 -3.12334
82 16.6483 -11.3041
82 9.00645 -8.0699
82 7.57784 2.66195
82 15.2609 -11.4326
82 6.95435 5.95679
82 15.2609 -14.7947
82 9.31176 -1.86261
82 8.19991 0.399941
82 5.13452 1.13397
82 6.78264 0.107794
82 8.07932 -1.02278
82 7.37441 4.17469
82 3.92424 1.55056
82 2.59148 1.80221
82 1.5697 1.37034

83 0 1.5
83 8.72053 5.06099
83 9.15656 3.95919
83 9.23351 2.6161
83 7.68383 6.77533
83 8.51773 5.81152
83 8.7903 0.987539
83 7.22886 0.146578
83 7.42424 6.72545
83 6.65932 5.87925
83 5.28263 -0.205544
83 4.94949 4.7169
83 3.19415 0.663424
83 1.69305 1.32957
83 1.71686 1.43483

84 0 1.5
84 1.50519 1.34867

85 0 1.5
85 2.21084 1.81374
85 1.96212 1.42475

86 0 1.5
86 17.4411 0.468345
86 17.1686 11.488
86 16.6483 10.0086
86 13.7348 -1.00109
86 11.4457 3.38087
86 8.02035 2.17568
86 13.5653 5.21127
86 12.4862 4.19458
86 11.4457 0.545705
86 13.7348 6.60115
86 20.7318 11.4183
86 9.31176 1.42375
86 15.2609 8.62256
86 6.82477 1.54467
86 4.19384 2.92575
86 5.25736 1.46074
86 4.22611 1.5355
86 12.9269 -0.502979
86 1.95514 1.5954

87 0 1.5
87 19.6212 4.52694
87 19.978 4.10562
87 15.0519 5.83186
87 17.1686 5.0713
87 12.4862 6.61689
87 9.15656 6.48825
87 6.5404 5.37282
87 4.25887 3.64796
87 19.978 3.53631
87 2.92231 2.28852
87 2.14189 1.40269
87 1.43071 1.26312
87 1.60407 1.42144

88 0 1.5
88 17.4411 6.83401
88 17.1686 2.71912
88 15.697 7.49256
88 15.4759 0.653044
88 14.087 8.53057
88 17.1686 14.2354
88 12.9269 10.0383
88 14.6505 -0.32918
88 19.6212 5.49469
88 12.9269 11.4268
88 13.7348 -1.24195
88 12.4862 -2.49759
88 6.86742 -1.35862
88 5.08698 0.303867
88 2.94581 1.60629
88 19.6212 3.79574
88 8.65187 -2.46079
88 2.24701 1.94685

89 0 1.5
89 3.60258 3.03843
89 4.57828 4.13231
89 2.44175 1.70344
89 5.30815 4.98889
89 1.54108 1.38589

90 0 1.5
90 11.5662 -3.26433
90 11.0989 -2.65801
90 11.4457 -1.86293
90 18.9446 -9.74873
90 14.087 -4.54706
90 19.978 -11.9446
90 6.99865 -0.318338
90 4.44853 2.13315
90 9.08089 -1.43821
90 4.97189 0.732943
90 3.40182 3.2084
90 2.25161 1.84966
90 4.59744 4.32092
90 2.09293 1.90741

91 0 1.5
91 10.5653 3.25976
91 10.7724 5.86218
91 9.15656 7.97357
91 14.27 5.96684
91 10.7724 4.63425
91 7.47474 1.88021
91 10.5653 7.23168
91 4.77734 4.48477
91 6.46346 5.84093
91 3.12156 2.03399
91 3.69962 3.34735
91 5.28263 1.90201
91 2.04616 1.80872
91 1.88149 1.62603

92 0 1.5
92 0 0
92 0 0
92 0 0

93 0 1.5
93 3.33978 3.084
93 1.6573 1.47951
93 0 0
93 0 0
93 0 0

94 0 1.5
94 20.3479 -16.4924
94 17.7224 -7.87661
94 17.4411 0.583042
94 17.4411 -9.68231
94 19.277 2.39807
94 9.15656 -0.265953
94 16.9044 -14.0534
94 15.2609 -2.91879
94 19.277 -8.35626
94 13.3998 -1.68164
94 11.4457 -0.834239
94 8.32415 0.926046
94 15.4759 -1.45027
94 10.6678 0.426772
94 6.27878 0.430113
94 16.9044 -4.27069
94 3.93831 2.11726
94 6.20784 1.47308
94 4.05457 1.05544
94 2.96169 2.59528
94 2.13357 1.73632
94 19.978 2.967

95 0 1.5
95 17.1686 11.1493
95 10.7724 -8.4125
95 10.269 -6.99516
95 19.978 8.74771
95 14.087 -7.63505
95 19.6212 4.11833
95 16.1586 2.13412
95 15.697 9.07538
95 17.1686 3.05783
95 15.2609 0.744334
95 13.9087 10.7093
95 13.9087 -2.38576
95 14.6505 -4.40779
95 11.4457 10.7448
95 8.58428 -3.30716
95 7.63047 -1.23359
95 14.8485 -0.903237
95 6.24311 0.413983
95 4.57828 1.44769
95 9.23351 -4.8628
95 2.77472 2.02392
95 13.5653 -9.95419
95 20.3479 4.85072
95 1.97269 1.79782
95 11.4457 11.0082
95 1.7954 1.56541

96 0 1.5
96 3.84191 3.38766
96 4.86189 4.63342
96 2.37319 1.84809
96 3.45531 2.36887
96 2.08104 1.7734

97 0 1.5
97 16.1586 14.4252
97 9.00645 6.18446
97 17.1686 3.67881
97 15.2609 7.1339
97 10.7724 5.75592
97 12.4862 4.97464
97 6.86742 5.89738
97 19.6212 3.81725

98 0 1.5
98 19.978 5.98873
98 12.6297 2.0418
98 16.6483 4.95412
98 16.9044 9.86612
98 19.277 1.70083
98 16.9044 11.8301
98 15.2609 1.22941
98 17.1686 1.17609
98 15.9245 10.3589
98 12.4862 10.2298
98 13.9087 3.3919
98 11.4457 0.746425
98 17.4411 8.34419
98 5.49394 0.713557
98 3.63837 1.24619
98 13.7348 10.1689
98 7.73794 -0.0975326
98 2.01612 1.80205
98 19.6212 7.15062
98 2.18882 1.90363

99 0 1.5
99 19.6212 -12.0754
99 9.08089 7.30054
99 13.7348 -11.2829
99 11.4457 1.46149
99 15.2609 -12.938
99 16.9044 -3.06637
99 9.8106 4.90866
99 12.9269 -9.42908
99 19.6212 -11.1722
99 13.5653 -7.20359
99 17.7224 -12.1694
99 17.1686 -13.2004
99 13.7348 -5.45706
99 10.7724 2.81597
99 2.40962 2.11415
99 12.6297 0.0484495
99 13.5653 -2.04436
99 9.8106 2.31723
99 6.5404 3.10756
99 19.978 -7.19305
99 9.8106 6.63986
99 3.7247 2.28412
99 7.90494 2.97613
99 1.7751 1.60608

100 0 1.5
100 7.63047 -4.00184
100 12.4862 -3.66085
100 13.7348 -1.30217
100 13.7348 -4.90006
100 13.5653 0.825179
100 13.2384 -0.486079
100 11.3277 -7.38109
100 8.07932 2.58131
100 10.7724 2.33189
100 5.28263 -0.848232
100 2.85399 2.65419
100 5.75281 2.80271
100 6.24311 -2.14519
100 9.4723 -4.69787
100 4.29214 0.218753
100 3.15743 1.47944
100 5.30815 4.9598
100 3.13045 2.86668
100 11.4457 -4.88626
100 5.81369 4.58468
100 13.3998 -2.5041
100 12.4862 1.86806
100 2.04616 1.89394

101 0 1.5
101 2.78174 2.03514
101 1.82523 1.58942
101 0 0

102 0 1.5
102 2.58538 2.08701
102 5.81369 1.26485

103 0 1.5
103 11.4457 3.7823
103 13.7348 1.93443
103 15.2609 8.22113
103 13.3998 4.80992
103 11.4457 2.60308
103 15.2609 6.79936
103 16.1586 4.86154
103 14.087 5.61242
103 16.9044 1.0283
103 8.58428 3.71174
103 15.2609 0.995233
103 5.97167 3.54422
103 7.08895 2.14057
103 6.13848 2.14287
103 3.39132 1.89754
103 17.1686 4.65731

104 0 1.5
104 17.4411 4.97975
104 3.47718 1.70929
104 19.6212 5.00006
104 12.9269 7.21881
104 9.8106 6.9732
104 7.52594 5.89372
104 5.38621 4.04685
104 15.2609 6.54847
104 2.59148 1.5125
104 1.87827 1.60472
104 4.16207 2.62532
104 2.10093 1.93773

105 0 1.5
105 15.2609 8.48875
105 17.1686 7.49875
105 19.6212 3.79574
105 13.7348 9.73238
105 18.0129 6.46579
105 17.1686 2.34277
105 14.087 -1.38187
105 12.9269 -2.61407
105 9.23351 -2.47441
105 7.63047 -1.3674
105 19.6212 14.398
105 5.72285 0.348122
105 16.3998 0.422409
105 3.71212 1.68238
105 15.0519 11.1935
105 15.2609 -0.526888
105 15.4759 13.239

106 0 1.5
106 15.697 7.59579
106 4.14637 3.15622
106 8.58428 7.71044
106 5.08698 4.37958
106 6.78264 5.84688
106 1.5697 1.32561

107 0 1.5
107 19.6212 0.677427
107 17.7224 0.242806
107 2.21977 1.52425
107 14.27 -1.05573
107 15.2609 -5.47796
107 10.6678 -1.03478
107 8.65187 0.706469
107 13.3998 -2.31317
107 6.57957 0.342545
107 4.44853 0.962965
107 2.95373 2.53003
107 3.82853 2.15056
107 8.72053 -0.367985
107 3.42301 3.18337
107 1.90431 1.74386

108 0 1.5
108 5.72285 3.57845
108 6.17296 5.05068
108 4.71583 2.58695
108 6.74103 6.41686
108 2.74012 2.14885
108 2.54939 2.14178

109 0 1.5
109 2.01983 1.83415
109 0 0
109 0 0
109 0 0

110 0 1.5
110 19.277 3.2432
110 15.9245 3.32496
110 16.6483 4.66216
110 10.5653 4.55671
110 8.38769 4.93218
110 11.8149 1.27554
110 18.9446 3.89326
110 10.6678 3.43171
110 20.3479 3.98093
110 13.0808 3.08964
110 8.07932 3.96273
110 5.49394 3.84478

111 0 1.5
111 11.6892 0.0320297
111 19.6212 -15.1722
111 16.9044 -14.109
111 20.3479 6.47877
111 17.1686 5.29711
111 17.1686 -6.44497
111 17.1686 7.93155
111 16.6483 -8.76778
111 15.0519 6.2113
111 14.8485 -10.0495
111 9.8106 2.51078
111 15.697 -10.1421
111 18.9446 11.7628
111 20.7318 -12.2817
111 9.8106 0.790332
111 15.4759 6.89513
111 6.86742 2.20917
111 8.07932 1.20874
111 5.52154 1.19524
111 4.63623 2.19775
111 15.0519 -2.3014
111 15.9245 -12.6802
111 17.1686 6.27561
111 16.6483 -10.7932
111 15.697 -4.00005
111 13.5653 -0.869783
111 2.75385 1.24506
111 2.67997 2.23386
111 13.5653 4.31918
111 2.06151 1.19867

112 0 1.5
112 18.0129 14.205
112 18.9446 15.1474
112 13.0808 -3.44807
112 11.9433 1.79993
112 13.9087 -5.41942
112 20.3479 12.991
112 12.4862 -4.48197
112 15.697 10.6238
112 17.7224 11.5478
112 13.7348 8.2872
112 12.4862 6.75375
112 11.5662 4.96305
112 11.6892 3.3503
112 12.6297 0.0346068
112 10.4646 -4.63948
112 8.07932 -2.13855
112 12.7766 -7.97509
112 6.86742 -0.824203
112 5.13452 0.841333
112 13.0808 -2.14339
112 9.31176 -3.78135
112 2.50865 2.23128
112 3.43371 2.00782
112 2.31324 2.11579

113 0 1.5
113 3.41238 3.21836
113 1.76938 1.60672
113 1.83131 1.675

114 0 1.5
114 19.6212 -5.9248
114 16.9044 -6.49404
114 1.93108 1.77684
114 19.978 4.98149
114 3.61443 2.30761
114 17.1686 -4.93958
114 14.8485 -5.32991
114 12.6297 -3.13537
114 11.4457 -1.67475
114 9.98898 -0.0164225
114 15.697 -2.62369
114 8.58428 1.27488
114 6.86742 2.17153
114 5.23232 2.43444

115 0 1.5
115 13.9087 10.4501
115 8.58428 4.56793
115 12.4862 11.7489
115 9.55467 6.21532
115 20.7318 7.12364
115 17.1686 8.21381
115 20.7318 6.01022
115 17.1686 8.94769
115 12.9269 11.2993
115 12.4862 11.8584
115 17.1686 10.4719
115 15.4759 6.21664
115 7.22886 1.74705
115 7.63047 3.0317
115 10.5653 7.59066
115 15.4759 10.6607
115 4.57828 1.36238
115 20.3479 7.25935
115 2.04616 1.55754
115 1.63998 1.44967

116 0 1.5
116 9.15656 -8.60584
116 1.78375 1.17401
116 13.7348 -9.38613
116 17.1686 -15.2703
116 15.4759 -15.0031
116 16.6483 -15.647
116 17.7224 -14.5003
116 13.2384 -7.18962
116 9.98898 -5.42489
116 8.58428 -1.50069
116 9.8106 -8.72591
116 19.6212 -10.0539
116 9.4723 -7.07535
116 11.6892 -11.1399
116 15.2609 -13.5402
116 9.4723 -3.16133
116 7.18162 -0.310918
116 8.02035 4.7865
116 9.8106 -2.40325
116 8.07932 2.20939
116 7.63047 5.56578
116 8.07932 3.81219
116 5.66385 0.810119
116 6.78264 6.21858
116 8.65187 -0.0616382
116 16.9044 -11.8486
116 4.44853 1.28477
116 2.86143 1.4411

117 0 1.5
117 9.63849 4.01967
117 8.07932 6.8584
117 8.65187 5.7039
117 9.72378 2.65909
117 9.15656 0.988542
117 7.22886 6.88916
117 9.15656 5.12336
117 7.57784 0.153654
117 9.8106 9.0485
117 5.08698 4.83678
117 5.63481 -0.188367
117 3.5105 0.698349
117 4.02486 3.8269
117 2.01243 1.33335
117 1.8222 1.48293

118 0 1.5
118 2.26088 1.98117
118 1.5697 1.2912

119 0 1.5
119 2.00509 1.80318

120 0 1.5
120 13.7348 9.35603
120 11.4457 -1.2984
120 16.3998 10.9197
120 12.4862 7.98543
120 11.4457 6.27875
120 11.3277 4.96004
120 9.98898 3.85928
120 9.15656 0.346241
120 9.15656 3.15631
120 10.5653 -0.770067
120 6.99865 1.23116
120 15.2609 0.0250899
120 4.43059 1.40584
120 19.6212 11.5378
120 6.6192 5.21991
120 4.29214 2.08168
120 2.88396 1.34498
120 2.15027 1.42703

121 0 1.5
121 15.2609 -1.46358
121 17.4411 -4.94152
121 16.3998 -4.2151
121 11.3277 1.3471
121 8.19991 2.62882
121 12.7766 -0.469123
121 5.41275 2.77349
121 2.59148 2.1459
121 2.08499 1.88874
121 1.38911 1.23705

122 0 1.5
122 13.3998 11.3162
122 12.4862 11.5847
122 8.58428 7.85157
122 8.07932 6.70786
122 8.02035 5.35789
122 13.9087 11.5172
122 7.22886 3.68029
122 4.03966 1.70685
122 2.01612 1.72913
122 12.0746 11.4939
122 5.97167 2.41845

123 0 1.5
123 8.26156 5.66391
123 13.3998 -2.59222
123 15.2609 1.89847
123 11.3277 0.552495
123 9.89898 2.11026
123 11.4457 -0.997324
123 8.7903 0.775579
123 7.52594 1.41466
123 8.93323 3.9997
123 5.08698 1.82599
123 2.68652 1.37363
123 1.57419 1.38117

124 0 1.5
124 11.2121 0.682036
124 19.6212 4.18285
124 19.6212 1.23657
124 11.3277 1.5085
124 15.2609 -0.443255
124 13.7348 4.05704
124 13.9087 5.51089
124 6.5404 1.3226
124 19.6212 2.80649
124 14.087 -0.594438
124 6.82477 2.35253
124 4.16207 2.4839
124 4.52176 1.47442
124 18.6235 5.35818
124 2.93793 2.46176
124 2.19757 1.61017
124 9.00645 1.01182
124 1.66483 1.49536
124 9.15656 2.67458

125 0 1.5
125 4.48485 4.23968
125 3.84191 2.92025
125 2.57327 2.09133
125 2.42024 2.22162

126 0 1.5
126 2.11712 1.95498
126 0 0
126 0 0

127 0 1.5
127 13.7348 -2.92799
127 19.6212 -14.1615
127 19.978 -11.7038
127 18.9446 -16.6009
127 19.6212 -7.15062
127 9.08089 0.661876
127 17.1686 -5.20302
127 15.697 -4.00005
127 11.2121 -1.59142
127 12.7766 -1.50539
127 6.5404 0.913989
127 9.00645 -0.419536
127 7.22886 1.7312
127 5.30815 3.06315
127 8.58428 -0.465731
127 4.19384 1.67547
127 1.95514 1.77969
127 1.75245 1.58367

128 0 1.5
128 19.978 -5.72597
128 16.9044 -9.43998
128 11.0989 7.03734
128 13.3998 10.3909
128 19.277 -6.87728
128 10.5653 -5.20519
128 19.277 8.14498
128 15.697 -10.8991
128 17.4411 -7.90452
128 17.1686 8.87242
128 11.4457 -9.87915
128 10.9879 9.48398
128 10.7724 -7.5742
128 9.98898 -3.14764
128 8.07932 6.53961
128 3.7247 2.76584
128 9.08089 -1.54769
128 7.63047 -0.271807
128 6.86742 4.65543
128 15.2609 -13.6071
128 12.3459 7.66567
128 5.97167 0.487617
128 3.92424 1.06023
128 15.2609 9.94397
128 5.43954 3.24032
128 2.01243 1.30909
128 2.2153 2.05535
128 2.20198 1.01486

129 0 1.5
129 7.63047 3.55022
129 7.63047 2.31245
129 5.97167 5.58632
129 6.65932 4.47786
129 6.13848 0.992383
129 4.67569 1.02751
129 2.59148 1.57782
129 2.16297 1.72943

130 0 1.5
130 0 0

131 0 1.5
131 14.6505 -8.69516
131 13.7348 -8.76892
131 20.7318 -1.39746
131 15.4759 13.9344
131 15.697 7.75063
131 19.277 0.242976
131 17.1686 2.51213
131 16.3998 -8.27742
131 18.0129 14.5011
131 18.0129 7.96625
131 16.3998 10.2726
131 16.1586 12.0343
131 15.4759 5.2498
131 11.2121 -6.83879
131 9.72378 -4.59878
131 8.45221 -2.92278
131 7.22886 -1.14489
131 19.6212 -7.40869
131 5.97167 0.291261
131 4.55928 1.41669
131 2.8174 1.80493
131 2.16723 1.84448

132 0 1.5
132 19.6212 6.37642
132 14.087 11.2171
132 19.6212 8.01085
132 19.277 11.5255
132 19.6212 8.05386
132 6.95435 6.32266
132 12.6297 10.6796
132 14.8485 10.8795
132 5.84461 4.62188
132 4.97189 3.13068
132 3.92424 2.13121
132 15.4759 14.1041
132 1.71418 1.40253

133 0 1.5
133 16.3998 -15.5213
133 15.0519 -10.5501
133 8.72053 -5.13746
133 8.65187 -8.5203
133 8.19991 -6.76304
133 6.5404 2.44806
133 7.22886 -1.22412
133 6.17296 5.84228
133 6.5017 4.99898
133 6.5017 4.00132
133 5.75281 -0.0472899
133 9.15656 6.79936
133 7.13498 0.215056
133 12.4862 -8.99815
133 4.19384 1.02275
133 2.99397 1.4652
133 13.9087 -11.8221
133 8.45221 -2.09829
133 1.89446 1.67877
133 1.30034 0.979842

134 0 1.5
134 10.4646 5.47677
134 11.4457 0.909509
134 9.15656 6.0567
134 10.6678 4.12157
134 11.4457 2.302
134 11.3277 3.54466
134 7.27674 5.77035
134 5.43954 4.82621
134 6.57957 -1.20071
134 4.73615 0.0181686
134 10.9879 -1.92088
134 8.58428 -1.20902
134 3.37051 0.88846
134 2.04616 1.53511
134 2.13357 1.91404

135 0 1.5
135 2.03857 1.73721

136 0 1.5

137 0 1.5

140 0 1.5

141 0 1.5

142 0 1.5
142 20.3479 10.4709
142 16.3998 11.3871

143 0 1.5
143 17.1686 11.5257
143 20.7318 10.1685
143 15.9245 10.9697

144 0 1.5
144 17.1686 11.5257
144 15.697 10.813

145 0 1.5
145 17.1686 11.5257
145 15.697 10.8302

146 0 1.5
146 17.1686 11.5069
146 15.9245 10.9872
146 20.7318 10.1912

147 0 1.5
147 15.697 10.813
147 20.7318 10.1912

148 0 1.5
148 17.1686 11.5257
148 15.697 10.813
148 20.7318 10.1685

149 0 1.5
149 20.7318 10.1685
149 17.1686 11.5069
149 15.697 10.813

150 0 1.5
150 17.1686 11.5069
150 16.1586 11.1311

151 0 1.5
151 20.7318 10.1685
151 17.1686 11.5257
151 16.1586 11.1311

152 0 1.5
152 17.1686 11.5257
152 15.9245 10.9872

153 0 1.5
153 17.1686 11.5257
153 15.9245 10.9697

154 0 1.5
154 20.7318 10.1685
154 17.1686 11.5257
154 15.697 10.813

155 0 1.5
155 20.7318 10.1685
155 15.9245 10.9697
155 17.1686 11.5069

156 0 1.5
156 17.1686 11.5069
156 15.9245 10.9697

157 0 1.5
157 20.7318 10.1685
157 17.1686 11.5257
157 15.9245 10.9697

158 0 1.5
158 17.1686 11.5257
158 15.9245 10.9697

159 0 1.5
159 20.7318 10.1685
159 17.1686 11.5257
159 15.9245 10.9697

160 0 1.5
160 17.1686 11.5257
160 15.9245 10.9697

161 0 1.5
161 17.1686 11.5257
161 20.7318 10.1912
161 15.9245 10.9697

162 0 1.5
162 17.1686 11.5257
162 16.1586 11.1311

163 0 1.5
163 17.1686 11.5069
163 16.1586 11.1311

164 0 1.5
164 17.1686 11.5069
164 15.9245 10.9697

165 0 1.5
165 17.1686 11.5069
165 16.1586 11.1311

166 0 1.5
166 17.1686 11.5257
166 15.9245 10.9697

167 0 1.5
167 20.7318 10.1685
167 17.1686 11.5257
167 15.697 10.8302

168 0 1.5
168 20.7318 10.1685
168 17.1686 11.5257
168 15.9245 10.9697

169 0 1.5
169 17.1686 11.5257
169 15.9245 10.9697
