
1 0 1.5
1 0.996046 1.58884
1 1.99209 1.67769
1 2.98934 1.719
1 3.9886 1.68056
1 4.98784 1.64724
1 5.98678 1.69321
1 6.98573 1.73917
1 7.98431 1.79163
1 8.98224 1.85592
1 9.98033 1.91651
1 10.9801 1.9354
1 11.98 1.95429
1 13.9124 1.52003
1 15.6223 0.564718
1 16.4853 0.0871497
1 16.4853 0.0871497
1 16.4853 0.0871497
1 16.4853 0.0871497
1 16.4853 0.0871497

2 0 1.5
2 0.996046 1.58884
2 1.99209 1.67769
2 2.98937 1.71987
2 3.98872 1.68377
2 4.95462 1.70418
2 4.95462 1.70418
2 4.95462 1.70418
2 4.95462 1.70418
2 6.36698 4.22074
2 6.36698 4.22074
2 6.36698 4.22074
2 6.36698 4.22074
2 6.36698 4.22074
2 6.36698 4.22074
2 9.18164 3.18264

3 0 1.5
3 0.996165 1.5875
3 1.99233 1.67499
3 2.98973 1.71623
3 3.98914 1.68199
3 4.95484 1.70462
3 5.4041 2.59802
3 5.85337 3.49141
3 6.36743 4.22057
3 7.30566 3.87454
3 8.24388 3.52851
3 9.1821 3.18247
3 10.1203 2.83644
3 11.0585 2.49041
3 11.0585 2.49041

4 0 1.5
4 0.995801 1.59154
4 1.9916 1.68308
4 2.98859 1.72643
4 3.9877 1.68419
4 4.95439 1.69751
4 4.95439 1.69751
4 4.95439 1.69751
4 4.95439 1.69751
4 6.36133 4.26004
4 6.36133 4.26004
4 6.36133 4.26004
4 6.36133 4.26004
4 6.36133 4.26004
4 6.36133 4.26004
4 9.17247 3.21244

5 0 1.5
5 0.996046 1.58884
5 1.99209 1.67769
5 2.98937 1.71987
5 3.98872 1.68377
5 4.95456 1.70421
5 5.40289 2.59808
5 5.85123 3.49195
5 6.3612 4.22959
5 7.29909 3.88265
5 8.23697 3.53571
5 9.17486 3.18877
5 10.1128 2.84183
5 11.0506 2.4949
5 11.0506 2.4949

6 0 1.5
6 0.995924 1.59019
6 1.99185 1.68039
6 2.989 1.72355
6 3.98828 1.68556
6 4.95433 1.70376
6 4.95433 1.70376
6 4.95433 1.70376
6 4.95433 1.70376
6 6.36081 4.22999
6 6.36081 4.22999
6 6.36081 4.22999
6 6.36081 4.22999
6 6.36081 4.22999
6 6.36081 4.22999
6 9.17648 3.1946

7 0 1.5
7 0.996046 1.58884
7 1.99209 1.67769
7 2.98934 1.719
7 3.9886 1.68056
7 4.95448 1.69863
7 5.40301 2.59239
7 5.85154 3.48616
7 6.36235 4.22271
7 7.30123 3.87849
7 8.24012 3.53427
7 9.17901 3.19005
7 10.1179 2.84583
7 11.0568 2.50161
7 11.0568 2.50161

8 0 1.5
8 0.996022 1.58911
8 1.99204 1.67822
8 2.98925 1.72027
8 3.98848 1.68118
8 4.9548 1.69831
8 4.9548 1.69831
8 4.9548 1.69831
8 4.9548 1.69831
8 6.36217 4.25973
8 6.36217 4.25973
8 6.36217 4.25973
8 6.36217 4.25973
8 6.36217 4.25973
8 6.36217 4.25973
8 9.17332 3.21213

9 0 1.5
9 0.995924 1.59019
9 1.99185 1.68039
9 2.98897 1.7227
9 3.98816 1.68236
9 4.95463 1.69798
9 5.40945 2.58856
9 5.86427 3.47914
9 6.36176 4.2597
9 7.29813 3.90869
9 8.23451 3.55767
9 9.17088 3.20666
9 10.1072 2.85565
9 11.0436 2.50464
9 11.0436 2.50464

10 0 1.5
10 0.996142 1.58776
10 1.99228 1.67552
10 2.98961 1.71659
10 3.98892 1.67939
10 4.95464 1.69895
10 4.95464 1.69895
10 4.95464 1.69895
10 4.95464 1.69895
10 6.3626 4.22235
10 6.3626 4.22235
10 6.3626 4.22235
10 6.3626 4.22235
10 6.3626 4.22235
10 6.3626 4.22235
10 9.17727 3.18426

11 0 1.5
11 0.996022 1.58911
11 1.99204 1.67822
11 2.98929 1.72157
11 3.98866 1.68603
11 4.96659 1.68643
11 4.96659 1.68643
11 4.96659 1.68643
11 4.96659 1.68643
11 6.35717 4.22461
11 6.35717 4.22461
11 6.35717 4.22461
11 6.35717 4.22461
11 6.35717 4.22461
11 6.35717 4.22461

12 0 1.5
12 0.996764 1.58039
12 1.99353 1.66077
12 2.99029 1.74116
12 3.98716 1.82018
12 4.9843 1.89585
12 5.98143 1.97151
12 5.98143 1.97151
12 6.92992 2.25125
12 7.85397 2.63351
12 10.7618 2.57983
12 10.7618 2.57983

13 0 1.5
13 0.999319 1.53689
13 1.99864 1.57378
13 1.99864 1.57378
13 1.99864 1.57378
13 4.07887 2.5982
13 5.99954 2.04051
13 6.95988 1.76166
13 6.95988 1.76166
13 7.82881 1.83543
13 7.82881 1.83543
13 7.82881 1.83543
13 7.82881 1.83543
13 7.82881 1.83543
13 7.82881 1.83543
13 7.82881 1.83543
13 8.53278 2.54566
13 9.98985 3.91174
13 9.98985 3.91174
13 10.7285 4.58205
13 10.7285 4.58205

14 0 1.5
14 0.982281 1.68741
14 1.96456 1.87482
14 2.92775 1.66647
14 3.82305 1.22168
14 4.7361 0.819756
14 5.66439 0.825644
14 5.66439 0.825644
14 6.56351 1.26336
14 7.3738 1.83769
14 8.13875 2.48179
14 8.97676 3.02471
14 9.82874 3.54827
14 10.6968 4.03368
14 11.667 4.27576
14 12.6457 4.42841
14 13.6442 4.37268
14 14.6426 4.31696
14 15.6411 4.26123
14 16.5137 3.78469
14 17.3789 3.28319
14 18.244 2.7817
14 18.9683 2.11869

15 0 1.5
15 0.992198 1.37533
15 0.992198 1.37533
15 1.83637 1.68483
15 1.83637 1.68483
15 3.46944 2.82584
15 4.39137 3.21318
15 5.31331 3.60053
15 7.24592 4.0579
15 8.23504 4.20502
15 10.1779 3.8851
15 12.0595 3.25035
15 12.911 2.72592
15 13.7624 2.20148
15 14.6386 1.72007
15 15.5199 1.2476
15 16.4013 0.77512
15 17.2826 0.302644
15 17.2826 0.302644
15 17.2826 0.302644
15 17.2826 0.302644
15 17.2826 0.302644
15 17.2826 0.302644
15 17.2826 0.302644

16 0 1.5
16 0.985672 1.66867
16 1.97134 1.83734
16 2.90802 1.52598
16 3.8393 1.16166
16 4.77057 0.79734
16 5.55709 0.190781
16 6.31913 -0.456751
16 7.02237 -1.15874
16 7.60965 -1.96812
16 8.19693 -2.77751
16 8.95676 -3.42741
16 9.71747 -4.0765
16 10.6594 -4.37878
16 11.6267 -4.63268
16 12.5939 -4.88658
16 13.5611 -5.14048
16 14.3566 -4.65082
16 15.1144 -3.99838
16 15.8692 -3.34249
16 15.8692 -3.34249

17 0 1.5
17 0.999912 1.51326
17 1.97961 1.6264
17 1.97961 1.6264
17 2.90601 2.00294
17 3.79975 2.42808
17 3.79975 2.42808
17 3.79975 2.42808
17 4.49825 3.14369
17 5.06204 3.94471
17 5.06204 3.94471
17 5.41134 4.88172
17 5.41134 4.88172
17 5.41134 4.88172
17 5.41134 4.88172
17 5.41134 4.88172

18 0 1.5
18 0 1.5
18 0.976377 1.71607
18 1.95275 1.93214
18 2.91038 2.20778
18 3.83304 2.59283
18 3.83304 2.59283
18 4.69103 3.10648
18 6.48414 3.9309
18 7.46671 4.11682
18 9.4534 4.22826
18 9.4534 4.22826
18 9.4534 4.22826
18 9.4534 4.22826
18 9.4534 4.22826
18 10.0423 4.81997
18 10.0423 4.81997
18 10.0423 4.81997

19 0 1.5
19 0.992922 1.61877
19 0.992922 1.61877
19 1.97396 1.77681
19 1.97396 1.77681
19 1.97396 1.77681
19 2.86616 2.22845
19 2.86616 2.22845
19 2.86616 2.22845
19 2.86616 2.22845
19 2.86616 2.22845
19 3.39534 2.95737
19 3.39534 2.95737
19 3.39534 2.95737
19 3.39534 2.95737

20 0 1.5
20 0.995139 1.59848
20 1.99052 1.69301
20 2.99025 1.71637
20 2.99025 1.71637
20 4.56752 4.05668
20 2.99025 1.71637
20 6.45174 2.47535
20 7.84179 1.25362
20 7.84179 1.25362
20 7.84179 1.25362
20 8.83783 1.16479
20 9.82394 1.15734
20 9.82394 1.15734
20 10.7693 1.48333
20 11.7147 1.80932
20 12.6228 2.15616
20 12.6228 2.15616
20 12.6228 2.15616
20 12.6228 2.15616
20 12.6228 2.15616
20 12.6228 2.15616
20 12.4061 3.13239
20 12.1893 4.10862
20 11.9726 5.08485
20 11.7558 6.06108
20 11.7558 6.06108

21 0 1.5
21 0.999391 1.5349
21 0.999391 1.5349
21 1.96165 1.69889
21 1.96165 1.69889
21 2.7735 2.25946
21 2.7735 2.25946
21 3.36123 3.06852
21 3.36123 3.06852
21 3.36123 3.06852
21 3.36123 3.06852
21 3.36123 3.06852

22 0 0
22 0 0
22 0 0
22 0 0
22 0 0
22 0 0
22 0 0
22 0 0
22 0 0
22 0 0

23 0 1.5
23 0.995429 1.40449
23 1.94728 1.55292
23 1.94728 1.55292
23 2.84809 1.98715
23 2.84809 1.98715
23 3.67852 2.54113
23 5.45775 3.3847
23 6.42388 3.64276
23 8.18094 5.15296
23 8.18094 5.15296
23 8.18094 5.15296

24 0 1.5
24 0.999526 1.5308
24 1.96549 1.64031
24 2.67964 2.3403
24 3.56941 2.32195
24 3.8864 1.42557
24 4.75907 1.17055
24 5.75191 1.05111
24 6.72745 1.01214
24 7.58344 1.52913
24 8.37491 1.52925
24 9.07753 0.817683
24 9.99023 0.433216
24 10.9239 0.0766251
24 11.8295 -0.347564
24 12.7351 -0.771753
24 13.5287 -1.37834
24 14.2827 -2.03055
24 14.9534 -2.77225
24 15.385 -3.5515
24 14.9739 -4.46307

25 0 1.5
25 0.986964 1.66094
25 1.97393 1.82188
25 2.79285 1.97455
25 3.77029 1.76333
25 4.65277 1.29565
25 5.52283 0.807688
25 6.18934 0.0621917
25 6.85585 -0.683305
25 7.37498 -1.53766
25 7.8915 -2.39393
25 8.39784 -3.25621
25 8.89837 -4.12194
25 9.31193 -5.03098
25 9.70155 -5.95196
25 10.1991 -6.81603

26 0 1.5
26 0.998058 1.56229
26 1.99099 1.6566
26 1.99099 1.6566
26 2.92705 1.99001
26 2.92705 1.99001
26 3.69126 2.56306
26 3.69126 2.56306
26 3.69126 2.56306
26 4.63008 4.31038
26 4.63008 4.31038
26 4.63008 4.31038

27 0 0
27 0 0
27 0 0

28 0 1.5
28 0.976075 1.71743
28 1.95215 1.93487
28 2.89764 1.85614
28 3.79197 1.41573
28 4.58923 0.812088
28 5.36605 0.183901
28 6.10425 -0.490689
28 6.84839 -1.15857
28 7.60625 -1.81099
28 8.36194 -2.46591
28 9.11402 -3.12498
28 9.8661 -3.78405
28 10.7809 -4.11525
28 11.7606 -4.31563
28 11.7606 -4.31563
28 12.7403 -4.51601
28 13.72 -4.71639
28 14.6622 -4.38757
28 15.6003 -4.04215
28 16.5171 -3.64274
28 17.3619 -3.14358

29 0 1.5
29 0.99843 1.44398
29 1.97301 1.54545
29 1.97301 1.54545
29 1.97301 1.54545
29 2.82115 2.06904
29 3.59323 2.69018
29 3.59323 2.69018
29 4.89486 4.20796
29 5.57275 4.94312
29 6.33179 5.58221
29 7.16999 6.12758

30 0 1.5
30 0.992599 1.62144
30 2.93353 1.47929
30 3.83251 1.04129
30 3.83251 1.04129
30 4.74908 0.940363
30 4.74908 0.940363
30 4.74908 0.940363
30 4.74908 0.940363
30 4.74908 0.940363
30 5.53705 1.37945
30 5.53705 1.37945
30 5.53705 1.37945
30 5.53705 1.37945
30 5.53705 1.37945
30 5.53705 1.37945
30 5.45352 2.37595
30 5.37 3.37246
30 5.605 5.26721

31 0 1.5
31 0.999152 1.54118
31 2.96563 1.31033
31 3.93925 1.08218
31 3.93925 1.08218
31 4.90651 0.958117
31 4.90651 0.958117
31 5.84502 1.30336
31 6.74989 1.71156
31 6.74989 1.71156
31 7.55854 2.29985
31 7.55854 2.29985
31 8.09242 3.03447
31 8.09242 3.03447
31 8.09242 3.03447
31 8.12921 4.03379

32 0.982559 1.31405
32 0.982559 1.31405
32 0.982559 1.31405
32 1.81363 1.64992
32 1.81363 1.64992
32 1.81363 1.64992
32 1.81363 1.64992
32 1.81363 1.64992
32 1.81363 1.64992
32 1.81363 1.64992

33 0 1.5
33 0.99682 1.42031
33 1.92923 1.41888
33 1.92923 1.41888
33 1.92923 1.41888
33 1.92923 1.41888
33 1.92923 1.41888
33 1.92923 1.41888
33 1.92923 1.41888

34 0 1.5
34 0.999994 1.4966
34 1.99999 1.49321
34 2.99998 1.49005
34 3.99998 1.4869
34 4.99994 1.48827
34 5.99979 1.50542
34 6.99965 1.52257
34 7.93302 1.83036
34 8.83199 1.99491
34 9.70833 1.51322
34 10.6462 1.17079
34 11.5923 0.846756
34 12.5083 0.457779
34 13.3682 -0.0526679

35 0 1.5
35 0.999957 1.49068
35 1.99984 1.47655
35 2.99099 1.54198
35 2.99099 1.54198
35 3.78305 2.0369
35 4.38772 2.83244
35 5.03399 3.59555
35 5.72877 4.3109
35 6.48164 4.96907
35 7.23452 5.62723
35 8.08403 6.14126
35 8.97882 6.58774
35 9.87362 7.03421
35 10.8671 7.1297
35 11.8635 7.21494
35 12.8598 7.30018
35 13.8197 7.07491
35 14.7692 6.76114
35 15.6951 6.38895
35 16.5955 5.95401
35 17.496 5.51906
35 18.4558 5.25979
35 19.4355 5.05952

36 0 1.5
36 0 1.5
36 0.982953 1.68386
36 3.85743 1.57688
36 4.75521 1.13645
36 6.38224 0.0170363
36 7.09726 -0.682067
36 7.74447 -1.43679
36 8.29017 -2.27477
36 8.83588 -3.11275
36 9.54785 -3.81334
36 10.2679 -4.50725
36 10.2679 -4.50725
36 10.2679 -4.50725
36 11.1714 -4.86642
36 12.1438 -5.09977
36 13.1162 -5.33312
36 14.0882 -5.56507
36 14.0882 -5.56507
36 14.0882 -5.56507
36 14.0882 -5.56507
36 16.6945 -4.80232

37 0 1.5
37 0.999728 1.47666
37 1.98712 1.55108
37 1.98712 1.55108
37 1.98712 1.55108
37 2.84238 2.05411
37 3.6722 2.61214
37 3.6722 2.61214
37 3.6722 2.61214
37 4.1128 3.5
37 4.1128 3.5
37 4.1128 3.5
37 4.1128 3.5
37 4.1128 3.5
37 4.1128 3.5
37 4.1128 3.5

38 0 1.5
38 0.986584 1.66325
38 0.986584 1.66325
38 2.96576 1.71089
38 4.89444 1.24774
38 5.84742 0.980802
38 7.93276 -0.332604
38 8.52858 -1.07612
38 9.31165 -1.69805
38 10.088 -2.32804
38 10.8444 -2.98225
38 11.6005 -3.63668
38 12.3523 -4.29607
38 13.1041 -4.95545
38 13.1041 -4.95545
38 13.9518 -5.36778
38 13.9518 -5.36778
38 16.5359 -6.50453
38 17.29 -7.16124
38 17.29 -7.16124
38 17.29 -7.16124
38 17.29 -7.16124

39 0 1.5
39 0.999844 1.51765
39 1.99827 1.5408
39 2.99799 1.51689
39 2.99799 1.51689
39 2.99799 1.51689
39 5.11758 2.78706
39 7.4986 1.64437
39 7.4986 1.64437
39 8.21765 0.978264
39 9.18599 0.728623
39 10.1543 0.478981
39 10.1543 0.478981
39 10.1543 0.478981
39 10.1543 0.478981
39 10.1543 0.478981

40 0 1.5
40 0.993216 1.61628
40 0.993216 1.61628
40 1.97717 1.75992
40 1.97717 1.75992
40 2.83672 2.27097
40 2.83672 2.27097
40 3.52316 2.95499
40 3.52316 2.95499
40 3.52316 2.95499
40 3.52316 2.95499
40 3.52316 2.95499
40 3.52316 2.95499
40 3.52316 2.95499

41 0 0
41 0 0
41 0 0
41 0 0
41 0 0
41 0 0
41 0 0
41 0 0
41 0 0
41 0 0
41 0 0

42 0 1.5
42 0.999661 1.52604
42 1.98106 1.63455
42 1.98106 1.63455
42 2.89825 2.033
42 4.85455 2.31071
42 4.85455 2.31071
42 5.70156 2.62419
42 7.83698 3.27036
42 10.1486 1.39951
42 10.1486 1.39951
42 10.1486 1.39951

43 0 1.5
43 0.990957 1.36582
43 1.98191 1.23165
43 3.69759 1.17839
43 3.69759 1.17839
43 4.6975 1.16487
43 6.67291 0.933887
43 7.64698 0.708529
43 8.57688 0.3407
43 10.3765 -0.517546
43 11.8963 -1.78122
43 12.9982 -3.43178
43 13.5754 -5.3202
43 13.7348 -7.3077
43 13.7348 -8.3077
43 13.7348 -9.3077
43 13.7348 -9.3077

44 0 1.5
44 0.961884 1.77346
44 1.92377 2.04691
44 2.77266 2.01136
44 3.5296 1.3822
44 4.36441 0.831659
44 5.18692 0.263504
44 5.99129 -0.330622
44 6.79184 -0.929868
44 7.59065 -1.53145
44 8.42586 -2.07455
44 9.26295 -2.29693
44 9.26295 -2.29693
44 9.84972 -1.48718
44 9.84972 -1.48718
44 10.4365 -0.67742

45 0 0
45 0 1

46 0 1.5
46 0.997643 1.56861
46 1.98829 1.67813
46 1.98829 1.67813
46 3.95837 1.88854
46 6.77349 1.01187
46 8.34373 -0.208337
46 9.06285 -0.903224
46 9.57435 -1.76146
46 10.0805 -2.6239
46 10.7185 -3.39393
46 11.3565 -4.16395
46 11.8875 -5.00971
46 12.401 -5.86778
46 12.401 -5.86778
46 13.1835 -6.22039
46 14.0362 -6.72409
46 14.8803 -7.26018
46 14.8803 -7.26018
46 15.8094 -7.52983
46 16.8081 -7.58073
46 17.8068 -7.63163
46 17.8068 -7.63163
46 18.7676 -7.46641

47 0 1.5
47 0.998958 1.45436
47 1.9983 1.42179
47 2.99029 1.45408
47 3.92511 1.8092
47 4.85993 2.16432
47 5.5873 2.84218
47 6.19266 3.62264
47 6.64795 4.51299
47 7.1196 5.39469
47 7.59812 6.27277
47 8.08446 7.14653
47 8.62609 7.89226

48 0 1.5
48 0 1.5
48 0.98452 1.67527
48 3.89943 1.36875
48 4.76704 0.879031
48 5.61861 0.354794
48 5.61861 0.354794
48 5.61861 0.354794
48 5.61861 0.354794
48 5.61861 0.354794
48 5.61861 0.354794
48 6.58114 0.518796
48 6.58114 0.518796
48 6.58114 0.518796
48 6.58114 0.518796
48 6.58114 0.518796
48 6.58114 0.518796
48 6.9039 1.18057
48 6.9039 1.18057

49 0 1.5
49 0.999885 1.48484
49 2.92546 1.06658
49 3.85227 0.691069
49 4.78196 0.322736
49 5.71166 -0.0455977
49 5.71166 -0.0455977
49 6.6856 0.0937354
49 6.6856 0.0937354
49 7.66146 0.305358
49 7.66146 0.305358
49 8.54031 0.782458
49 9.30273 1.35835
49 9.30273 1.35835
49 9.30273 1.35835
49 9.63042 2.30314
49 9.63042 2.30314
49 9.66818 3.24965
49 9.66818 3.24965

50 0.981615 1.30913
50 0.981615 1.30913
50 0.981615 1.30913
50 1.81146 1.64629
50 1.81146 1.64629
50 1.81146 1.64629
50 1.81146 1.64629
50 1.81146 1.64629
50 1.81146 1.64629
50 1.81146 1.64629
50 1.81146 1.64629

51 0 1.5
51 0.999326 1.46328
51 0.999326 1.46328
51 1.90159 1.67896
51 1.90159 1.67896
51 1.90159 1.67896
51 1.90159 1.67896
51 1.90159 1.67896
51 1.90159 1.67896
51 1.90159 1.67896

52 0 1.5
52 0.999925 1.51224
52 1.99985 1.52447
52 2.99954 1.54932
52 3.99922 1.57467
52 4.99876 1.60401
52 5.99782 1.64733
52 6.99688 1.69066
52 6.99688 1.69066
52 9.75449 1.70687
52 9.75449 1.70687
52 9.75449 1.70687
52 9.75449 1.70687
52 9.75449 1.70687
52 9.75449 1.70687
52 9.75449 1.70687
52 10.4957 2.32493
52 10.4957 2.32493
52 11.2253 3.00879
52 12.7151 4.34205
52 12.7151 4.34205
52 13.4084 5.04853
52 13.4084 5.04853

53 0 1.5
53 0.999014 1.5444
53 1.95423 1.52048
53 2.8823 1.65696
53 3.489 2.44914
53 4.13098 3.21553
53 4.78084 3.97559
53 5.55685 4.60363
53 6.3456 5.21834
53 7.13436 5.83304
53 8.00147 6.32837
53 8.87924 6.80744
53 9.80707 7.11387
53 10.805 7.17854
53 11.8029 7.2432
53 12.7987 7.2457
53 13.7898 7.11316
53 14.781 6.98062
53 15.6833 6.62039
53 16.5022 6.04642
53 17.3498 5.53655
53 18.3231 5.30668
53 19.2877 5.06471
53 19.8303 4.2247

54 0 1.5
54 0.970812 1.73984
54 1.94162 1.97968
54 2.89762 1.85827
54 3.84552 1.53972
54 4.71628 1.06607
54 5.54223 0.502327
54 6.35048 -0.0828273
54 7.05956 -0.787959
54 7.76864 -1.49309
54 8.52457 -2.14472
54 9.31705 -2.75461
54 9.31705 -2.75461
54 10.2461 -2.82697
54 11.2335 -2.66912
54 12.221 -2.51128
54 13.2084 -2.35343
54 14.1959 -2.19559
54 15.0481 -1.81712
54 15.0481 -1.81712
54 15.6465 -1.01614
54 16.2705 -0.234757
54 16.8946 0.546624
54 17.5186 1.32801
54 18.3839 1.70962
54 19.3661 1.89747

55 0 1.5
55 0.997491 1.42921
55 1.98393 1.47452
55 1.98393 1.47452
55 1.98393 1.47452
55 2.75362 2.06128
55 2.75362 2.06128
55 3.43862 2.78982
55 4.10455 3.53579
55 4.78346 4.2689
55 5.52115 4.94403

56 0 1.5
56 0 1.5
56 0.984096 1.67764
56 3.75316 2.07112
56 4.94539 0.607168
56 4.94539 0.607168
56 5.85248 0.186249
56 6.75584 -0.242538
56 7.65462 -0.680941
56 8.56476 -1.07252

57 0 1.5
57 0.990839 1.63505
57 1.98168 1.7701
57 1.98168 1.7701
57 3.85702 2.04403
57 4.85669 2.05519
57 5.85634 2.0816
57 5.85634 2.0816
57 5.85634 2.0816
57 5.85634 2.0816
57 6.30951 2.635
57 6.30951 2.635
57 6.30951 2.635
57 9.13189 6.249

58 0 0
58 0 0
58 0 0
58 0 0
58 0 0
58 0 0
58 0 0
58 0 0
58 0 0
58 0 0
58 0 0

59 0 0
59 0 0
59 0 0
59 0 0
59 0 0
59 0 0
59 0 0
59 0 0
59 0 0
59 0 0
59 0 0
59 0 0
59 0 0

60 0 1.5
60 0.997421 1.57178
60 1.99484 1.64355
60 2.70799 2.32675
60 3.56986 2.17479
60 3.97724 1.39799
60 4.55653 0.797503
60 5.51531 0.513353
60 6.47782 0.351968
60 7.45208 0.577406
60 8.345 0.568895
60 8.9693 -0.212287

61 0 1.5
61 0.999513 1.5312
61 1.99004 1.57609
61 2.80963 1.95937
61 3.76231 1.69665
61 4.7106 1.37922
61 5.53613 0.815242
61 6.34178 0.229018
61 6.97391 -0.545849
61 7.60603 -1.32072
61 8.03137 -2.22443
61 8.44839 -3.13333
61 8.8398 -4.05334
61 9.21881 -4.97873
61 9.64895 -5.88142
61 10.0811 -6.7832
61 10.5562 -7.66213

62 0 1.5
62 0.998128 1.56115
62 1.99626 1.62231
62 1.99626 1.62231
62 1.99626 1.62231
62 2.88669 2.06737
62 2.88669 2.06737
62 2.88669 2.06737
62 3.94032 3.67601
62 3.94032 3.67601
62 3.94032 3.67601

63 0 1.5
63 0.842787 2.03825
63 1.68557 2.57649
63 2.52836 3.11474
63 3.37115 3.65299
63 4.21393 4.19124
63 5.05672 4.72948
63 5.89951 5.26773
63 6.7423 5.80598
63 7.65056 6.19606
63 8.61595 6.45689
63 9.54801 6.15297
63 10.476 5.78044
63 11.4194 5.44999
63 12.3699 5.13927
63 13.3372 5.12029
63 14.3172 5.31953
63 15.2971 5.51877
63 16.1839 5.39695
63 16.9048 4.70392
63 17.7994 4.51428
63 18.7943 4.61515

64 0 1.5
64 0.998044 1.56252
64 1.94861 1.72171
64 2.77875 1.42552
64 3.64264 0.92184
64 4.56587 0.541581
64 5.49872 0.181294
64 6.41339 -0.222834
64 7.3276 -0.628062
64 8.2828 -0.72687
64 9.27138 -0.576143

65 0 1.5
65 0.99452 1.60455
65 1.98904 1.7091
65 2.98459 1.80307
65 2.98459 1.80307
65 3.92114 2.1216
65 5.84255 2.42271
65 7.78655 2.02315
65 8.69681 1.60913
65 8.69681 1.60913
65 8.69681 1.60913
65 8.69681 1.60913

66 0 1.5
66 0.987112 1.66003
66 1.97422 1.82006
66 2.76032 2.03456
66 3.23207 2.88092
66 4.20847 3.0969

67 0 1.5
67 0.987763 1.65596
67 1.97553 1.81192
67 1.97553 1.81192
67 1.97553 1.81192
67 1.97553 1.81192
67 1.97553 1.81192
67 1.97553 1.81192
67 1.97553 1.81192

68 0 1.5
68 0.997404 1.57201
68 1.98913 1.59871
68 1.98913 1.59871
68 1.98913 1.59871
68 2.65599 2.2646
68 2.65599 2.2646
68 2.65599 2.2646
68 2.65599 2.2646

69 0 0
69 0 0
69 0 0
69 0 0
69 0 0
69 0 0
69 0 0
69 0 0
69 0 0
69 0 0
69 0 0
69 0 0
69 0 0
69 0 0
69 0 0

70 0 1.5
70 0.999363 1.5357
70 1.99182 1.53165
70 2.9588 1.68143
70 3.57787 2.44932
70 4.20754 3.22587
70 4.84589 3.99562
70 5.61639 4.63018
70 6.40044 5.25088
70 7.1845 5.87157
70 8.05101 6.36941
70 8.92247 6.85988
70 9.81683 7.26527
70 10.8167 7.27871
70 11.8167 7.29216
70 12.8132 7.25386
70 13.8029 7.11067
70 14.7926 6.96748
70 15.6584 6.55404
70 16.413 5.8978

71 0 1.5
71 0 1.5
71 0.981588 1.69101
71 3.88892 1.52251
71 4.73038 0.984873
71 5.56741 0.437711
71 7.06336 -0.879928
71 7.06336 -0.879928
71 7.79049 -1.56483
71 8.63016 -2.10792
71 9.46984 -2.65101
71 9.46984 -2.65101
71 9.46984 -2.65101
71 9.46984 -2.65101
71 10.4679 -2.70718
71 11.4664 -2.76192
71 12.4649 -2.81665
71 13.4634 -2.87139
71 13.4634 -2.87139

72 0 0
72 0 0
72 0 0
72 0 0
72 0 0
72 0 0
72 0 0
72 0 0
72 0 0
72 0 0
72 0 0
72 0 0
72 0 0
72 0 0
72 0 0
72 0 0
72 0 0
72 0 0
72 0 0
72 0 0

73 0 1.5
73 0.993642 1.61259
73 1.98757 1.72239
73 1.98757 1.72239
73 1.98757 1.72239
73 1.98757 1.72239
73 1.98757 1.72239
73 1.98757 1.72239
73 1.98757 1.72239
73 1.98757 1.72239
73 2.67795 2.41102
73 3.34291 3.15745
73 4.05411 3.86044
73 4.05411 3.86044
73 4.05411 3.86044
73 4.05411 3.86044

74 0 1.5
74 0 1.5
74 0.965581 1.7601
74 2.91206 2.1245
74 3.91132 2.08801
74 4.91131 2.09273
74 5.9113 2.09745
74 5.9113 2.09745
74 6.8913 2.29056
74 7.87001 2.49578
74 7.87001 2.49578
74 8.62726 3.11726
74 8.62726 3.11726
74 8.62726 3.11726
74 9.12293 3.92317
74 9.12293 3.92317
74 9.23351 4.91682
74 9.23351 4.91682
74 9.23351 5.91682
74 9.23351 5.91682
74 8.90877 6.8488
74 8.90877 6.8488

75 0 0
75 0 0
75 0 0
75 0 0
75 0 0
75 0 0
75 0 0
75 0 0
75 0 0
75 0 0
75 0 0

76 0 1.5
76 0.998307 1.44184
76 0.998307 1.44184
76 1.92163 1.64378
76 1.92163 1.64378
76 2.70677 2.25777
76 3.39416 2.98405
76 4.12271 3.66567
76 4.90267 4.29151

77 0 1.5
77 0.999362 1.5357
77 1.87761 1.33726
77 2.73079 1.43782
77 3.66624 1.79127
77 4.6465 1.69809
77 5.63352 1.5375
77 6.37177 0.960856
77 7.04497 0.50023
77 7.90617 1.00849
77 8.61984 0.674071
77 9.30194 -0.0363725
77 10.223 -0.425782
77 11.1286 -0.84843
77 12.0198 -1.30213
77 12.8805 -1.80413
77 13.6754 -2.41092
77 14.3743 -3.11233
77 14.9703 -3.91538
77 15.5215 -4.74811
77 16.0301 -5.6091
77 16.5387 -6.4701
77 17.0473 -7.3311
77 16.8794 -8.24095
77 16.4998 -9.16609
77 16.1202 -10.0912
77 15.7406 -11.0164
77 15.361 -11.9415
77 15.4059 -12.9074

78 0 1.5
78 0 1.5
78 0.966513 1.75662
78 3.81992 1.90372
78 4.68511 1.42737
78 6.20051 0.141905
78 6.80616 -0.65383
78 7.42652 -1.43733
78 8.09817 -2.1782
78 9.30975 -3.76441
78 9.30975 -3.76441
78 9.92493 -4.52197

79 0 1.5
79 0.998881 1.5473
79 0.998881 1.5473
79 1.91334 1.73635
79 1.91334 1.73635
79 1.91334 1.73635
79 2.61929 2.44462
79 2.61929 2.44462

80 0 1.5
80 0.974355 1.72502
80 1.94871 1.95003
80 2.88828 2.28437
80 3.8203 2.63963
80 4.80762 2.79836
80 5.79995 2.83437
80 6.79692 2.75661
80 7.72811 2.40068
80 8.65405 2.02315
80 9.49088 1.47569
80 10.3277 0.928231
80 10.9639 0.159501
80 11.6027 -0.576118
80 12.542 -0.232805
80 13.4812 0.110509
80 14.3138 0.0588616
80 14.9526 -0.71051
80 15.5914 -1.47988
80 16.2302 -2.24925
80 16.6328 -3.15006
80 16.9501 -4.0984

81 0 1.5
81 0.999802 1.48012
81 1.99779 1.49787
81 2.99183 1.41667
81 3.98597 1.30859
81 4.97449 1.31959
81 4.97449 1.31959
81 5.95402 1.52088
81 6.93356 1.72217
81 6.93356 1.72217
81 6.93356 1.72217
81 7.51865 2.52616
81 8.05203 3.37108
81 8.5589 4.2331
81 10.5735 6.32016
81 11.4371 6.7282

82 0 1.5
82 0.996606 1.41768
82 1.96113 1.53578
82 1.96113 1.53578
82 4.83135 1.23832
82 6.56014 0.24633
82 6.56014 0.24633
82 6.56014 0.24633
82 6.56014 0.24633

83 0 1.5
83 0.994972 1.39984
83 0.994972 1.39984
83 1.85052 1.57054
83 4.6574 4.42035
83 1.85052 1.57054
83 1.85052 1.57054
83 1.85052 1.57054
83 1.85052 1.57054
83 2.55224 2.28299

84 0 1.5
84 0.994984 1.39996
84 0.994984 1.39996
84 0.994984 1.39996

85 0 1.5
85 0.999265 1.46168
85 1.98175 1.45545
85 1.98175 1.45545
85 1.98175 1.45545
85 1.98175 1.45545
85 1.98175 1.45545
85 1.98175 1.45545
85 1.98175 1.45545
85 1.98175 1.45545

86 0 1.5
86 0 1.5

87 0 1.5
87 0.986569 1.33666
87 1.91891 1.41046
87 1.91891 1.41046
87 2.65545 1.98562
87 3.34037 2.71374
87 4.04146 3.42682
87 4.80919 4.06401
87 5.60688 4.66707
87 6.40457 5.27014
87 7.30365 5.69824
87 8.22353 6.09044
87 9.14341 6.48264
87 10.1415 6.5263
87 11.1408 6.56491
87 12.14 6.60352
87 13.1112 6.42567
87 14.0674 6.13308
87 15.0237 5.84049
87 15.9652 5.50369
87 16.9063 5.16554
87 17.8727 4.91501
87 18.849 4.69833
87 19.692 4.33032

88 0 1.5
88 0 1.5
88 2.88434 1.63625
88 3.74175 1.12214
88 4.5961 0.602456
88 6.12884 -0.668971
88 6.12884 -0.668971
88 6.85975 -1.35145
88 7.70928 -1.8786
88 8.56008 -2.40409
88 8.56008 -2.40409
88 8.56008 -2.40409
88 9.54394 -2.46935
88 10.5439 -2.47895
88 11.5438 -2.48854
88 12.5268 -2.45675
88 12.5268 -2.45675
88 12.5268 -2.45675
88 12.5268 -2.45675
88 13.2319 -1.74767
88 13.938 -1.03947
88 14.6462 -0.333483
88 15.2899 0.431739
88 15.2899 0.431739
88 15.2899 0.431739
88 15.3524 1.35318
88 15.3524 1.35318
88 15.1788 2.33799
88 15.0052 3.3228
88 14.8316 4.30761
88 14.6579 5.29242
88 14.6579 5.29242
88 14.4843 6.27724
88 14.3107 7.26205
88 14.137 8.24686

89 0 1.5
89 0.99727 1.42616
89 1.96991 1.53708
89 1.96991 1.53708
89 1.96991 1.53708
89 2.76963 2.08051
89 2.76963 2.08051
89 3.4258 2.83513
89 4.08889 3.58364
89 4.75001 4.33386
89 4.75001 4.33386
89 4.75001 4.33386
89 4.75001 4.33386
89 4.75001 4.33386
89 4.75001 4.33386
89 4.75001 4.33386
89 4.75001 4.33386
89 4.75001 4.33386
89 4.75001 4.33386

90 0.981576 1.69107
90 0.981576 1.69107
90 1.96315 1.88214
90 1.96315 1.88214
90 1.96315 1.88214
90 1.96315 1.88214
90 2.70319 2.38311
90 2.70319 2.38311
90 2.70319 2.38311
90 2.70319 2.38311
90 4.0744 3.83424
90 4.0744 3.83424
90 4.0744 3.83424
90 4.0744 3.83424

91 0 1.5
91 0.997764 1.56684
91 1.95801 1.71093
91 2.89606 1.98676
91 3.43159 2.73839
91 3.9298 3.59028
91 4.6176 4.31619
91 5.3756 4.96595
91 6.15483 5.5927
91 6.9746 5.51928
91 7.82097 4.98668
91 8.66734 4.45408
91 9.5137 3.92148
91 10.3601 3.38888
91 10.3601 3.38888
91 11.1769 3.70671
91 11.9843 4.2967
91 11.9843 4.2967
91 12.7918 4.88668
91 13.5992 5.47667

92 0 0
92 0 0
92 0 0
92 0 0
92 0 0
92 0 0
92 0 0
92 0 0
92 0 0
92 0 0

93 0 0
93 0 0
93 0 0
93 0 0
93 0 0
93 0 0
93 0 0
93 0 0
93 0 0
93 0 0
93 0 0
93 0 0
93 0 0
93 0 0

94 0 1.5
94 0.993922 1.61009
94 1.98784 1.72018
94 4.00066 1.54776
94 4.00066 1.54776
94 4.54047 0.918833
94 5.50314 0.648181
94 6.4676 0.475895
94 6.4676 0.475895
94 6.4676 0.475895

95 0 1.5
95 0.999337 1.53641
95 1.91877 1.72714
95 2.84883 2.00024
95 3.8014 1.6959
95 4.73496 1.3504
95 5.58452 0.822906
95 6.3879 0.242039
95 7.03201 -0.522888
95 7.66009 -1.29799
95 8.07799 -2.20649
95 8.49588 -3.11499
95 8.88795 -4.03481
95 9.27841 -4.95526
95 9.71525 -5.8548
95 10.1521 -6.75434
95 10.5141 -7.68522

96 0 1.5
96 0.99148 1.63026
96 1.98296 1.76052
96 1.98296 1.76052
96 2.91342 2.10808
96 2.91342 2.10808
96 2.91342 2.10808
96 3.59673 2.74156
96 3.59673 2.74156
96 4.67113 4.40044
96 4.67113 4.40044

97 0 1.5
97 0 1.5
97 0 1.5
97 0.842147 2.03925
97 1.68429 2.5785
97 2.52644 3.11774
97 3.36859 3.65699
97 4.21074 4.19624
97 5.05288 4.73549
97 5.89503 5.27474
97 7.70525 6.00983
97 10.646 5.7866
97 11.564 5.39508
97 12.4739 4.98027
97 12.4739 4.98027
97 12.4739 4.98027
97 12.4739 4.98027
97 12.4739 4.98027
97 13.2647 5.58045
97 13.2647 5.58045
97 14.0539 6.1946
97 14.8431 6.80874

98 0 1.5
98 0.988963 1.64817
98 1.97793 1.79633
98 2.88189 1.58929
98 3.80114 1.19946
98 4.76233 0.923562
98 5.71856 0.632368
98 6.65901 0.292443
98 7.59946 -0.0474814
98 8.56943 0.0917304
98 9.54449 0.313673
98 10.5195 0.535615
98 11.4795 0.783447
98 11.4795 0.783447
98 12.1542 1.52156
98 12.8327 2.25609
98 13.5205 2.98207
98 13.82 3.81825
98 13.6163 4.79729
98 13.4127 5.77633
98 13.209 6.75537
98 13.0053 7.73441
98 12.8017 8.71345
98 12.598 9.69249
98 12.9104 10.3835
98 13.8506 10.724
98 14.7909 11.0646
98 15.7311 11.4051
98 16.6713 11.7457
98 17.282 11.1797
98 17.7841 10.3149
98 18.2862 9.45005
98 18.7883 8.58524
98 19.2904 7.72042
98 19.7213 6.82452

99 0 1.5
99 0.998219 1.55965
99 0.998219 1.55965
99 1.94818 1.74467
99 3.80422 2.30737
99 3.80422 2.30737
99 4.76401 2.58806
99 5.72381 2.86875
99 8.64056 2.72179
99 9.58566 2.39501
99 9.58566 2.39501

100 0 1.5
100 0.981967 1.68905
100 1.96393 1.87811

101 0 0
101 0 0
101 0 0
101 1.4982 1.5734
101 1.4982 1.5734
101 2.43487 1.8735
101 2.43487 1.8735
101 2.43487 1.8735
101 2.43487 1.8735
101 2.43487 1.8735

102 0 1.5
102 0 1.5
102 0.97518 1.72141
102 1.95036 1.94283
102 1.95036 1.94283
102 1.95036 1.94283

103 0 1.5
103 0.993199 1.61643
103 1.9864 1.73285
103 2.9796 1.84928
103 3.97446 1.94962
103 4.97049 2.03857
103 5.96653 2.12752
103 6.96584 2.14087
103 7.69349 2.77577
103 8.3829 3.50014
103 9.24436 3.45599
103 10.1768 3.09471

104 0 1.5
104 0.998449 1.55567
104 1.94431 1.70349
104 2.80946 1.82012
104 3.67068 1.9681
104 4.27913 2.76125
104 4.93167 3.51901
104 5.6159 4.24511
104 6.37291 4.89851
104 7.12993 5.55191
104 7.95711 6.09744
104 8.86126 6.52465
104 9.76542 6.95185
104 10.7577 7.04785
104 11.7546 7.12641
104 12.7515 7.20498
104 13.7189 6.99133
104 14.6801 6.71529
104 15.5821 6.31737
104 16.3938 5.7333
104 17.2055 5.14924
104 18.1508 4.98636
104 19.1508 4.99568

105 0 1.5
105 0.998795 1.54907
105 1.99759 1.59814
105 2.99639 1.64722
105 3.94826 1.52568
105 4.7815 0.972772
105 5.61474 0.41986
105 6.36993 -0.233798
105 7.11348 -0.902475
105 7.8812 -1.54055
105 8.70406 -2.10879
105 9.58983 -2.48789
105 9.58983 -2.48789
105 10.5891 -2.52567
105 11.5884 -2.56346
105 12.5877 -2.60125
105 13.3797 -2.13315
105 14.0652 -1.40506
105 14.8696 -0.811899
105 14.8696 -0.811899
105 15.6572 -0.196579
105 16.4122 0.453278
105 16.7838 1.38166
105 17.1554 2.31003
105 17.1686 3.30751
105 17.1686 4.30751
105 17.1686 5.30751
105 17.1686 6.30751
105 17.1686 7.30751
105 16.7665 8.20051
105 16.2694 9.06821
105 15.7724 9.93591
105 15.2753 10.8036
105 15.1636 11.7327
105 15.3666 12.7119

106 0 1.5
106 0.993885 1.38958
106 0.993885 1.38958
106 1.91261 1.56923
106 1.91261 1.56923
106 2.72782 2.1484
106 3.54303 2.72757
106 4.30478 3.36225
106 4.30478 3.36225
106 4.91431 4.15501
106 6.38515 5.50292
106 7.11234 6.18791
106 7.11234 6.18791

107 0 1.5
107 0.9919 1.62702
107 1.97008 1.69807
107 2.62991 2.08628
107 3.36716 2.35069
107 4.05858 1.7099
107 4.59966 0.918967
107 5.55979 0.639436
107 6.51993 0.359906
107 7.50332 0.504768
107 8.48825 0.677734
107 9.28294 0.161399

108 0 1.5
108 0 1.5
108 0.969744 1.74412
108 1.93949 1.98825
108 2.91606 2.18786
108 3.89234 2.40435
108 4.82735 2.69676
108 4.82735 2.69676
108 4.82735 2.69676
108 5.53993 3.39835
108 5.53993 3.39835
108 5.94017 4.28927
108 6.25121 5.23886
108 6.63515 6.16222
108 6.63515 6.16222
108 6.63515 6.16222
108 6.63515 6.16222

109 0 0
109 0 0
109 0 0
109 0 0
109 0 0
109 0 0
109 0 0
109 0 0
109 0 0
109 0 0
109 0 0

110 0 1.5
110 0 1.5
110 0.919736 1.89254
110 1.83947 2.28507
110 2.75921 2.67761
110 3.67894 3.07015
110 4.59868 3.46269
110 6.51949 3.89157
110 7.51845 3.93714

111 0 1.5
111 0.989485 1.35537
111 1.97897 1.21073
111 2.95254 1.34562
111 3.84478 1.79719
111 4.711 2.11308
111 5.37294 1.36352
111 6.14094 1.66187
111 6.93716 2.1516
111 7.70834 1.51498
111 8.58375 1.08683
111 9.55577 0.85192
111 10.4948 0.514159
111 11.4221 0.139855
111 12.3309 -0.27641
111 13.2322 -0.709652
111 14.0193 -1.30706
111 14.7397 -2.00072
111 15.253 -2.83102
111 15.608 -3.76588
111 16.0835 -4.64221
111 16.5992 -5.49899
111 17.1149 -6.35576
111 16.6837 -7.19829
111 16.1424 -8.03917
111 15.6012 -8.88004

112 0 1.5
112 0.966346 1.75725
112 1.93269 2.01449
112 2.87726 2.14224
112 3.7863 1.766
112 4.61098 1.2004
112 5.39779 0.588297
112 6.11877 -0.104658
112 6.83975 -0.797612
112 7.51928 -1.53117
112 8.18364 -2.2776
112 8.78374 -3.07752
112 9.40812 -3.85308
112 10.2103 -4.45017

113 0 1.5
113 0.998186 1.56021
113 0.998186 1.56021
113 1.92807 1.76946
113 1.92807 1.76946
113 1.92807 1.76946
113 2.64366 2.46798
113 3.35925 3.1665

114 0 1.5
114 0.98988 1.64191
114 1.97798 1.79163
114 2.9317 2.09234
114 3.89769 2.32982
114 4.89463 2.40797
114 5.88521 2.32946
114 6.87201 2.16914
114 7.7584 1.7062
114 8.63454 1.22867
114 9.37074 0.551906
114 10.0947 -0.136803
114 10.7547 -0.888102
114 11.4146 -1.6394
114 12.0458 -2.41502
114 12.7014 -3.12341
114 13.6878 -2.95886
114 14.6742 -2.79431
114 15.6605 -2.62976
114 16.2135 -3.43654
114 16.7498 -4.28056

115 0 1.5
115 0.999529 1.46933
115 1.98719 1.54188
115 2.98237 1.48538
115 3.97942 1.40854
115 4.9735 1.41974
115 5.96313 1.56336
115 6.95277 1.70698
115 6.95277 1.70698
115 6.95277 1.70698
115 6.95277 1.70698
115 7.444 2.43522
115 7.8283 3.35033
115 8.35577 4.1999
115 15.3304 6.25735
115 17.1686 8.44475
115 8.87195 5.0563
115 10.5346 7.54887
115 10.5346 7.54887
115 10.5346 7.54887

116 0.983707 1.32022
116 0.983707 1.32022
116 1.96497 1.21893
116 1.96497 1.21893
116 4.89717 1.10955
116 6.61054 0.110887
116 6.61054 0.110887
116 6.61054 0.110887
116 6.61054 0.110887

117 0 1.5
117 0.999956 1.49063
117 2.87396 0.968168
117 3.79532 0.579464
117 4.71815 0.19426
117 5.64139 -0.187208
117 5.64139 -0.187208
117 6.62625 -0.013849
117 7.6077 0.169445
117 7.6077 0.169445
117 8.4917 0.636938
117 8.4917 0.636938
117 9.07958 1.22418
117 9.07958 1.22418
117 9.07958 1.22418
117 9.07958 1.22418
117 9.07958 1.22418
117 8.76904 2.17474

118 0 1.5
118 0.991268 1.36814
118 0.991268 1.36814
118 1.86445 1.58543
118 1.86445 1.58543
118 1.86445 1.58543
118 1.86445 1.58543
118 1.86445 1.58543
118 1.86445 1.58543
118 1.86445 1.58543

119 0 1.5
119 0.988761 1.6495
119 0.988761 1.6495
119 1.97752 1.79901
119 1.97752 1.79901

120 0 1.5
120 0.999425 1.46608
120 1.99885 1.43217
120 2.98163 1.39608
120 2.98163 1.39608
120 5.74316 1.6257
120 6.69717 1.3259
120 8.55671 0.592228
120 9.43219 0.127825
120 10.2159 -0.493249
120 11.0405 -1.05528
120 11.0405 -1.05528
120 11.0405 -1.05528
120 11.9441 -1.12552
120 11.9441 -1.12552
120 12.8888 -0.797786
120 13.8336 -0.470048
120 14.7784 -0.142311
120 14.7784 -0.142311
120 14.7784 -0.142311
120 14.7784 -0.142311
120 14.7784 -0.142311

121 0.982551 1.31401
121 0.982551 1.31401
121 0.982551 1.31401
121 1.81699 1.63776
121 3.63087 2.37711
121 4.60701 2.59425
121 5.58708 2.76444
121 6.58574 2.7126
121 8.55492 2.48335
121 9.48024 2.10416
121 11.9535 0.562688
121 12.5771 -0.219037
121 12.5771 -0.219037
121 13.408 -0.721858
121 13.408 -0.721858
121 15.6449 -2.39135
121 15.6449 -2.39135
121 16.4213 -4.23009
121 16.4213 -4.23009
121 17.2414 -4.80225
121 17.2414 -4.80225
121 17.2414 -4.80225
121 17.2414 -4.80225
121 17.2414 -4.80225

122 0 1.5
122 0.993604 1.61292
122 1.98721 1.72585
122 2.98696 1.71844
122 3.9869 1.70743
122 3.9869 1.70743
122 4.92852 2.03424
122 5.8669 2.37986
122 5.8669 2.37986
122 5.8669 2.37986
122 6.59867 3.04776
122 7.27457 3.77717
122 7.27457 3.77717
122 7.70126 4.68157
122 8.03135 5.60983
122 8.03135 5.60983
122 9.03448 8.32139
122 9.72636 9.04341

123 0 1.5
123 0.997163 1.42473
123 1.99551 1.37831
123 2.99015 1.43084
123 2.99015 1.43084
123 3.97285 1.61603
123 5.94118 1.68193
123 7.87656 1.23744

124 0 1.5
124 0.999996 1.49721
124 1.99247 1.56597
124 1.99247 1.56597
124 4.30889 2.07185
124 4.30889 2.07185
124 4.88651 1.44699
124 5.88369 1.37199
124 5.88369 1.37199
124 6.63127 1.65172
124 9.07636 2.66351
124 9.07636 2.66351
124 9.07636 2.66351
124 9.07636 2.66351

125 0 1.5
125 0 1.5
125 0.95831 1.78573
125 1.91662 2.07146
125 2.80223 2.24093
125 2.80223 2.24093
125 3.63937 2.78791
125 3.63937 2.78791
125 4.17397 3.60171
125 4.17397 3.60171
125 4.17397 3.60171
125 4.17397 3.60171
125 4.17397 3.60171
125 4.17397 3.60171
125 4.17397 3.60171

126 0 0
126 0 0
126 0 0

127 0 1.5
127 0.998862 1.54769
127 1.92896 1.75437
127 2.91768 1.73488
127 3.9166 1.68838
127 4.64619 2.23879
127 5.27231 3.01851
127 6.08285 2.52592
127 6.9046 1.95607
127 7.54674 1.21597
127 8.07181 0.364912
127 8.60812 -0.463122
127 9.53569 -0.70072
127 10.4188 -1.16991

128 0 1.5
128 0.99553 1.40556
128 1.99106 1.31111
128 2.8303 1.03141
128 3.82995 1.05774
128 4.44114 1.80391
128 5.01188 2.62504
128 5.6176 3.41679
128 6.32788 4.12071
128 6.99745 4.8576
128 7.53841 5.69865
128 8.07942 6.53963
128 9.0661 6.70227
128 10.0528 6.86491
128 11.0395 7.02755
128 11.9382 7.46022
128 12.5419 8.17249
128 12.9026 9.10517
128 13.2633 10.0379
128 14.0041 10.2458
128 14.9765 10.0123
128 15.8778 9.59748
128 16.7496 9.10773
128 17.6597 8.70298
128 18.605 8.37683

129 0 1.5
129 0.994422 1.60548
129 2.94957 1.48327
129 3.91643 1.22799
129 4.89035 1.02236
129 4.89035 1.02236
129 5.89006 0.998349
129 5.89006 0.998349
129 5.89006 0.998349
129 5.89006 0.998349
129 5.89006 0.998349
129 5.89006 0.998349
129 6.24954 1.73564
129 6.24954 1.73564
129 6.39733 2.72466
129 6.54512 3.71368
129 6.54512 3.71368
129 6.53948 4.67104
129 6.53948 4.67104
129 6.53948 4.67104

130 0 0
130 0 0
130 0 0
130 0 0
130 0 0
130 0 1
130 0 1
130 0 1
130 0 1

131 0 1.5
131 0.987602 1.65698
131 1.9752 1.81396
131 3.94395 1.55384
131 6.34291 -0.132826
131 7.00158 -0.885257
131 7.60012 -1.68444
131 8.16698 -2.50826
131 8.7525 -3.31858
131 9.35693 -4.11524
131 9.9413 -4.92615
131 10.4947 -5.75906
131 11.0481 -6.59197
131 11.0481 -6.59197
131 11.771 -7.26637
131 12.5652 -7.87402
131 13.3594 -8.48166
131 13.3594 -8.48166
131 14.2604 -8.72658
131 14.2604 -8.72658
131 15.2425 -8.55379
131 16.2151 -8.32152
131 17.182 -8.06648
131 17.182 -8.06648
131 18.1475 -7.80611
131 19.113 -7.54574

132 0 1.5
132 0.998387 1.44323
132 1.983 1.49116
132 1.983 1.49116
132 2.93271 1.80429
132 3.88242 2.11742
132 3.88242 2.11742
132 4.61593 2.79108
132 4.61593 2.79108
132 5.2285 3.56914
132 5.7336 4.4322
132 6.27097 5.27531
132 7.5488 6.77901
132 8.34201 7.38796

133 0.928471 1.1286
133 0.928471 1.1286
133 0.928471 1.1286
133 3.52135 1.27073
133 5.25185 0.29656
133 5.25185 0.29656
133 6.13831 0.025881
133 6.13831 0.025881
133 6.13831 0.025881
133 6.13831 0.025881
133 6.13831 0.025881
133 7.12077 0.212359
133 7.12077 0.212359
133 7.12077 0.212359
133 7.12077 0.212359
133 7.12077 0.212359
133 7.12077 0.212359
133 7.12077 0.212359
133 7.12077 0.212359
133 6.9724 1.18709
133 6.80744 2.17339
133 6.80744 2.17339
133 6.64247 3.15969
133 6.44758 5.13782
133 6.44758 5.13782
133 6.44758 5.13782

134 0 1.5
134 0.999853 1.51716
134 1.99971 1.53431
134 1.99971 1.53431
134 2.55728 2.28728
134 3.30766 2.94828
134 4.05805 3.60928
134 4.80844 4.27028
134 5.58093 4.89886
134 6.47035 5.35594
134 7.36904 5.78441
134 8.35763 5.935

135 0 1.5
135 0.993298 1.61558
135 1.9866 1.73116
135 1.9866 1.73116
135 1.9866 1.73116
135 1.9866 1.73116
135 1.9866 1.73116

136 0 1.5
136 0 1.5
136 0 1.5
136 0 1.5
136 0 1.5
136 0 1.5
136 0 1.5
136 0 1.5
136 0 1.5
136 0 1.5
136 0 1.5

137 0 1.5
137 0 1.5
137 0 1.5

140 0 1.5
140 0 1.5
140 0 1.5
140 0 1.5
140 0 1.5
140 0 1.5
140 0 1.5
140 0 1.5
140 0 1.5

141 0 1.5
141 0 1.5
141 0 1.5
141 0 1.5
141 0 1.5
141 0 1.5
141 0 1.5
141 0 1.5
141 0 1.5
141 0 1.5
141 0 1.5
141 0 1.5
141 0 1.5

142 0 1.5
142 0.856404 2.01631
142 1.71281 2.53261
142 2.56921 3.04892
142 3.42562 3.56523
142 4.28202 4.08153
142 5.13842 4.59784
142 5.99483 5.11415
142 6.85123 5.63045
142 7.70764 6.14676
142 8.56404 6.66306
142 9.42044 7.17937
142 10.2768 7.69568
142 11.1333 8.21198
142 11.9897 8.72829
142 12.8461 9.2446
142 13.7025 9.7609
142 14.5589 10.2772
142 15.4153 10.7935
142 16.2717 11.3098
142 17.2282 11.1948
142 18.2023 10.9688
142 19.1764 10.7427
142 20.1505 10.5167

143 0 1.5
143 0.859509 2.01112
143 1.71902 2.52224
143 2.57853 3.03336
143 3.43803 3.54448
143 4.29754 4.05561
143 5.15705 4.56673
143 6.01656 5.07785
143 6.87607 5.58897
143 7.73558 6.10009
143 8.59509 6.61121
143 9.4546 7.12233
143 10.3141 7.63345
143 11.1736 8.14458
143 12.0331 8.6557
143 12.8926 9.16682
143 13.7521 9.67794
143 14.6116 10.1891
143 15.4712 10.7002
143 16.3559 11.1626
143 17.2713 11.4865
143 18.2058 11.1306
143 19.1403 10.7747
143 20.0748 10.4187

144 0 1.5
144 0.860024 2.01025
144 1.72005 2.52051
144 2.58007 3.03076
144 3.4401 3.54101
144 4.30012 4.05127
144 5.16014 4.56152
144 6.02017 5.07178
144 6.88019 5.58203
144 7.74022 6.09228
144 8.60024 6.60254
144 9.46026 7.11279
144 10.3203 7.62304
144 11.1803 8.1333
144 12.0403 8.64355
144 12.9004 9.1538
144 13.7604 9.66406
144 14.6204 10.1743
144 15.4804 10.6846
144 16.3704 11.1391

145 0 1.5
145 0.85961 2.01095
145 1.71922 2.5219
145 2.57883 3.03285
145 3.43844 3.5438
145 4.29805 4.05475
145 5.15766 4.5657
145 6.01727 5.07665
145 6.87688 5.5876
145 7.73649 6.09855
145 8.5961 6.6095
145 9.45571 7.12045
145 10.3153 7.6314
145 11.1749 8.14235
145 12.0345 8.6533
145 12.8942 9.16425
145 13.7538 9.6752
145 14.6134 10.1862
145 15.473 10.6971
145 16.3655 11.1462

146 0 1.5
146 0.859095 2.01182
146 1.71819 2.52363
146 2.57728 3.03545
146 3.43638 3.54727
146 4.29547 4.05908
146 5.15457 4.5709
146 6.01366 5.08272
146 6.87276 5.59453
146 7.73185 6.10635
146 8.59095 6.61817
146 9.45004 7.12998
146 10.3091 7.6418
146 11.1682 8.15362
146 12.0273 8.66543
146 12.8864 9.17725
146 13.7455 9.68907
146 14.6046 10.2009
146 15.4637 10.7127
146 16.3523 11.1659
146 17.2768 11.4669
146 18.2149 11.1205
146 19.153 10.7742
146 20.0911 10.4278

147 0 1.5
147 0.860024 2.01025
147 1.72005 2.52051
147 2.58007 3.03076
147 3.4401 3.54101
147 4.30012 4.05127
147 5.16014 4.56152
147 6.02017 5.07178
147 6.88019 5.58203
147 7.74022 6.09228
147 8.60024 6.60254
147 9.46026 7.11279
147 10.3203 7.62304
147 11.1803 8.1333
147 12.0403 8.64355
147 12.9004 9.1538
147 13.7604 9.66406
147 14.6204 10.1743
147 15.4804 10.6846
147 16.4395 10.7213
147 17.432 10.5988
147 18.4245 10.4762
147 19.4169 10.3536
147 20.4094 10.2311

148 0 1.5
148 0.860024 2.01025
148 1.72005 2.52051
148 2.58007 3.03076
148 3.4401 3.54101
148 4.30012 4.05127
148 5.16014 4.56152
148 6.02017 5.07178
148 6.88019 5.58203
148 7.74022 6.09228
148 8.60024 6.60254
148 9.46026 7.11279
148 10.3203 7.62304
148 11.1803 8.1333
148 12.0403 8.64355
148 12.9004 9.1538
148 13.7604 9.66406
148 14.6204 10.1743
148 15.4804 10.6846
148 16.3704 11.1391
148 17.2743 11.4854
148 18.2088 11.1295
148 19.1433 10.7735
148 20.0778 10.4176

149 0 1.5
149 0.860024 2.01025
149 1.72005 2.52051
149 2.58007 3.03076
149 3.4401 3.54101
149 4.30012 4.05127
149 5.16014 4.56152
149 6.02017 5.07178
149 6.88019 5.58203
149 7.74022 6.09228
149 8.60024 6.60254
149 9.46026 7.11279
149 10.3203 7.62304
149 11.1803 8.1333
149 12.0403 8.64355
149 12.9004 9.1538
149 13.7604 9.66406
149 14.6204 10.1743
149 15.4804 10.6846
149 16.3737 11.1321
149 17.2821 11.4642
149 18.2182 11.1126
149 19.1544 10.761
149 20.0905 10.4094

150 0 1.5
150 0.858993 2.01199
150 1.71799 2.52397
150 2.57698 3.03596
150 3.43597 3.54795
150 4.29497 4.05994
150 5.15396 4.57192
150 6.01295 5.08391
150 6.87194 5.5959
150 7.73094 6.10789
150 8.58993 6.61987
150 9.44892 7.13186
150 10.3079 7.64385
150 11.1669 8.15583
150 12.0259 8.66782
150 12.8849 9.17981
150 13.7439 9.6918
150 14.6029 10.2038
150 15.4619 10.7158
150 16.3356 11.1969

151 0 1.5
151 0.858993 2.01199
151 1.71799 2.52397
151 2.57698 3.03596
151 3.43597 3.54795
151 4.29497 4.05994
151 5.15396 4.57192
151 6.01295 5.08391
151 6.87194 5.5959
151 7.73094 6.10789
151 8.58993 6.61987
151 9.44892 7.13186
151 10.3079 7.64385
151 11.1669 8.15583
151 12.0259 8.66782
151 12.8849 9.17981
151 13.7439 9.6918
151 14.6029 10.2038
151 15.4619 10.7158
151 16.3345 11.1998
151 17.2663 11.4884
151 18.2008 11.1325
151 19.1353 10.7766
151 20.0698 10.4207

152 0 1.5
152 0.859095 2.01182
152 1.71819 2.52363
152 2.57728 3.03545
152 3.43638 3.54727
152 4.29547 4.05908
152 5.15457 4.5709
152 6.01366 5.08272
152 6.87276 5.59453
152 7.73185 6.10635
152 8.59095 6.61817
152 9.45004 7.12998
152 10.3091 7.6418
152 11.1682 8.15362
152 12.0273 8.66543
152 12.8864 9.17725
152 13.7455 9.68907
152 14.6046 10.2009
152 15.4637 10.7127
152 16.35 11.1714

153 0 1.5
153 0.859509 2.01112
153 1.71902 2.52224
153 2.57853 3.03336
153 3.43803 3.54448
153 4.29754 4.05561
153 5.15705 4.56673
153 6.01656 5.07785
153 6.87607 5.58897
153 7.73558 6.10009
153 8.59509 6.61121
153 9.4546 7.12233
153 10.3141 7.63345
153 11.1736 8.14458
153 12.0331 8.6557
153 12.8926 9.16682
153 13.7521 9.67794
153 14.6116 10.1891
153 15.4712 10.7002
153 16.3559 11.1626

154 0 1.5
154 0.860024 2.01025
154 1.72005 2.52051
154 2.58007 3.03076
154 3.4401 3.54101
154 4.30012 4.05127
154 5.16014 4.56152
154 6.02017 5.07178
154 6.88019 5.58203
154 7.74022 6.09228
154 8.60024 6.60254
154 9.46026 7.11279
154 10.3203 7.62304
154 11.1803 8.1333
154 12.0403 8.64355
154 12.9004 9.1538
154 13.7604 9.66406
154 14.6204 10.1743
154 15.4804 10.6846
154 16.3704 11.1391
154 17.2743 11.4854
154 18.2088 11.1295
154 19.1433 10.7735
154 20.0778 10.4176

155 0 1.5
155 0.859509 2.01112
155 1.71902 2.52224
155 2.57853 3.03336
155 3.43803 3.54448
155 4.29754 4.05561
155 5.15705 4.56673
155 6.01656 5.07785
155 6.87607 5.58897
155 7.73558 6.10009
155 8.59509 6.61121
155 9.4546 7.12233
155 10.3141 7.63345
155 11.1736 8.14458
155 12.0331 8.6557
155 12.8926 9.16682
155 13.7521 9.67794
155 14.6116 10.1891
155 15.4712 10.7002
155 16.3584 11.1571
155 17.2786 11.4655
155 18.2147 11.1139
155 19.1509 10.7623
155 20.087 10.4107

156 0 1.5
156 0.859509 2.01112
156 1.71902 2.52224
156 2.57853 3.03336
156 3.43803 3.54448
156 4.29754 4.05561
156 5.15705 4.56673
156 6.01656 5.07785
156 6.87607 5.58897
156 7.73558 6.10009
156 8.59509 6.61121
156 9.4546 7.12233
156 10.3141 7.63345
156 11.1736 8.14458
156 12.0331 8.6557
156 12.8926 9.16682
156 13.7521 9.67794
156 14.6116 10.1891
156 15.4712 10.7002
156 16.3584 11.1571

157 0 1.5
157 0.859509 2.01112
157 1.71902 2.52224
157 2.57853 3.03336
157 3.43803 3.54448
157 4.29754 4.05561
157 5.15705 4.56673
157 6.01656 5.07785
157 6.87607 5.58897
157 7.73558 6.10009
157 8.59509 6.61121
157 9.4546 7.12233
157 10.3141 7.63345
157 11.1736 8.14458
157 12.0331 8.6557
157 12.8926 9.16682
157 13.7521 9.67794
157 14.6116 10.1891
157 15.4712 10.7002
157 16.3559 11.1626
157 17.2713 11.4865
157 18.2058 11.1306
157 19.1403 10.7747
157 20.0748 10.4187

158 0 1.5
158 0.859509 2.01112
158 1.71902 2.52224
158 2.57853 3.03336
158 3.43803 3.54448
158 4.29754 4.05561
158 5.15705 4.56673
158 6.01656 5.07785
158 6.87607 5.58897
158 7.73558 6.10009
158 8.59509 6.61121
158 9.4546 7.12233
158 10.3141 7.63345
158 11.1736 8.14458
158 12.0331 8.6557
158 12.8926 9.16682
158 13.7521 9.67794
158 14.6116 10.1891
158 15.4712 10.7002
158 16.3559 11.1626

159 0 1.5
159 0.859509 2.01112
159 1.71902 2.52224
159 2.57853 3.03336
159 3.43803 3.54448
159 4.29754 4.05561
159 5.15705 4.56673
159 6.01656 5.07785
159 6.87607 5.58897
159 7.73558 6.10009
159 8.59509 6.61121
159 9.4546 7.12233
159 10.3141 7.63345
159 11.1736 8.14458
159 12.0331 8.6557
159 12.8926 9.16682
159 13.7521 9.67794
159 14.6116 10.1891
159 15.4712 10.7002
159 16.3559 11.1626
159 17.2713 11.4865
159 18.2058 11.1306
159 19.1403 10.7747
159 20.0748 10.4187

160 0 1.5
160 0.859509 2.01112
160 1.71902 2.52224
160 2.57853 3.03336
160 3.43803 3.54448
160 4.29754 4.05561
160 5.15705 4.56673
160 6.01656 5.07785
160 6.87607 5.58897
160 7.73558 6.10009
160 8.59509 6.61121
160 9.4546 7.12233
160 10.3141 7.63345
160 11.1736 8.14458
160 12.0331 8.6557
160 12.8926 9.16682
160 13.7521 9.67794
160 14.6116 10.1891
160 15.4712 10.7002
160 16.3559 11.1626

161 0 1.5
161 0.859509 2.01112
161 1.71902 2.52224
161 2.57853 3.03336
161 3.43803 3.54448
161 4.29754 4.05561
161 5.15705 4.56673
161 6.01656 5.07785
161 6.87607 5.58897
161 7.73558 6.10009
161 8.59509 6.61121
161 9.4546 7.12233
161 10.3141 7.63345
161 11.1736 8.14458
161 12.0331 8.6557
161 12.8926 9.16682
161 13.7521 9.67794
161 14.6116 10.1891
161 15.4712 10.7002
161 16.3559 11.1626
161 17.2715 11.4871
161 18.208 11.1364
161 19.1445 10.7857
161 20.081 10.435

162 0 1.5
162 0.858993 2.01199
162 1.71799 2.52397
162 2.57698 3.03596
162 3.43597 3.54795
162 4.29497 4.05994
162 5.15396 4.57192
162 6.01295 5.08391
162 6.87194 5.5959
162 7.73094 6.10789
162 8.58993 6.61987
162 9.44892 7.13186
162 10.3079 7.64385
162 11.1669 8.15583
162 12.0259 8.66782
162 12.8849 9.17981
162 13.7439 9.6918
162 14.6029 10.2038
162 15.4619 10.7158
162 16.3345 11.1998

163 0 1.5
163 0.858993 2.01199
163 1.71799 2.52397
163 2.57698 3.03596
163 3.43597 3.54795
163 4.29497 4.05994
163 5.15396 4.57192
163 6.01295 5.08391
163 6.87194 5.5959
163 7.73094 6.10789
163 8.58993 6.61987
163 9.44892 7.13186
163 10.3079 7.64385
163 11.1669 8.15583
163 12.0259 8.66782
163 12.8849 9.17981
163 13.7439 9.6918
163 14.6029 10.2038
163 15.4619 10.7158
163 16.3356 11.1969

164 0 1.5
164 0.859509 2.01112
164 1.71902 2.52224
164 2.57853 3.03336
164 3.43803 3.54448
164 4.29754 4.05561
164 5.15705 4.56673
164 6.01656 5.07785
164 6.87607 5.58897
164 7.73558 6.10009
164 8.59509 6.61121
164 9.4546 7.12233
164 10.3141 7.63345
164 11.1736 8.14458
164 12.0331 8.6557
164 12.8926 9.16682
164 13.7521 9.67794
164 14.6116 10.1891
164 15.4712 10.7002
164 16.3584 11.1571

165 0 1.5
165 0.858993 2.01199
165 1.71799 2.52397
165 2.57698 3.03596
165 3.43597 3.54795
165 4.29497 4.05994
165 5.15396 4.57192
165 6.01295 5.08391
165 6.87194 5.5959
165 7.73094 6.10789
165 8.58993 6.61987
165 9.44892 7.13186
165 10.3079 7.64385
165 11.1669 8.15583
165 12.0259 8.66782
165 12.8849 9.17981
165 13.7439 9.6918
165 14.6029 10.2038
165 15.4619 10.7158
165 16.3356 11.1969

166 0 1.5
166 0.859509 2.01112
166 1.71902 2.52224
166 2.57853 3.03336
166 3.43803 3.54448
166 4.29754 4.05561
166 5.15705 4.56673
166 6.01656 5.07785
166 6.87607 5.58897
166 7.73558 6.10009
166 8.59509 6.61121
166 9.4546 7.12233
166 10.3141 7.63345
166 11.1736 8.14458
166 12.0331 8.6557
166 12.8926 9.16682
166 13.7521 9.67794
166 14.6116 10.1891
166 15.4712 10.7002
166 16.3559 11.1626

167 0 1.5
167 0.85961 2.01095
167 1.71922 2.5219
167 2.57883 3.03285
167 3.43844 3.5438
167 4.29805 4.05475
167 5.15766 4.5657
167 6.01727 5.07665
167 6.87688 5.5876
167 7.73649 6.09855
167 8.5961 6.6095
167 9.45571 7.12045
167 10.3153 7.6314
167 11.1749 8.14235
167 12.0345 8.6533
167 12.8942 9.16425
167 13.7538 9.6752
167 14.6134 10.1862
167 15.473 10.6971
167 16.3655 11.1462
167 17.273 11.4859
167 18.2075 11.13
167 19.1421 10.774
167 20.0766 10.4181

168 0 1.5
168 0.859509 2.01112
168 1.71902 2.52224
168 2.57853 3.03336
168 3.43803 3.54448
168 4.29754 4.05561
168 5.15705 4.56673
168 6.01656 5.07785
168 6.87607 5.58897
168 7.73558 6.10009
168 8.59509 6.61121
168 9.4546 7.12233
168 10.3141 7.63345
168 11.1736 8.14458
168 12.0331 8.6557
168 12.8926 9.16682
168 13.7521 9.67794
168 14.6116 10.1891
168 15.4712 10.7002
168 16.3559 11.1626
168 17.2713 11.4865
168 18.2058 11.1306
168 19.1403 10.7747
168 20.0748 10.4187

169 0 1.5
169 0.859509 2.01112
169 1.71902 2.52224
169 2.57853 3.03336
169 3.43803 3.54448
169 4.29754 4.05561
169 5.15705 4.56673
169 6.01656 5.07785
169 6.87607 5.58897
169 7.73558 6.10009
169 8.59509 6.61121
169 9.4546 7.12233
169 10.3141 7.63345
169 11.1736 8.14458
169 12.0331 8.6557
169 12.8926 9.16682
169 13.7521 9.67794
169 14.6116 10.1891
169 15.4712 10.7002
169 16.3559 11.1626
