
1 0 0
1 0.997163 0.0737391
1 1.99433 0.147478
1 2.99211 0.196189
1 3.99167 0.168304
1 4.99122 0.142976
1 5.99045 0.150826
1 6.98927 0.180639
1 7.98752 0.239103
1 8.98573 0.29863
1 9.98464 0.336222
1 10.9845 0.34892
1 11.951 0.214584
1 13.3667 -0.221663
1 14.671 -0.918433
1 15.552 -1.37633
1 16.0145 -1.5132
1 16.5097 -1.44417
1 17.0049 -1.37513
1 17.5001 -1.30609

2 0 0
2 0.99724 0.0723807
2 1.99448 0.144761
2 2.99235 0.193196
2 3.99198 0.168132
2 4.97488 0.171329
2 5.47449 0.151883
2 5.97352 0.157241
2 6.47203 0.195344
2 7.67746 1.48101
2 8.17733 1.48596
2 8.67733 1.48635
2 8.87567 1.81526
2 8.91859 2.31341
2 8.96151 2.81157
2 10.3688 2.29252

3 0 0
3 0.997262 0.0723854
3 1.99452 0.144771
3 2.99242 0.193064
3 3.99204 0.1667
3 4.9748 0.168766
3 5.19944 0.615464
3 5.92383 1.04664
3 7.67825 1.47653
3 8.14737 1.30351
3 8.61648 1.1305
3 9.08559 0.957479
3 9.5547 0.784462
3 10.0238 0.611446
3 11.2216 0.95682

4 0 0
4 0.997 0.0757666
4 1.994 0.151533
4 2.99163 0.20164
4 3.99112 0.172354
4 4.97439 0.170849
4 5.47402 0.151753
4 5.97319 0.157545
4 6.47203 0.19112
4 7.67493 1.49625
4 8.17481 1.50489
4 8.67477 1.51046
4 8.87297 1.84136
4 8.91604 2.3395
4 8.95912 2.83765
4 10.3647 2.31385

5 0 0
5 0.997163 0.0737391
5 1.99433 0.147478
5 2.99213 0.196579
5 3.9917 0.168472
5 4.97452 0.16864
5 5.19869 0.615573
5 5.92268 1.04915
5 7.67524 1.48547
5 8.14418 1.312
5 8.61313 1.13853
5 9.08207 0.965059
5 9.55102 0.791591
5 10.02 0.618122
5 11.1644 1.02303

6 0 0
6 0.997102 0.0744135
6 1.9942 0.148827
6 2.99195 0.19851
6 3.99153 0.172166
6 4.97451 0.173919
6 5.47413 0.154876
6 5.9733 0.160684
6 6.47216 0.193908
6 7.67489 1.4795
6 8.17474 1.48944
6 8.6747 1.49532
6 8.87843 1.82598
6 8.93013 2.3233
6 8.98183 2.82062
6 10.3897 2.30293

7 0 0
7 0.997202 0.07306
7 1.9944 0.14612
7 2.99223 0.194486
7 3.99179 0.167423
7 4.97467 0.168609
7 5.19894 0.615493
7 5.92281 1.04288
7 7.67531 1.47585
7 8.14476 1.30374
7 8.6142 1.13163
7 9.08365 0.959517
7 9.55309 0.787406
7 10.0225 0.615296
7 11.215 0.962435

8 0 0
8 0.997143 0.0740059
8 1.99429 0.148012
8 2.99205 0.19697
8 3.99161 0.17003
8 4.97472 0.171195
8 5.47435 0.152239
8 5.9735 0.156614
8 6.47219 0.19241
8 7.67513 1.50051
8 8.175 1.50545
8 8.675 1.50585
8 8.87332 1.83482
8 8.91633 2.33297
8 8.95933 2.83112
8 10.3649 2.30732

9 0 0
9 0.997037 0.0755037
9 1.99407 0.151007
9 2.99174 0.201279
9 3.99125 0.172222
9 4.97441 0.171137
9 5.20182 0.616428
9 5.92886 1.04267
9 7.67445 1.50117
9 8.14264 1.32566
9 8.61082 1.15016
9 9.07901 0.97465
9 9.54719 0.799144
9 10.0154 0.623637
9 11.174 1.02552

10 0 0
10 0.997178 0.0737426
10 1.99436 0.147485
10 2.99215 0.196579
10 3.99172 0.168473
10 4.97449 0.168747
10 5.4741 0.149326
10 5.97314 0.15459
10 6.47169 0.19182
10 7.6751 1.47738
10 8.17497 1.48637
10 8.67494 1.49232
10 8.82689 1.87921
10 8.87788 2.3766
10 8.92887 2.87399
10 10.3362 2.35494

11 0 0
11 0.997151 0.0738721
11 1.9943 0.147744
11 2.99209 0.197472
11 3.9917 0.170959
11 4.98059 0.162413
11 5.4802 0.14306
11 5.97924 0.14834
11 6.47781 0.185219
11 7.67259 1.47679
11 8.17246 1.48218
11 8.67246 1.482
11 8.91555 1.75258
11 8.94158 2.2519
11 8.96761 2.75122

12 0 0
12 0.992296 0.117968
12 1.98605 0.218364
12 2.98441 0.263109
12 3.98282 0.306195
12 4.98129 0.334249
12 5.97746 0.400633
12 6.47409 0.455737
12 7.44727 0.628196
12 8.40819 0.852651
12 10.361 0.85923
12 10.4151 1.34413

13 0 0
13 0.999655 0.0206071
13 1.99926 0.0359515
13 2.49918 0.0296874
13 2.99918 0.0308267
13 4.53927 0.537553
13 5.4996 0.258705
13 6.47845 0.0991314
13 6.97149 0.0159791
13 7.87894 -0.0733425
13 8.25985 -0.397232
13 8.64827 -0.711728
13 9.07136 -0.930512
13 9.56925 -0.884711
13 10.0672 -0.838909
13 10.565 -0.793108
13 11.3946 -0.301037
13 12.5934 0.55184
13 12.6254 1.0294
13 12.9947 1.86456
13 12.9947 2.36456

14 0.49174 0.0905073
14 0.982881 0.184213
14 1.9409 0.236875
14 2.42249 0.132699
14 2.87014 -0.0896974
14 4.20659 -0.75706
14 6.09412 -0.642922
14 6.51998 -0.380923
14 7.38899 0.110076
14 8.20892 0.676187
14 8.99595 1.29206
14 9.82666 1.84722
14 10.6706 2.37187
14 11.1047 2.61458
14 11.5898 2.73562
14 12.5788 2.79274
14 13.5776 2.74568
14 14.5765 2.69862
14 15.5735 2.64453
14 16.0098 2.40626
14 16.8877 1.92811
14 17.7623 1.44431
14 18.1244 1.11281

15 0 0
15 0.993787 -0.0143037
15 1.47742 0.0857095
15 2.3536 0.449749
15 2.80192 0.670842
15 4.06193 1.47224
15 4.96307 1.90308
15 5.8853 2.247
15 7.35152 2.46661
15 8.346 2.53109
15 9.80623 2.28672
15 11.2283 1.83381
15 12.1316 1.42936
15 12.9269 0.830366
15 13.7251 0.243486
15 14.5006 -0.364138
15 15.2816 -0.965833
15 16.1153 -1.51115
15 16.513 -1.80154
15 17.0051 -1.71325
15 17.4972 -1.62496
15 17.9894 -1.53667
15 18.4815 -1.44838
15 18.9737 -1.36009

16 0 0
16 0.992803 0.0901233
16 1.97095 0.110904
16 2.43929 -0.0447778
16 3.35977 -0.434574
16 4.27886 -0.826453
16 4.67212 -1.12973
16 5.05314 -1.4535
16 5.76892 -2.14711
16 6.41965 -2.90043
16 6.99286 -3.71966
16 8.08183 -4.71458
16 8.8926 -5.29356
16 9.794 -5.69914
16 10.708 -6.08054
16 12.5829 -6.52897
16 13.5656 -6.62828
16 14.463 -6.36507
16 16.1753 -5.44657
16 16.5527 -5.11863
16 17.2052 -3.77365

17 0 0
17 0.995096 -0.0629119
17 1.98009 -0.0758901
17 2.45319 0.0734634
17 3.38774 0.428572
17 4.30595 0.807983
17 4.72473 1.06166
17 5.09115 1.40187
17 5.78365 2.12157
17 6.38094 2.91005
17 6.62658 3.33465
17 6.94155 4.28307
17 7.05821 4.76818
17 7.13249 5.26264
17 7.20729 5.75701
17 7.28269 6.25129

18 0 0
18 0.499216 -0.0279853
18 1.48662 0.0520653
18 2.43798 0.341079
18 3.37605 0.67609
18 4.27535 1.10983
18 4.71352 1.35067
18 5.58302 1.84405
18 6.92785 2.44785
18 7.91349 2.46589
18 9.40119 2.44668
18 9.89555 2.37176
18 10.3899 2.29683
18 10.8831 2.21519
18 11.3753 2.127
18 12.0186 2.62903
18 12.2526 3.07086
18 12.4867 3.51269

19 0 0
19 0.978252 0.193091
19 1.43931 0.156078
19 2.36563 -0.010018
19 2.81597 -0.225935
19 3.27409 -0.426259
19 4.18083 -0.39485
19 4.64274 -0.586244
19 4.97529 -0.445574
19 5.18599 0.00786469
19 5.39669 0.461303
19 5.87198 1.2792
19 6.08267 1.73264
19 6.29337 2.18608
19 6.50407 2.63952

20 0 0
20 0.995025 0.0996167
20 1.98828 0.147132
20 2.98805 0.168173
20 3.48088 0.0842464
20 4.26952 1.2544
20 3.97369 -0.000280616
20 6.19733 0.295243
20 6.89236 -0.315621
20 7.38526 -0.399584
20 7.87816 -0.483547
20 8.87346 -0.573909
20 9.86559 -0.608097
20 10.3644 -0.627208
20 11.3341 -0.409468
20 12.2698 -0.0676032
20 13.1797 0.311353
20 13.5695 0.618946
20 13.9432 0.95086
20 14.1925 1.3843
20 14.3768 1.83043
20 14.3091 2.32582
20 14.1331 3.30933
20 13.957 4.29284
20 13.7809 5.27635
20 13.6048 6.25986
20 13.5371 6.75525

21 0 0
21 0.995076 -0.0503581
21 1.49046 -0.118164
21 2.46475 0.0346102
21 2.88987 0.295339
21 3.70863 0.856383
21 4.09558 1.17304
21 4.74338 1.92368
21 5.01413 2.34403
21 5.23188 2.7918
21 5.41849 3.25567
21 5.46792 3.75013

22 0 -0.75
22 0.480761 -0.887364
22 0.961522 -1.02473
22 1.38182 -0.864813
22 1.7304 -0.50866
22 2.0593 -0.132063
22 2.31986 0.290538
22 2.54504 0.736964
22 2.71382 1.20472
22 2.84047 1.68841

23 0 0
23 0.99728 -0.0685971
23 1.94426 0.0555604
23 2.40715 0.244585
23 3.32037 0.65089
23 3.76508 0.879431
23 4.63206 1.36961
23 5.98487 1.97969
23 6.94032 2.27241
23 8.29196 3.18926
23 8.76508 3.35101
23 9.23819 3.51276

24 0.492858 0.0842057
24 0.992621 0.0996065
24 1.96733 0.143937
24 2.32441 0.49393
24 3.26812 0.450404
24 3.42661 0.0022129
24 4.35742 -0.197709
24 5.84567 -0.380494
24 6.83137 -0.445396
24 7.25936 -0.186905
24 8.15137 -0.24685
24 8.99809 -0.670253
24 9.45444 -0.862486
24 10.3442 -1.2765
24 10.7969 -1.48859
24 11.6388 -2.01471
24 12.4247 -2.63202
24 13.128 -3.32843
24 13.4634 -3.69928
24 13.9364 -4.51376
24 13.7309 -4.96954

25 0 0
25 0.988379 0.151725
25 1.96573 0.201349
25 2.37519 0.277685
25 2.86391 0.172073
25 3.74956 -0.276838
25 4.18459 -0.520817
25 4.89302 -1.22409
25 5.60084 -1.92787
25 5.86041 -2.35504
25 6.38082 -3.20894
25 6.89615 -4.06585
25 7.14641 -4.49871
25 7.35319 -4.95323
25 7.548 -5.41372
25 7.79679 -5.84576

26 0 0
26 0.998939 0.0216685
26 1.99367 0.0815007
26 2.48668 0.164797
26 3.44695 0.419184
26 3.93873 0.509468
26 4.72469 1.04694
26 5.0658 1.41251
26 5.28059 1.8597
26 5.91317 3.20177
26 5.95117 3.70033
26 5.91058 4.18364

27 0 -0.75
27 0.499745 -0.765977
27 0.963877 -0.844826

28 0.488744 0.105495
28 0.976782 0.214211
28 1.95149 0.358261
28 2.42423 0.318896
28 2.8714 0.0986907
28 3.7169 -0.427427
28 4.52848 -1.00118
28 5.27491 -1.66652
28 6.02384 -2.32906
28 6.77454 -2.98961
28 7.52176 -3.65402
28 8.26276 -4.32533
28 9.00375 -4.99664
28 9.46115 -5.16224
28 10.9876 -6.34623
28 12.2796 -6.023
28 12.7695 -6.12319
28 13.7592 -6.23133
28 15.5725 -5.61212
28 16.0416 -5.43941
28 16.5 -5.2397
28 16.9224 -4.99012

29 0 0
29 0.996018 0.028444
29 1.95744 0.097521
29 2.43709 0.238701
29 2.91675 0.379881
29 3.73868 0.942435
29 4.51939 1.55998
29 4.90171 1.88063
29 5.89782 3.00114
29 6.58206 3.73035
29 7.27588 4.4355
29 7.95845 5.13314

30 0 0
30 0.977741 0.19568
30 2.42136 0.0902955
30 3.33199 -0.316759
30 3.65278 -0.700284
30 4.41548 -1.14394
30 4.59609 -1.61018
30 5.00545 -1.58501
30 5.47848 -1.42304
30 5.95152 -1.26106
30 6.81854 -0.879545
30 7.26801 -0.703738
30 7.17879 -0.211763
30 7.08957 0.280213
30 7.00035 0.772188
30 6.91113 1.26416
30 6.78014 2.25439
30 6.64916 3.24462
30 6.71686 4.68823

31 0 0
31 0.996485 -0.0349193
31 2.47582 -0.211299
31 3.45405 -0.417627
31 3.94567 -0.506327
31 4.92805 -0.533185
31 5.42682 -0.49801
31 6.36262 -0.163325
31 7.27022 0.247741
31 7.67438 0.534889
31 8.45918 1.15344
31 8.83966 1.47784
31 9.36165 2.26799
31 9.58636 2.71465
31 9.72575 3.18474
31 9.77905 4.18318

32 0.491279 -0.0929768
32 0.989319 -0.137207
32 1.48518 -0.169752
32 2.34944 0.218741
32 2.77421 0.47281
32 3.12814 0.825992
32 3.40351 1.23443
32 3.61624 1.68691
32 3.79517 2.15235
32 3.93923 2.63115

33 0 0
33 0.996462 -0.0839345
33 1.95793 -0.145315
33 2.42718 -0.0453961
33 2.85461 0.190626
33 3.1631 0.584118
33 3.47158 0.977609
33 3.60118 1.44833
33 3.67597 1.9427

34 0 0
34 0.998611 0.0355091
34 1.98028 -0.0316864
34 2.97672 -0.0880563
34 3.97471 -0.117041
34 4.97414 -0.0943373
34 5.97407 -0.0853009
34 6.97396 -0.0813467
34 7.9406 0.0654173
34 8.39008 0.147693
34 9.29449 -0.25024
34 9.76344 -0.421456
34 10.6914 -0.791016
34 11.6043 -1.19305
34 12.4864 -1.66034

35 0 0
35 0.99718 -0.0574911
35 1.49712 -0.0645542
35 3.42563 0.0287296
35 3.81392 0.343158
35 4.59259 0.912185
35 5.26166 1.64981
35 6.27539 2.75364
35 6.95254 3.48716
35 7.32898 3.81625
35 8.09708 4.41166
35 8.52184 4.66867
35 9.4613 4.98063
35 10.4008 5.29258
35 11.3896 5.42904
35 12.3798 5.56038
35 12.878 5.603
35 13.8452 5.53689
35 14.32 5.38001
35 15.2426 4.99717
35 16.1483 4.57367
35 17.0495 4.14041
35 17.9824 3.79985
35 18.95 3.5523

36 0 0
36 0.499063 0.0305937
36 1.4896 0.153116
36 3.32744 -0.115203
36 3.77633 -0.33542
36 5.02683 -1.10582
36 5.82778 -1.65644
36 6.49499 -2.39702
36 7.08816 -3.1968
36 7.61566 -4.04609
36 8.23191 -4.82259
36 8.92314 -5.54412
36 9.29091 -5.87239
36 9.73202 -6.10783
36 10.6248 -6.52285
36 11.5521 -6.87496
36 12.5129 -7.1132
36 13.4973 -7.26955
36 13.9951 -7.22457
36 14.4929 -7.1778
36 14.9203 -6.95969
36 16.6105 -6.26174

37 0 0
37 0.993268 -0.0926174
37 1.98037 -0.136358
37 2.46551 -0.0634099
37 2.90419 0.167956
37 3.75535 0.685228
37 4.56953 1.26394
37 4.95812 1.57857
37 5.25696 1.96872
37 5.72078 2.84934
37 5.91353 3.30725
37 6.05312 3.78736
37 6.17757 4.27152
37 6.29528 4.75746
37 6.41299 5.24341
37 6.5307 5.72936

38 0 0
38 0.992933 0.100573
38 1.47087 0.192114
38 2.93021 0.187093
38 4.37841 -0.170484
38 5.28243 -0.538894
38 6.70765 -1.51756
38 7.38806 -2.21133
38 8.15599 -2.85143
38 8.92246 -3.49326
38 9.69752 -4.12445
38 10.4725 -4.75576
38 11.2331 -5.40423
38 11.9827 -6.06614
38 12.342 -6.41184
38 13.0736 -7.01206
38 13.3935 -7.39558
38 15.0343 -8.32226
38 15.7406 -9.02584
38 16.0471 -9.42086
38 16.3147 -9.83647
38 16.4686 -10.3122

39 0 0
39 0.999211 0.035474
39 1.97054 -0.0237175
39 2.96899 -0.0731845
39 3.46753 -0.111252
39 3.96576 -0.153297
39 5.02556 0.481785
39 6.70901 -0.158
39 7.18499 -0.311127
39 7.54451 -0.644181
39 8.50466 -0.92213
39 9.4648 -1.20008
39 9.94077 -1.35321
39 10.4267 -1.4537
39 10.9257 -1.48465
39 11.4248 -1.5156

40 0 0
40 0.996492 0.047349
40 1.43609 -0.0444911
40 2.39994 0.14454
40 2.88136 0.279566
40 3.72225 0.809561
40 4.11259 1.12144
40 4.81108 1.81529
40 5.15547 2.17536
40 5.39804 2.61258
40 5.59279 3.06824
40 5.70662 3.55511
40 5.72159 4.05029
40 5.6907 4.54934

41 0 -0.75
41 0.485439 -0.869789
41 0.970877 -0.989577
41 1.3823 -0.99387
41 1.70427 -0.61133
41 2.01933 -0.223139
41 2.33087 0.16794
41 2.59479 0.589381
41 2.81783 1.03688
41 2.96454 1.50458
41 2.99221 2.00382

42 0 0
42 0.998991 0.0419804
42 1.95717 0.184297
42 2.44297 0.302601
42 3.39038 0.606078
42 4.86068 0.818398
42 5.35645 0.753541
42 6.27573 0.845426
42 7.83921 1.10365
42 8.99503 0.168227
42 9.48926 0.092889
42 9.98261 0.011617

43 0 0
43 0.994835 -0.0417319
43 1.96378 -0.190282
43 3.3216 -0.221275
43 3.82152 -0.227171
43 4.82021 -0.269448
43 6.30665 -0.420453
43 7.2489 -0.737581
43 8.12589 -1.19545
43 9.40082 -1.95515
43 10.4933 -2.95903
43 11.3407 -4.18116
43 11.7819 -5.60153
43 12.0142 -7.07143
43 12.0338 -8.06541
43 12.0121 -9.06494
43 12.1777 -9.4981

44 0 0
44 0.980859 0.145839
44 1.4618 0.282567
44 2.35006 0.151762
44 2.72853 -0.162818
44 3.56055 -0.717535
44 4.38722 -1.27985
44 5.21157 -1.84482
44 6.03402 -2.41235
44 6.86014 -2.97296
44 7.72574 -3.46656
44 8.59227 -3.7998
44 9.96956 -4.22301
44 11.6248 -3.23717
44 11.6248 -1.73717
44 11.9182 -0.832287

45 0 -0.75
45 0 -0.25

46 0 0
46 0.998334 0.056377
46 1.99175 0.0958569
46 2.4908 0.119204
46 3.97083 0.234286
46 5.81532 -0.44713
46 7.03738 -1.30031
46 7.83387 -1.89084
46 8.41511 -2.6898
46 8.96523 -3.52323
46 9.59635 -4.29856
46 10.237 -5.0664
46 10.7961 -5.89332
46 11.3344 -6.73556
46 11.6564 -7.10701
46 12.4692 -7.55229
46 13.317 -8.07312
46 14.1606 -8.61014
46 14.5821 -8.87912
46 15.5276 -9.11621
46 16.5235 -9.20058
46 17.5193 -9.28495
46 18.0133 -9.23292
46 18.987 -9.06867

47 0 0
47 0.997476 0.0218895
47 1.99572 0.0228137
47 3.47979 0.126612
47 4.43654 0.40684
47 5.77869 1.0532
47 6.52599 1.70487
47 7.16619 2.46399
47 8.03752 3.67203
47 8.55909 4.52318
47 9.0841 5.37252
47 9.63649 6.20209
47 10.221 8.33746

48 0 0
48 0.499987 -0.00356755
48 1.42403 0.224046
48 3.3148 -0.0461404
48 4.20345 -0.498657
48 4.94567 -1.13074
48 5.22259 -1.54705
48 5.37144 -2.02095
48 5.59012 -2.45772
48 5.908 -2.84367
48 6.2722 -2.82884
48 7.15101 -2.44359
48 7.54854 -2.14033
48 7.94608 -1.83708
48 8.17923 -1.46145
48 8.13445 -0.963459
48 8.08967 -0.465469
48 8.20627 0.363408
48 8.16149 0.861398

49 0 0
49 0.980872 -0.14435
49 2.42459 -0.490252
49 3.36613 -0.82379
49 4.305 -1.16704
49 5.24845 -1.4879
49 5.74683 -1.52811
49 6.73218 -1.49865
49 7.22094 -1.40676
49 8.19615 -1.18892
49 8.63823 -0.971632
49 9.49439 -0.456805
49 10.2923 0.107419
49 10.5658 0.514832
49 10.8043 0.954307
49 11.0858 1.90259
49 11.1301 2.40063
49 11.1136 3.37263
49 11.0783 3.87138

50 0.490808 -0.0954356
50 0.988726 -0.141014
50 1.48476 -0.176674
50 2.34632 0.216672
50 2.79163 0.443215
50 3.13517 0.806504
50 3.43726 1.19713
50 3.63584 1.656
50 3.81739 2.12038
50 3.92494 2.60868
50 4.03248 3.09697

51 0 0
51 0.999593 -0.0267147
51 1.49857 -0.013441
51 2.44698 0.146569
51 2.89522 0.359187
51 3.26969 0.666299
51 3.53775 1.08837
51 3.80582 1.51043
51 3.86181 2.00291
51 3.89941 2.5015

52 0 0
52 0.998371 0.0459827
52 1.9899 0.0115538
52 2.98701 -0.0228463
52 3.98529 -0.031161
52 4.98376 0.0186429
52 5.98328 0.0442315
52 6.98274 0.0732114
52 7.48263 0.0838509
52 9.33186 -0.0463659
52 9.79006 -0.246495
52 10.2483 -0.446625
52 10.7026 -0.653932
52 11.1225 -0.925359
52 11.608 -0.937496
52 12.1064 -0.898122
52 12.9759 -0.557476
52 13.4755 -0.537284
52 14.2857 -0.0219768
52 15.4383 0.93281
52 15.8783 1.17039
52 16.5148 1.85073
52 16.7155 2.26739

53 0 0
53 0.998614 -0.00767312
53 2.82209 0.204108
53 3.6685 0.594517
53 4.33795 1.33098
53 5.02083 2.05916
53 5.6973 2.79474
53 6.4297 3.47117
53 7.16444 4.14479
53 7.55881 4.45215
53 8.45176 4.8748
53 9.36959 5.25791
53 10.3179 5.52067
53 10.8169 5.553
53 11.8156 5.59985
53 12.8133 5.61562
53 13.3089 5.54935
53 14.2918 5.37827
53 15.2288 5.08024
53 15.6383 4.79325
53 16.491 4.29631
53 17.8459 3.71386
53 18.809 3.45572
53 19.0803 3.03572

54 0.483929 0.125748
54 0.969335 0.245668
54 1.93205 0.340515
54 2.41005 0.27981
54 3.35505 -0.0471294
54 3.79043 -0.283952
54 4.64406 -0.789311
54 5.44458 -1.38663
54 6.15966 -2.08183
54 6.51419 -2.43439
54 7.21822 -3.13927
54 7.9228 -3.83617
54 8.84075 -4.87122
54 10.3052 -4.90185
54 11.7931 -4.74257
54 12.7805 -4.58519
54 14.5558 -3.88817
54 15.0495 -3.80925
54 15.4757 -3.62002
54 16.098 -2.83728
54 16.7294 -2.06401
54 17.3922 -1.3171
54 17.7043 -0.926408
54 18.0163 -0.535717
54 18.4489 -0.34491
54 18.94 -0.250983

55 0 0
55 0.993129 -0.110128
55 1.98073 -0.162199
55 2.46148 -0.0752567
55 2.93636 0.081226
55 3.73076 0.638624
55 4.08847 0.987969
55 4.76039 1.72675
55 5.39863 2.49573
55 5.97125 3.30137
55 6.54436 4.09531

56 0 0
56 0.482632 0.130637
56 1.43514 0.178699
56 3.25316 0.126262
56 3.84927 -0.605714
56 4.28871 -0.843748
56 5.19012 -1.27652
56 6.09044 -1.71163
56 6.98964 -2.14916
56 7.89453 -2.56329

57 0 0
57 0.98907 0.146954
57 1.97987 0.246212
57 2.47188 0.15718
57 3.90347 0.248978
57 4.90119 0.300518
57 5.89914 0.356862
57 6.3976 0.396139
57 6.89605 0.435417
57 7.38189 0.552832
57 8.06263 1.02948
57 8.50093 1.27008
57 8.88969 1.57028
57 10.6175 3.76428

58 0 -0.75
58 0.499181 -0.778602
58 0.988275 -0.845569
58 1.47053 -0.713547
58 1.89186 -0.449492
58 2.2892 -0.149582
58 2.62877 0.21742
58 2.9136 0.617401
58 3.0793 1.08915
58 3.18547 1.56932
58 3.1572 2.06852

59 0 -0.75
59 0.499999 -0.75114
59 0.982915 -0.787926
59 1.43161 -0.567305
59 1.84361 -0.294083
59 2.20558 0.050849
59 2.54551 0.415002
59 2.83805 0.820489
59 3.12594 1.22892
59 3.36748 1.66671
59 3.6301 2.09159
59 3.91513 2.50213
59 4.22829 2.89192

60 0 0
60 0.994832 0.0980435
60 1.96946 0.054757
60 2.32603 0.396357
60 3.23882 0.186875
60 3.44251 -0.201524
60 4.21828 -0.617914
60 5.18637 -0.86567
60 6.14697 -1.08716
60 8.08208 -1.36219
60 8.52854 -1.36644
60 8.8407 -1.75703

61 0.490474 0.0971347
61 0.990231 0.112736
61 1.96765 0.0860533
61 2.37744 0.277697
61 2.85378 0.146334
61 3.78803 -0.208084
61 4.60254 -0.771212
61 5.00536 -1.06432
61 5.67102 -1.80922
61 6.30519 -2.57689
61 6.51786 -3.02875
61 6.95619 -3.92725
61 7.15189 -4.38726
61 7.3414 -4.84995
61 7.55647 -5.3013
61 7.77256 -5.75219
61 8.01009 -6.19165

62 0 0
62 0.997042 -0.0143492
62 1.99215 0.00637843
62 2.48276 0.102596
62 2.97591 0.185119
62 3.90099 0.513977
62 4.2304 0.890135
62 4.50293 1.30117
62 5.21573 2.56961
62 5.30865 3.05796
62 5.37255 3.55386

63 0 0
63 1.73666 0.702375
63 2.58592 1.23021
63 3.42369 1.77559
63 4.25328 2.33346
63 5.07295 2.90451
63 5.88485 3.48589
63 6.30624 3.75502
63 7.19199 4.15597
63 7.64612 4.35101
63 8.62619 4.53255
63 9.5896 4.43172
63 10.5439 4.20067
63 11.0156 4.03544
63 11.9752 3.75626
63 12.9422 3.61929
63 13.4321 3.71891
63 14.8635 3.48421
63 15.789 3.29068
63 16.6315 2.81153
63 17.5671 2.61498
63 18.5607 2.60402

64 0 0
64 0.996674 0.0796595
64 1.95342 0.113855
64 2.36849 -0.0342406
64 2.80043 -0.28608
64 4.18355 -0.86112
64 5.12231 -1.20523
64 6.0416 -1.59861
64 7.93424 -2.19937
64 8.41183 -2.24877
64 8.90612 -2.17341

65 0 0
65 0.996544 0.0255211
65 1.99216 0.0661308
65 2.98218 0.200834
65 3.4609 0.338834
65 4.39899 0.669187
65 5.83216 0.901597
65 7.28331 0.55892
65 8.20824 0.19504
65 8.52311 -0.193363
65 8.81413 -0.59583
65 9.0017 -1.05931

66 0 0
66 0.493556 0.0800149
66 1.4693 0.0277732
66 2.34454 0.0027668
66 2.58042 0.425946
66 3.06862 0.533937

67 0 0
67 0.993812 0.0863164
67 1.97907 0.214555
67 2.44235 0.40265
67 2.90562 0.590744
67 3.26736 0.924044
67 3.60306 1.29459
67 3.87325 1.70957
67 4.09335 2.15852

68 0 0
68 0.998702 0.0364764
68 1.99353 0.0676484
68 2.47683 0.176026
68 2.9365 0.37277
68 3.65304 0.993079
68 3.92381 1.41341
68 4.19459 1.83375
68 4.46537 2.25408

69 0 -0.75
69 0.49917 -0.721197
69 0.998273 -0.717218
69 1.49747 -0.744758
69 1.99718 -0.761939
69 2.49546 -0.736377
69 2.99335 -0.690727
69 3.49182 -0.652105
69 3.99156 -0.635962
69 4.4913 -0.619818
69 4.9833 -0.707388
69 5.47511 -0.797495
69 5.96693 -0.887601
69 6.45874 -0.977707
69 6.80652 -1.20608

70 0 0
70 0.996386 -0.0394628
70 2.86771 0.197269
70 3.73807 0.588918
70 4.41376 1.31279
70 5.08657 2.05014
70 5.75117 2.79651
70 6.48108 3.47602
70 7.21727 4.14907
70 7.6093 4.45941
70 8.48824 4.90731
70 9.40186 5.29957
70 10.3308 5.62736
70 10.8307 5.63409
70 11.8301 5.66399
70 12.8279 5.66802
70 13.3227 5.59643
70 14.307 5.44169
70 15.2261 5.11852
70 16.0622 4.60496

71 0 0
71 0.492304 0.0873899
71 1.46872 0.158215
71 3.40081 -0.0713129
71 3.82155 -0.340129
71 4.67274 -0.85178
71 5.82727 -1.80166
71 6.18988 -2.14335
71 6.89894 -2.84724
71 7.60812 -3.51787
71 8.23121 -4.24625
71 8.43445 -4.70307
71 8.84029 -4.8131
71 9.33804 -4.76578
71 10.3348 -4.74654
71 11.3318 -4.72659
71 12.3253 -4.67961
71 13.3175 -4.62365
71 13.6907 -4.32051

72 0 -0.75
72 0.499904 -0.740187
72 0.966601 -0.845879
72 1.41097 -0.669152
72 1.83217 -0.407758
72 2.20027 -0.0693732
72 2.55513 0.281815
72 2.88113 0.660927
72 3.19131 1.05238
72 3.47992 1.46068
72 3.74814 1.88181
72 3.99155 2.31856
72 4.23496 2.75531
72 4.63263 3.03229
72 5.07765 3.26023
72 5.52267 3.48817
72 5.9677 3.7161
72 6.40736 3.95127
72 6.75473 4.3109
72 7.1021 4.67053

73 0 0
73 0.980864 0.181604
73 1.93698 0.155784
73 2.37726 -0.0811851
73 2.81845 -0.31642
73 3.26291 -0.545446
73 3.70127 -0.785302
73 4.12717 -1.04722
73 4.55308 -1.30914
73 4.90614 -1.12004
73 5.57313 -0.393041
73 6.2274 0.362861
73 6.9048 1.09704
73 7.22659 1.47973
73 7.54838 1.86242
73 7.87018 2.2451

74 0 0
74 0.488667 0.105849
74 1.46033 0.260896
74 2.92064 0.330121
74 3.91533 0.307813
74 4.91366 0.350843
74 5.91243 0.38807
74 6.41131 0.421529
74 7.39556 0.583919
74 8.36526 0.815404
74 8.80401 1.05519
74 9.62138 1.60571
74 9.95581 1.97504
74 10.2675 2.36391
74 10.7585 3.20376
74 10.9696 3.65226
74 11.1177 4.64039
74 11.101 5.13115
74 11.0031 6.12147
74 10.8929 6.60918
74 10.6204 7.56288
74 10.5102 8.05059

75 0 -0.75
75 0.495954 -0.81348
75 0.991626 -0.870316
75 1.46672 -0.730875
75 1.89292 -0.469419
75 2.28252 -0.160899
75 2.64095 0.187707
75 2.88574 0.610883
75 3.06286 1.07846
75 3.12757 1.56766
75 3.13657 2.06758

76 0 0
76 0.996266 -0.0827388
76 1.4929 -0.134619
76 2.36917 0.245569
76 2.78821 0.51833
76 3.55822 1.14843
76 4.24872 1.87175
76 4.95219 2.57973
76 5.67155 3.26882

77 0 0
77 0.999568 0.00720074
77 1.43869 -0.0920185
77 2.32809 -0.127461
77 3.28933 -0.0310125
77 4.27032 -0.172539
77 5.25419 -0.350541
77 6.11846 -0.708172
77 6.95036 -1.00688
77 7.38096 -0.752752
77 8.23085 -1.00214
77 9.06329 -1.44973
77 9.52383 -1.64444
77 10.4137 -2.07066
77 10.8593 -2.29751
77 11.6691 -2.87362
77 12.4397 -3.50982
77 13.1224 -4.22651
77 13.4204 -4.62803
77 13.9551 -5.47203
77 14.2094 -5.90253
77 14.5654 -6.81594
77 14.885 -7.74216
77 14.801 -8.19709
77 14.6003 -9.15543
77 14.4105 -9.618
77 14.1561 -10.5764
77 13.9663 -11.039
77 13.9887 -11.5219

78 0 0
78 0.492376 0.0869792
78 1.46106 0.224424
78 3.31535 0.0387987
78 3.74794 -0.199376
78 4.93323 -1.10128
78 5.58109 -1.85715
78 6.22245 -2.62349
78 6.8894 -3.36857
78 7.8263 -4.53632
78 8.15741 -4.91098
78 8.89729 -5.33311

79 0 0
79 0.999029 0.00338339
79 1.48087 -0.072175
79 2.35599 0.00378738
79 2.77369 0.278616
79 3.1143 0.639109
79 3.77452 1.38547
79 3.94925 1.85394

80 0.492862 0.0841831
80 0.98004 0.196692
80 2.44662 0.46674
80 3.40574 0.734879
80 4.35561 1.03851
80 4.84927 1.11788
80 5.82293 1.10429
80 6.32141 1.06541
80 7.25911 0.722787
80 8.1942 0.369364
80 8.61261 0.095634
80 9.473 -0.394156
80 10.1654 -1.11004
80 10.4848 -1.47785
80 11.3287 -1.63771
80 12.1811 -1.78777
80 12.5974 -1.81359
80 13.3002 -2.51916
80 13.9789 -3.25146
80 14.6562 -3.9853
80 15.6511 -5.0377
80 15.8098 -5.51187

81 0 0
81 0.999792 0.000528031
81 1.98432 0.0807189
81 2.97693 -0.00706276
81 3.97094 -0.116327
81 4.96134 -0.107959
81 5.45656 -0.0390096
81 6.43843 0.140475
81 7.37327 0.468957
81 7.81834 0.696795
81 8.1907 1.02545
81 8.83991 1.77786
81 9.46325 2.55075
81 10.0028 3.39175
81 11.2957 4.84567
81 12.0121 5.4608

82 0 0
82 0.995257 -0.0962664
82 1.97127 -0.0616267
82 2.44617 0.0947959
82 4.3369 -0.219064
82 5.6541 -0.92712
82 5.96212 -1.30545
82 6.23441 -1.7248
82 6.39328 -2.19673

83 0 0
83 0.965639 -0.225671
83 1.43379 -0.401264
83 2.32972 -0.491509
83 3.73316 0.933395
83 2.79787 -0.667102
83 3.28552 -0.757272
83 3.7835 -0.802165
83 4.27865 -0.79122
83 5.12041 -0.340006

84 0 0
84 0.99634 -0.083941
84 1.49134 -0.10084
84 1.92724 0.144096

85 0 0
85 0.997289 -0.0675124
85 1.9864 -0.116118
85 2.47617 -0.0949674
85 2.9263 0.122708
85 3.26246 0.475321
85 3.55235 0.882708
85 3.78757 1.31274
85 3.87071 1.80578
85 3.95385 2.29882

86 0 0
86 0.49954 0.0214379

87 0 0
87 0.493285 -0.081672
87 2.30761 -0.00938541
87 2.71932 0.27433
87 3.47966 0.871631
87 4.20768 1.55403
87 4.93316 2.24136
87 5.68698 2.89624
87 6.45159 3.53867
87 6.85044 3.8402
87 7.75714 4.22419
87 8.70373 4.53506
87 9.65258 4.8232
87 10.1516 4.84503
87 11.151 4.84763
87 12.1503 4.85023
87 12.6359 4.76131
87 13.5887 4.48156
87 14.5294 4.1454
87 15.0001 3.977
87 15.9034 3.5604
87 16.8093 3.16797
87 17.7352 2.82012
87 18.6091 2.42299

88 0 0
88 0.49841 0.0398483
88 2.42101 0.0501324
88 2.84971 -0.206921
88 3.70703 -0.719152
88 4.88901 -1.63284
88 5.25665 -1.96766
88 5.96601 -2.67184
88 6.77 -3.25677
88 7.60925 -3.80011
88 8.03749 -4.04743
88 8.52537 -4.15683
88 9.50519 -4.29886
88 10.493 -4.41306
88 11.4823 -4.34235
88 12.4632 -4.22426
88 12.9195 -4.02244
88 13.3585 -3.79076
88 13.7148 -3.43996
88 14.4318 -2.74394
88 15.1824 -2.08673
88 15.9178 -1.419
88 16.3942 -0.560865
88 16.5657 -0.0921651
88 16.7821 0.358595
88 17.0297 1.27008
88 17.2461 1.72084
88 17.3757 2.664
88 17.5052 3.60717
88 17.5495 4.5525
88 17.2696 5.5061
88 17.0764 5.96728
88 16.7965 6.92087
88 16.5165 7.87447
88 16.2365 8.82806

89 0 0
89 0.990239 -0.128164
89 1.96816 -0.163943
89 2.43677 -0.0186919
89 2.90498 0.156754
89 3.74874 0.640275
89 4.0898 1.0059
89 4.7536 1.75342
89 5.39592 2.51937
89 6.01798 3.29854
89 6.24489 3.74409
89 6.4718 4.18963
89 6.77742 4.58521
89 7.08414 4.98007
89 7.39087 5.37493
89 7.6976 5.7698
89 8.00433 6.16466
89 8.31105 6.55953
89 8.61778 6.95439

90 1.09188 0.44267
90 1.51146 0.17648
90 2.44961 0.0486913
90 2.89695 -0.174663
90 3.33816 -0.409882
90 3.77938 -0.645101
90 4.59062 -0.629836
90 5.03183 -0.865055
90 5.29459 -0.511895
90 5.5308 -0.0712079
90 6.45261 1.09504
90 6.68882 1.53573
90 6.92503 1.97642
90 7.16124 2.4171

91 0.490326 0.0978806
91 0.989208 0.131298
91 2.38385 0.188355
91 2.85287 0.326268
91 3.12064 0.702086
91 3.36975 1.12803
91 4.20262 1.39826
91 5.57085 1.66165
91 6.45985 1.99967
91 6.86973 1.96296
91 7.79253 1.71627
91 9.68851 1.664
91 10.1117 1.3977
91 10.5349 1.1314
91 11.6717 2.02985
91 12.0801 2.18877
91 12.4838 2.48376
91 12.9532 3.36646
91 13.3569 3.66145
91 13.7607 3.95644

92 0 -0.75
92 0.499421 -0.774056
92 0.997909 -0.771057
92 1.46898 -0.630795
92 1.91084 -0.396789
92 2.29136 -0.0775503
92 2.64728 0.272332
92 2.91808 0.69265
92 3.16419 1.12183
92 3.22236 1.61843

93 0 -0.75
93 0.499772 -0.765103
93 0.998962 -0.771809
93 1.45484 -0.593403
93 1.87357 -0.32015
93 2.23482 0.0194927
93 2.56522 0.394772
93 2.84799 0.80291
93 3.08143 1.24507
93 3.3051 1.69191
93 3.50289 2.15112
93 3.64875 2.62785
93 3.76943 3.11306
93 4.11683 3.36986

94 0 0
94 0.986951 0.154594
94 1.93144 0.144313
94 3.42241 -0.0651727
94 3.90938 -0.17799
94 4.17928 -0.492454
94 5.15044 -0.728164
94 6.11644 -0.938709
94 6.59539 -1.08226
94 6.82817 -0.756136

95 0 0
95 0.997886 0.0603883
95 1.94857 0.150653
95 2.4136 0.287204
95 3.35256 -0.0545143
95 3.81934 -0.227263
95 4.63874 -0.784021
95 5.04043 -1.07445
95 5.71973 -1.80674
95 6.35093 -2.57428
95 6.55987 -3.02853
95 7.00593 -3.92298
95 7.20196 -4.38289
95 7.39719 -4.84312
95 7.61561 -5.29289
95 7.83403 -5.74266
95 8.01505 -6.20809

96 0 0
96 0.994405 0.10165
96 1.98857 0.20632
96 2.48669 0.249579
96 3.44746 0.489853
96 3.94293 0.557022
96 4.30329 0.886788
96 4.96035 1.58582
96 5.16494 2.04205
96 5.84332 3.3476
96 5.93593 3.83895

97 0 0
97 0.499093 -0.0301038
97 0.933675 0.0492461
97 1.71816 0.639788
97 2.55953 1.18025
97 3.39406 1.73081
97 4.22295 2.28973
97 5.04082 2.86294
97 5.84551 3.45324
97 6.71631 3.89179
97 8.1175 4.32188
97 10.0839 4.27281
97 11.0349 4.08908
97 11.9693 3.73968
97 12.4487 3.59768
97 12.9182 3.42599
97 13.3946 3.27758
97 13.8817 3.16453
97 14.7642 3.35157
97 15.252 3.24316
97 16.1443 3.5025
97 17.0366 3.76184

98 0.481967 0.13307
98 0.976449 0.207152
98 1.94908 0.275659
98 2.40106 0.172139
98 3.33459 -0.182188
98 4.29691 -0.453169
98 5.25923 -0.72348
98 6.20391 -1.05087
98 7.14767 -1.38135
98 8.61517 -1.46291
98 9.60086 -1.39471
98 11.4871 -1.28135
98 11.9671 -1.15744
98 12.5449 -0.341242
98 13.2355 0.368201
98 13.5747 0.735466
98 14.3407 1.36646
98 15.2252 2.44589
98 15.4455 3.3178
98 15.3437 3.80732
98 15.2418 4.29684
98 15.5157 5.11314
98 15.4138 5.60266
98 15.312 6.09218
98 15.8625 6.7451
98 16.3326 6.91537
98 16.8027 7.08564
98 17.2729 7.25592
98 17.743 7.42619
98 18.0483 7.1432
98 18.2994 6.7108
98 18.5504 6.27839
98 18.8015 5.84598
98 19.0525 5.41357
98 19.268 4.96562

99 0 0
99 0.9978 0.0659856
99 1.49198 0.132415
99 2.45454 0.335697
99 3.87013 0.72782
99 4.33406 0.912646
99 5.27553 1.24524
99 6.23048 1.42598
99 8.17707 1.24461
99 9.09711 0.89824
99 9.45376 0.547813

100 0 0
100 0.9897 0.058721
100 1.48068 0.153248

101 0 -0.75
101 0.499007 -0.78149
101 0.990654 -0.765386
101 2.19515 0.227738
101 2.65055 0.434164
101 3.11889 0.584218
101 3.54723 0.825521
101 3.86041 1.21529
101 4.17359 1.60506
101 4.36212 2.06582

102 0 0
102 0.496888 0.0556999
102 1.47365 0.260825
102 2.4415 0.510615
102 2.90064 0.698158
102 3.32938 0.955425

103 0.491971 0.0892451
103 0.988571 0.147458
103 1.97977 0.267536
103 2.97633 0.331585
103 3.97373 0.384354
103 4.97174 0.425325
103 5.96732 0.510482
103 6.96425 0.568806
103 8.824 0.995371
103 9.16871 1.35756
103 9.59944 1.33548
103 10.0657 1.15484

104 0 0
104 0.997191 -0.0172123
104 1.96238 -0.00221646
104 3.71741 0.518468
104 4.53177 0.912539
104 5.20075 1.6511
104 5.87076 2.39205
104 6.54438 3.12904
104 7.27802 3.80771
104 8.0542 4.41401
104 8.46779 4.68678
104 9.40011 5.03954
104 10.3348 5.37938
104 10.831 5.42737
104 11.8277 5.50804
104 12.8244 5.58871
104 13.7997 5.48384
104 14.2802 5.34582
104 15.187 4.94129
104 15.5929 4.64926
104 16.4451 4.13293
104 17.3541 3.80735
104 18.7883 3.47666

105 0.484945 0.121772
105 0.984343 0.146308
105 1.96425 0.182931
105 2.46364 0.207467
105 3.4131 -0.0138698
105 3.82972 -0.290326
105 4.66622 -0.832727
105 5.45233 -1.44787
105 6.17265 -2.1394
105 6.55651 -2.45843
105 7.30979 -3.10743
105 8.07503 -3.67867
105 9.12892 -4.57651
105 10.626 -4.52377
105 12.1092 -4.37259
105 13.0976 -4.28637
105 14.6514 -3.30845
105 14.9941 -2.94441
105 15.3963 -2.64783
105 16.2125 -1.39301
105 16.6063 -1.08535
105 16.9838 -0.760418
105 17.1696 -0.296229
105 17.3554 0.167959
105 17.362 0.666696
105 17.362 1.1667
105 17.362 1.6667
105 17.362 2.1667
105 17.362 2.6667
105 17.161 3.1132
105 16.9124 3.54705
105 16.6639 3.9809
105 16.4154 4.41475
105 16.3595 4.87929
105 16.461 5.36888

106 0 0
106 0.995715 -0.0902294
106 1.49449 -0.125249
106 2.45262 -0.0704418
106 2.87172 0.170455
106 3.68266 0.755541
106 4.47584 1.36322
106 5.23922 2.00258
106 5.58516 2.36319
106 6.23221 3.12405
106 7.31679 4.15588
106 8.03047 4.85537
106 8.24282 5.30108

107 0 0
107 0.995736 0.0488822
107 1.97543 0.0199925
107 2.30534 0.214097
107 2.67397 0.346304
107 3.49883 -0.116847
107 4.24925 -0.652709
107 5.21001 -0.930067
107 7.14007 -1.45317
107 7.63176 -1.38074
107 8.12423 -1.29425
107 8.52157 -1.55242

108 0 0
108 0.499348 0.0255198
108 1.47079 0.220847
108 2.45451 0.376839
108 3.44164 0.510578
108 4.41996 0.709641
108 5.35369 1.02144
108 5.78298 1.27777
108 6.18461 1.5667
108 6.86357 2.29944
108 7.13415 2.71507
108 7.55014 3.61153
108 7.87438 4.55552
108 8.20955 5.49626
108 8.22287 5.99431
108 8.17902 6.48602
108 7.99654 6.95153

109 0 -0.75
109 0.489672 -0.8511
109 0.979344 -0.952201
109 1.43124 -0.831467
109 1.83661 -0.538755
109 2.17915 -0.184131
109 2.46589 0.225479
109 2.69928 0.663117
109 2.87394 1.13162
109 3.00931 1.6099
109 3.07464 2.10561

110 0 0
110 0.47953 0.141601
110 1.41893 0.479471
110 2.26262 0.970827
110 3.1758 1.37809
110 4.09728 1.76573
110 5.0306 2.10971
110 6.49035 2.34975
110 7.39856 2.60458

111 0 0
111 0.993157 -0.112108
111 1.98263 -0.181346
111 2.96579 -0.122864
111 3.91066 0.0676487
111 4.84365 0.231856
111 5.17462 -0.142925
111 6.05855 0.0146243
111 6.95603 0.241466
111 7.84075 -0.106323
111 8.27845 -0.320397
111 9.24236 -0.550685
111 9.71188 -0.719565
111 10.6156 -1.13982
111 11.4649 -1.65452
111 12.2952 -2.19386
111 12.6888 -2.49256
111 13.3754 -3.21814
111 13.6321 -3.63329
111 13.9945 -4.5379
111 14.2322 -4.97607
111 14.4901 -5.40446
111 14.7839 -6.33155
111 14.6017 -7.25169
111 14.3621 -8.17116
111 14.1155 -9.09086

112 0.490687 0.0960558
112 0.97386 0.224678
112 1.45703 0.353301
112 2.3939 0.339578
112 2.84842 0.151459
112 3.70115 -0.368107
112 4.495 -0.964867
112 4.85549 -1.31134
112 5.57089 -2.01002
112 6.26574 -2.72881
112 6.95336 -3.45368
112 7.60885 -4.20529
112 7.92104 -4.59307
112 8.32213 -4.89161

113 0 0
113 0.999025 0.0383253
113 1.46253 -0.0340637
113 2.30124 -0.0225506
113 2.7342 0.227544
113 3.09199 0.569734
113 3.77512 1.2973
113 4.34596 2.09891

114 0 0
114 0.991562 0.128972
114 1.98293 0.255204
114 2.95768 0.451458
114 3.93529 0.642457
114 4.92734 0.755432
114 5.42263 0.716179
114 5.91603 0.636017
114 6.81578 0.200691
114 7.7104 -0.241935
114 8.53506 -0.784179
114 9.26981 -1.44529
114 9.59979 -1.82094
114 10.2571 -2.57453
114 10.9081 -3.33292
114 11.5821 -4.04796
114 12.413 -4.33424
114 12.9062 -4.25197
114 13.7303 -4.5445
114 14.3377 -5.32269
114 15.3823 -6.37156

115 0 0
115 0.999521 0.000278509
115 1.97543 0.123969
115 2.96918 0.0641894
115 3.96589 -0.0167126
115 4.95874 0.00654773
115 5.94682 0.160164
115 6.93355 0.318705
115 7.40013 0.498456
115 7.8667 0.678207
115 8.22437 0.996272
115 8.75418 1.77177
115 9.23053 2.6407
115 9.81978 3.44478
115 13.3071 4.47351
115 14.2262 5.5672
115 10.4061 4.25016
115 11.5473 5.88576
115 11.7667 6.33508
115 11.986 6.7844

116 0.491854 -0.0898886
116 0.983707 -0.179777
116 1.96619 -0.320312
116 2.45016 -0.238267
116 4.37942 -0.334788
116 5.67955 -1.06511
116 6.05551 -1.36576
116 6.30048 -1.80164
116 6.47855 -2.26298

117 0 0
117 0.974095 -0.16347
117 2.38521 -0.583486
117 3.31829 -0.941571
117 4.25026 -1.30325
117 5.19304 -1.61487
117 5.69108 -1.65911
117 6.67982 -1.59189
117 7.6577 -1.38759
117 8.14336 -1.27105
117 9.02471 -0.798621
117 9.46406 -0.559934
117 10.1974 -0.0276272
117 10.4593 0.397115
117 10.7187 0.824559
117 10.816 1.30516
117 10.8505 1.80331
117 10.6601 2.77736

118 0 0
118 0.991489 -0.130178
118 1.48734 -0.194427
118 2.37795 0.121674
118 2.78723 0.399115
118 3.15865 0.733858
118 3.41651 1.15639
118 3.64692 1.60013
118 3.83186 2.06374
118 4.00078 2.53434

119 0 0
119 0.989783 0.00710562
119 1.48519 -0.060541
119 2.41548 0.132645
119 2.80711 0.443501

120 0 0
120 0.998954 -0.0444785
120 1.98788 -0.130503
120 2.97446 -0.194048
120 3.47413 -0.197711
120 5.3546 -0.100144
120 6.32193 -0.341884
120 7.74013 -0.81569
120 8.58763 -1.30459
120 9.34472 -1.95662
120 10.1516 -2.54418
120 10.6037 -2.66611
120 11.1024 -2.62977
120 12.0528 -2.62854
120 12.5503 -2.58494
120 13.5058 -2.29219
120 14.4524 -1.98778
120 15.2223 -1.45945
120 15.716 -1.37996
120 16.2096 -1.30048
120 16.7033 -1.221
120 17.1969 -1.14152

121 0.491276 -0.0929954
121 0.989687 -0.0531734
121 1.43991 0.0784602
121 2.33688 0.381211
121 3.7221 0.896584
121 4.68724 1.15483
121 5.66321 1.20237
121 6.65161 1.0725
121 8.12527 0.853919
121 9.03296 0.438095
121 10.7126 -0.564403
121 11.4178 -1.25334
121 11.765 -1.61315
121 12.4848 -2.25694
121 12.7391 -2.68749
121 14.1265 -3.9419
121 14.4622 -4.31252
121 14.8503 -5.23189
121 15.1946 -5.58931
121 16.0786 -6.03476
121 16.5525 -6.19412
121 17.0264 -6.35349
121 17.5004 -6.51286
121 17.9743 -6.67222

122 0 0
122 0.984988 0.164507
122 1.94068 0.185605
122 2.90134 0.0470367
122 3.90076 0.018221
122 4.38898 0.0730095
122 5.33243 0.399565
122 6.27425 0.735529
122 6.74688 0.898682
122 7.11823 1.23326
122 7.85508 1.90245
122 8.52536 2.64048
122 8.85519 3.01626
122 9.1989 3.93869
122 9.4456 4.89611
122 9.57657 5.37829
122 10.2157 7.21478
122 10.586 8.07237

123 0 0
123 0.995302 -0.0948063
123 1.98289 -0.16198
123 2.96264 -0.0924102
123 3.46067 -0.052748
123 4.44842 0.0997314
123 5.92769 0.201757
123 7.38891 0.0596729

124 0 0
124 0.999579 -0.0218683
124 1.9954 -0.00796457
124 2.49536 -0.0128186
124 4.15355 0.236255
124 4.6517 0.21077
124 4.94051 -0.101663
124 5.93259 -0.219589
124 6.42656 -0.29658
124 7.29711 -0.213547
124 8.93939 0.409085
124 9.23053 0.815573
124 9.52168 1.22206
124 9.81283 1.62855

125 0 0
125 0.486977 0.113372
125 1.41304 0.177886
125 2.39012 0.328981
125 3.30095 0.589645
125 3.76897 0.765572
125 4.57682 1.35006
125 4.94797 1.68308
125 5.53198 2.47688
125 5.82335 2.87962
125 6.03237 3.33384
125 6.18491 3.80693
125 6.29104 4.29554
125 6.33481 4.79258
125 6.36222 5.29182

126 0 -0.75
126 0.490753 -0.845716
126 0.981506 -0.941433

127 0 0
127 0.993515 0.100531
127 1.95389 0.249055
127 2.94787 0.258704
127 3.44733 0.235453
127 4.2916 0.37266
127 4.60466 0.762524
127 5.48679 0.366084
127 6.37126 -0.0791789
127 7.16592 -0.609563
127 7.42846 -1.03509
127 7.69662 -1.44911
127 8.1604 -1.56791
127 8.60194 -1.80251

128 0 0
128 0.99499 -0.0998311
128 1.98949 -0.191704
128 2.89112 -0.331616
128 3.39094 -0.318449
128 3.69654 0.0546333
128 4.45727 0.310186
128 4.76013 0.706061
128 5.11527 1.05802
128 5.45006 1.42646
128 5.72054 1.84699
128 5.99104 2.26748
128 6.48438 2.3488
128 6.97773 2.43012
128 7.87841 2.22362
128 8.32775 2.43995
128 8.62964 2.79609
128 8.80998 3.26243
128 8.99033 3.72877
128 9.36075 3.83273
128 9.84693 3.71598
128 10.689 3.19933
128 11.125 2.95446
128 11.58 2.75208
128 12.4049 2.23416

129 0 0
129 0.990865 -0.0266691
129 2.46212 -0.166991
129 3.44094 -0.362405
129 4.42416 -0.523678
129 4.9235 -0.549291
129 5.9227 -0.586909
129 6.4202 -0.634152
129 6.91665 -0.693561
129 7.36564 -0.628573
129 7.69629 -0.253515
129 7.98843 0.149804
129 8.42671 0.94642
129 8.44629 1.43733
129 8.50603 2.43164
129 8.56577 3.42595
129 8.48093 3.90169
129 8.1844 4.78502
129 7.8907 5.18966
129 7.54745 5.55224

130 0 -0.75
130 0.497713 -0.797771
130 0.990749 -0.823165
130 1.35384 -0.488334
130 1.6847 -0.113459
130 1.89641 0.835266
130 2.08494 1.29836
130 2.24015 1.77135
130 2.335 2.26227

131 0 0
131 0.993636 0.0913186
131 1.98606 0.200137
131 3.45021 -0.0347095
131 5.09097 -1.09385
131 5.79533 -1.80076
131 6.43107 -2.56588
131 7.0056 -3.38431
131 7.59111 -4.19479
131 8.19299 -4.99337
131 8.77652 -5.805
131 9.33324 -6.63569
131 9.88996 -7.46638
131 10.2666 -7.78683
131 11.0337 -8.41629
131 11.8365 -9.01239
131 12.6393 -9.60848
131 13.0566 -9.86723
131 14.0066 -10.0122
131 14.5061 -10.0347
131 15.4929 -10.0038
131 16.4711 -9.97741
131 17.4464 -9.93965
131 17.9383 -10.0294
131 18.8994 -9.95891
131 19.6412 -9.40105

132 0 0
132 0.991023 0.0616356
132 1.93051 0.068965
132 2.42469 0.145017
132 3.39373 0.377633
132 4.319 0.740968
132 4.75934 0.977823
132 5.51632 1.61904
132 5.87056 1.9719
132 6.53109 2.71379
132 7.08594 3.54057
132 7.62936 4.37988
132 8.54302 5.54949
132 9.16182 6.30097

133 0.464236 -0.185702
133 0.961274 -0.240043
133 1.41367 -0.199917
133 3.12051 -0.214055
133 4.43348 -0.923731
133 4.75772 -1.28196
133 5.46447 -1.84221
133 5.64961 -2.30442
133 5.88095 -2.73026
133 6.26347 -3.05225
133 6.64554 -3.28098
133 7.51618 -2.86208
133 7.89558 -2.53642
133 8.27498 -2.21076
133 8.46237 -1.79842
133 8.45572 -1.29846
133 8.44906 -0.798508
133 8.4424 -0.298552
133 8.43574 0.201403
133 8.35489 1.18872
133 8.26575 2.18183
133 8.38417 2.66725
133 8.32004 3.64961
133 8.14053 5.1319
133 7.92275 5.57825
133 7.68299 6.01701

134 0 0
134 0.499926 0.0085782
134 1.48369 -0.108947
134 3.70837 -1.1894
134 2.24631 0.141434
134 2.62151 0.471934
134 2.9967 0.802434
134 3.37189 1.13293
134 3.75814 1.44723
134 4.20285 1.67576
134 5.07162 1.62943
134 5.56591 1.70473

135 0 0
135 0.996526 0.0467171
135 1.98536 0.147668
135 2.46241 0.297392
135 2.90234 0.517782
135 3.29625 0.825727
135 3.69017 1.13367

136 0 0
136 0.498043 -0.0441941
136 0.985045 -0.0371953
136 1.38673 0.260156
136 1.78636 0.560644
136 2.13877 0.914432
136 2.48519 1.27497
136 2.74812 1.69704
136 2.98985 2.13472
136 3.20513 2.583
136 3.33247 3.06652

137 0 0
137 0.345991 0.360957
137 0.691983 0.721914

140 0 0
140 0.460918 -0.193789
140 0.921837 -0.387578
140 1.38276 -0.581368
140 1.84367 -0.775157
140 2.30459 -0.968946
140 2.76551 -1.16274
140 3.22643 -1.35652
140 3.68735 -1.55031

141 0 0
141 0.486657 0.114737
141 0.973315 0.229473
141 1.45997 0.34421
141 1.94663 0.458947
141 2.43329 0.573683
141 2.91994 0.68842
141 3.4066 0.803157
141 3.89326 0.917893
141 4.37992 1.03263
141 4.86657 1.14737
141 5.35323 1.2621
141 5.83989 1.37684

142 0 0
142 0.428202 0.258153
142 1.34945 0.433226
142 2.2707 0.608299
142 3.19196 0.783372
142 3.62016 1.04152
142 4.54141 1.2166
142 5.46266 1.39167
142 6.38391 1.56674
142 6.81211 1.8249
142 7.73336 1.99997
142 8.65462 2.17504
142 9.57587 2.35011
142 10.0041 2.60827
142 10.9253 2.78334
142 11.3535 3.04149
142 11.7817 3.29965
142 12.2099 3.5578
142 12.6381 3.81595
142 13.0663 4.07411
142 13.5446 4.01661
142 14.0316 3.90359
142 14.5187 3.79056
142 15.0058 3.67753

143 0 0
143 0.429754 0.255561
143 1.35134 0.421097
143 2.27292 0.586633
143 2.70267 0.842193
143 3.62426 1.00773
143 4.54584 1.17327
143 5.46742 1.3388
143 5.89718 1.59436
143 6.81876 1.7599
143 7.74034 1.92543
143 8.66193 2.09097
143 9.58351 2.25651
143 10.0133 2.51207
143 10.443 2.76763
143 10.8728 3.02319
143 11.3025 3.27875
143 11.7323 3.53431
143 12.162 3.78987
143 12.6044 4.02106
143 13.0621 4.18305
143 13.5294 4.00508
143 13.9966 3.82712
143 14.4639 3.64915

144 0 0
144 0.430012 0.255127
144 1.35185 0.420229
144 2.27369 0.585331
144 2.70371 0.840458
144 3.62555 1.00556
144 4.54739 1.17066
144 5.46923 1.33576
144 5.89924 1.59089
144 6.82108 1.75599
144 7.74292 1.9211
144 8.66476 2.0862
144 9.5866 2.2513
144 10.0166 2.50643
144 10.4466 2.76155
144 10.8766 3.01668
144 11.3067 3.27181
144 11.7367 3.52693
144 12.1667 3.78206
144 12.6116 4.00935

145 0 0
145 0.429805 0.255475
145 1.35144 0.420926
145 2.27307 0.586376
145 2.70288 0.841851
145 3.62451 1.0073
145 4.54615 1.17275
145 5.46778 1.3382
145 5.89758 1.59368
145 6.81922 1.75913
145 7.74085 1.92458
145 8.66249 2.09003
145 9.58412 2.25548
145 10.0139 2.51096
145 10.4437 2.76643
145 10.8735 3.02191
145 11.3033 3.27738
145 11.7331 3.53286
145 12.163 3.78833
145 12.6092 4.01287

146 0 0
146 0.429547 0.255908
146 1.35092 0.421792
146 2.2723 0.587676
146 2.70185 0.843584
146 3.62322 1.00947
146 4.5446 1.17535
146 5.46598 1.34124
146 5.89552 1.59714
146 6.8169 1.76303
146 7.73828 1.92891
146 8.65965 2.09479
146 9.0892 2.3507
146 10.0106 2.51659
146 10.4401 2.77249
146 10.8697 3.0284
146 11.2992 3.28431
146 11.7288 3.54022
146 12.1583 3.79613
146 12.6026 4.02273
146 13.0649 4.17322
146 13.5339 4.00004
146 14.003 3.82686
146 14.472 3.65368

147 0 0
147 0.430012 0.255127
147 1.35185 0.420229
147 2.27369 0.585331
147 2.70371 0.840458
147 3.62555 1.00556
147 4.54739 1.17066
147 5.46923 1.33576
147 5.89924 1.59089
147 6.82108 1.75599
147 7.74292 1.9211
147 8.66476 2.0862
147 9.5866 2.2513
147 10.0166 2.50643
147 10.4466 2.76155
147 10.8766 3.01668
147 11.3067 3.27181
147 11.7367 3.52693
147 12.1667 3.78206
147 12.6462 3.80044
147 13.1425 3.73916
147 13.6387 3.67787
147 14.1349 3.61659
147 14.6312 3.55531

148 0 0
148 0.430012 0.255127
148 1.35185 0.420229
148 2.27369 0.585331
148 2.70371 0.840458
148 3.62555 1.00556
148 4.54739 1.17066
148 5.46923 1.33576
148 5.89924 1.59089
148 6.82108 1.75599
148 7.74292 1.9211
148 8.66476 2.0862
148 9.5866 2.2513
148 10.0166 2.50643
148 10.4466 2.76155
148 10.8766 3.01668
148 11.3067 3.27181
148 11.7367 3.52693
148 12.1667 3.78206
148 12.6116 4.00935
148 13.0636 4.18248
148 13.5309 4.00451
148 13.9981 3.82655
148 14.4654 3.64858

149 0 0
149 0.430012 0.255127
149 1.35185 0.420229
149 2.27369 0.585331
149 2.70371 0.840458
149 3.62555 1.00556
149 4.54739 1.17066
149 5.46923 1.33576
149 5.89924 1.59089
149 6.82108 1.75599
149 7.74292 1.9211
149 8.66476 2.0862
149 9.5866 2.2513
149 10.0166 2.50643
149 10.4466 2.76155
149 10.8766 3.01668
149 11.3067 3.27181
149 11.7367 3.52693
149 12.1667 3.78206
149 12.6133 4.00584
149 13.0675 4.17189
149 13.5356 3.99608
149 14.0036 3.82028
149 14.4717 3.64447

150 0 0
150 0.429497 0.255994
150 1.35082 0.421963
150 2.27215 0.587932
150 2.70164 0.843925
150 3.62297 1.00989
150 4.54429 1.17586
150 5.46562 1.34183
150 5.89512 1.59783
150 6.81644 1.76379
150 7.73777 1.92976
150 8.65909 2.09573
150 9.08859 2.35173
150 10.0099 2.5177
150 10.4394 2.77369
150 10.8689 3.02968
150 11.2984 3.28568
150 11.7279 3.54167
150 12.1574 3.79766
150 12.5943 4.03824

151 0 0
151 0.429497 0.255994
151 1.35082 0.421963
151 2.27215 0.587932
151 2.70164 0.843925
151 3.62297 1.00989
151 4.54429 1.17586
151 5.46562 1.34183
151 5.89512 1.59783
151 6.81644 1.76379
151 7.73777 1.92976
151 8.65909 2.09573
151 9.08859 2.35173
151 10.0099 2.5177
151 10.4394 2.77369
151 10.8689 3.02968
151 11.2984 3.28568
151 11.7279 3.54167
151 12.1574 3.79766
151 12.5937 4.03968
151 13.0596 4.184
151 13.5269 4.00604
151 13.9941 3.82807
151 14.4614 3.65011

152 0 0
152 0.429547 0.255908
152 1.35092 0.421792
152 2.2723 0.587676
152 2.70185 0.843584
152 3.62322 1.00947
152 4.5446 1.17535
152 5.46598 1.34124
152 5.89552 1.59714
152 6.8169 1.76303
152 7.73828 1.92891
152 8.65965 2.09479
152 9.0892 2.3507
152 10.0106 2.51659
152 10.4401 2.77249
152 10.8697 3.0284
152 11.2992 3.28431
152 11.7288 3.54022
152 12.1583 3.79613
152 12.6015 4.02547

153 0 0
153 0.429754 0.255561
153 1.35134 0.421097
153 2.27292 0.586633
153 2.70267 0.842193
153 3.62426 1.00773
153 4.54584 1.17327
153 5.46742 1.3388
153 5.89718 1.59436
153 6.81876 1.7599
153 7.74034 1.92543
153 8.66193 2.09097
153 9.58351 2.25651
153 10.0133 2.51207
153 10.443 2.76763
153 10.8728 3.02319
153 11.3025 3.27875
153 11.7323 3.53431
153 12.162 3.78987
153 12.6044 4.02106

154 0 0
154 0.430012 0.255127
154 1.35185 0.420229
154 2.27369 0.585331
154 2.70371 0.840458
154 3.62555 1.00556
154 4.54739 1.17066
154 5.46923 1.33576
154 5.89924 1.59089
154 6.82108 1.75599
154 7.74292 1.9211
154 8.66476 2.0862
154 9.5866 2.2513
154 10.0166 2.50643
154 10.4466 2.76155
154 10.8766 3.01668
154 11.3067 3.27181
154 11.7367 3.52693
154 12.1667 3.78206
154 12.6116 4.00935
154 13.0636 4.18248
154 13.5309 4.00451
154 13.9981 3.82655
154 14.4654 3.64858

155 0 0
155 0.429754 0.255561
155 1.35134 0.421097
155 2.27292 0.586633
155 2.70267 0.842193
155 3.62426 1.00773
155 4.54584 1.17327
155 5.46742 1.3388
155 5.89718 1.59436
155 6.81876 1.7599
155 7.74034 1.92543
155 8.66193 2.09097
155 9.58351 2.25651
155 10.0133 2.51207
155 10.443 2.76763
155 10.8728 3.02319
155 11.3025 3.27875
155 11.7323 3.53431
155 12.162 3.78987
155 12.6056 4.01831
155 13.0657 4.17255
155 13.5338 3.99674
155 14.0019 3.82094
155 14.47 3.64513

156 0 0
156 0.429754 0.255561
156 1.35134 0.421097
156 2.27292 0.586633
156 2.70267 0.842193
156 3.62426 1.00773
156 4.54584 1.17327
156 5.46742 1.3388
156 5.89718 1.59436
156 6.81876 1.7599
156 7.74034 1.92543
156 8.66193 2.09097
156 9.58351 2.25651
156 10.0133 2.51207
156 10.443 2.76763
156 10.8728 3.02319
156 11.3025 3.27875
156 11.7323 3.53431
156 12.162 3.78987
156 12.6056 4.01831

157 0 0
157 0.429754 0.255561
157 1.35134 0.421097
157 2.27292 0.586633
157 2.70267 0.842193
157 3.62426 1.00773
157 4.54584 1.17327
157 5.46742 1.3388
157 5.89718 1.59436
157 6.81876 1.7599
157 7.74034 1.92543
157 8.66193 2.09097
157 9.58351 2.25651
157 10.0133 2.51207
157 10.443 2.76763
157 10.8728 3.02319
157 11.3025 3.27875
157 11.7323 3.53431
157 12.162 3.78987
157 12.6044 4.02106
157 13.0621 4.18305
157 13.5294 4.00508
157 13.9966 3.82712
157 14.4639 3.64915

158 0 0
158 0.429754 0.255561
158 1.35134 0.421097
158 2.27292 0.586633
158 2.70267 0.842193
158 3.62426 1.00773
158 4.54584 1.17327
158 5.46742 1.3388
158 5.89718 1.59436
158 6.81876 1.7599
158 7.74034 1.92543
158 8.66193 2.09097
158 9.58351 2.25651
158 10.0133 2.51207
158 10.443 2.76763
158 10.8728 3.02319
158 11.3025 3.27875
158 11.7323 3.53431
158 12.162 3.78987
158 12.6044 4.02106

159 0 0
159 0.429754 0.255561
159 1.35134 0.421097
159 2.27292 0.586633
159 2.70267 0.842193
159 3.62426 1.00773
159 4.54584 1.17327
159 5.46742 1.3388
159 5.89718 1.59436
159 6.81876 1.7599
159 7.74034 1.92543
159 8.66193 2.09097
159 9.58351 2.25651
159 10.0133 2.51207
159 10.443 2.76763
159 10.8728 3.02319
159 11.3025 3.27875
159 11.7323 3.53431
159 12.162 3.78987
159 12.6044 4.02106
159 13.0621 4.18305
159 13.5294 4.00508
159 13.9966 3.82712
159 14.4639 3.64915

160 0 0
160 0.429754 0.255561
160 1.35134 0.421097
160 2.27292 0.586633
160 2.70267 0.842193
160 3.62426 1.00773
160 4.54584 1.17327
160 5.46742 1.3388
160 5.89718 1.59436
160 6.81876 1.7599
160 7.74034 1.92543
160 8.66193 2.09097
160 9.58351 2.25651
160 10.0133 2.51207
160 10.443 2.76763
160 10.8728 3.02319
160 11.3025 3.27875
160 11.7323 3.53431
160 12.162 3.78987
160 12.6044 4.02106

161 0 0
161 0.429754 0.255561
161 1.35134 0.421097
161 2.27292 0.586633
161 2.70267 0.842193
161 3.62426 1.00773
161 4.54584 1.17327
161 5.46742 1.3388
161 5.89718 1.59436
161 6.81876 1.7599
161 7.74034 1.92543
161 8.66193 2.09097
161 9.58351 2.25651
161 10.0133 2.51207
161 10.443 2.76763
161 10.8728 3.02319
161 11.3025 3.27875
161 11.7323 3.53431
161 12.162 3.78987
161 12.6044 4.02106
161 13.0622 4.18334
161 13.5305 4.00798
161 13.9987 3.83263
161 14.4669 3.65727

162 0 0
162 0.429497 0.255994
162 1.35082 0.421963
162 2.27215 0.587932
162 2.70164 0.843925
162 3.62297 1.00989
162 4.54429 1.17586
162 5.46562 1.34183
162 5.89512 1.59783
162 6.81644 1.76379
162 7.73777 1.92976
162 8.65909 2.09573
162 9.08859 2.35173
162 10.0099 2.5177
162 10.4394 2.77369
162 10.8689 3.02968
162 11.2984 3.28568
162 11.7279 3.54167
162 12.1574 3.79766
162 12.5937 4.03968

163 0 0
163 0.429497 0.255994
163 1.35082 0.421963
163 2.27215 0.587932
163 2.70164 0.843925
163 3.62297 1.00989
163 4.54429 1.17586
163 5.46562 1.34183
163 5.89512 1.59783
163 6.81644 1.76379
163 7.73777 1.92976
163 8.65909 2.09573
163 9.08859 2.35173
163 10.0099 2.5177
163 10.4394 2.77369
163 10.8689 3.02968
163 11.2984 3.28568
163 11.7279 3.54167
163 12.1574 3.79766
163 12.5943 4.03824

164 0 0
164 0.429754 0.255561
164 1.35134 0.421097
164 2.27292 0.586633
164 2.70267 0.842193
164 3.62426 1.00773
164 4.54584 1.17327
164 5.46742 1.3388
164 5.89718 1.59436
164 6.81876 1.7599
164 7.74034 1.92543
164 8.66193 2.09097
164 9.58351 2.25651
164 10.0133 2.51207
164 10.443 2.76763
164 10.8728 3.02319
164 11.3025 3.27875
164 11.7323 3.53431
164 12.162 3.78987
164 12.6056 4.01831

165 0 0
165 0.429497 0.255994
165 1.35082 0.421963
165 2.27215 0.587932
165 2.70164 0.843925
165 3.62297 1.00989
165 4.54429 1.17586
165 5.46562 1.34183
165 5.89512 1.59783
165 6.81644 1.76379
165 7.73777 1.92976
165 8.65909 2.09573
165 9.08859 2.35173
165 10.0099 2.5177
165 10.4394 2.77369
165 10.8689 3.02968
165 11.2984 3.28568
165 11.7279 3.54167
165 12.1574 3.79766
165 12.5943 4.03824

166 0 0
166 0.429754 0.255561
166 1.35134 0.421097
166 2.27292 0.586633
166 2.70267 0.842193
166 3.62426 1.00773
166 4.54584 1.17327
166 5.46742 1.3388
166 5.89718 1.59436
166 6.81876 1.7599
166 7.74034 1.92543
166 8.66193 2.09097
166 9.58351 2.25651
166 10.0133 2.51207
166 10.443 2.76763
166 10.8728 3.02319
166 11.3025 3.27875
166 11.7323 3.53431
166 12.162 3.78987
166 12.6044 4.02106

167 0 0
167 0.429805 0.255475
167 1.35144 0.420926
167 2.27307 0.586376
167 2.70288 0.841851
167 3.62451 1.0073
167 4.54615 1.17275
167 5.46778 1.3382
167 5.89758 1.59368
167 6.81922 1.75913
167 7.74085 1.92458
167 8.66249 2.09003
167 9.58412 2.25548
167 10.0139 2.51096
167 10.4437 2.76643
167 10.8735 3.02191
167 11.3033 3.27738
167 11.7331 3.53286
167 12.163 3.78833
167 12.6092 4.01287
167 13.063 4.18272
167 13.5302 4.00475
167 13.9975 3.82679
167 14.4647 3.64882

168 0 0
168 0.429754 0.255561
168 1.35134 0.421097
168 2.27292 0.586633
168 2.70267 0.842193
168 3.62426 1.00773
168 4.54584 1.17327
168 5.46742 1.3388
168 5.89718 1.59436
168 6.81876 1.7599
168 7.74034 1.92543
168 8.66193 2.09097
168 9.58351 2.25651
168 10.0133 2.51207
168 10.443 2.76763
168 10.8728 3.02319
168 11.3025 3.27875
168 11.7323 3.53431
168 12.162 3.78987
168 12.6044 4.02106
168 13.0621 4.18305
168 13.5294 4.00508
168 13.9966 3.82712
168 14.4639 3.64915

169 0 0
169 0.429754 0.255561
169 1.35134 0.421097
169 2.27292 0.586633
169 2.70267 0.842193
169 3.62426 1.00773
169 4.54584 1.17327
169 5.46742 1.3388
169 5.89718 1.59436
169 6.81876 1.7599
169 7.74034 1.92543
169 8.66193 2.09097
169 9.58351 2.25651
169 10.0133 2.51207
169 10.443 2.76763
169 10.8728 3.02319
169 11.3025 3.27875
169 11.7323 3.53431
169 12.162 3.78987
169 12.6044 4.02106
