
1 0 -1.5
1 0.99828 -1.44137
1 1.99656 -1.38273
1 2.99489 -1.32662
1 3.99474 -1.34396
1 4.99459 -1.36129
1 5.99413 -1.39156
1 6.99282 -1.37789
1 7.99072 -1.31343
1 8.98922 -1.25866
1 9.98895 -1.24406
1 10.9889 -1.23756
1 11.922 -1.52512
1 12.8209 -1.96335
1 13.7198 -2.40159
1 14.6186 -2.83982
1 15.5436 -3.11355
1 16.5341 -2.97548
1 17.5245 -2.83741
1 18.5149 -2.69934

2 0 -1.5
2 0.998435 -1.44408
2 1.99687 -1.38817
2 2.99533 -1.33348
2 3.99523 -1.3475
2 4.99514 -1.36153
2 5.99436 -1.40042
2 6.99243 -1.3897
2 7.98944 -1.3135
2 8.98794 -1.25873
2 9.98769 -1.24882
2 10.9877 -1.24804
2 11.3844 -0.590226
2 11.4702 0.406083
2 11.5561 1.40239
2 11.5561 1.40239

3 0 -1.5
3 0.998358 -1.44272
3 1.99672 -1.38545
3 2.99511 -1.3301
3 3.99494 -1.34859
3 4.99477 -1.36709
3 4.99477 -1.36709
3 5.99428 -1.39813
3 8.98907 -1.26752
3 8.98907 -1.26752
3 8.98907 -1.26752
3 8.98907 -1.26752
3 8.98907 -1.26752
3 8.98907 -1.26752
3 11.3847 -0.576767

4 0 -1.5
4 0.998199 -1.44001
4 1.9964 -1.38002
4 2.99466 -1.32315
4 3.99453 -1.33948
4 4.9944 -1.35581
4 5.99365 -1.394
4 6.99199 -1.38242
4 7.98966 -1.31526
4 8.98852 -1.26754
4 9.98828 -1.25026
4 10.9882 -1.23913
4 11.3846 -0.577316
4 11.4708 0.418966
4 11.5569 1.41525
4 11.5569 1.41525

5 0 -1.5
5 0.99828 -1.44137
5 1.99656 -1.38273
5 2.99489 -1.32671
5 3.99469 -1.34682
5 4.99448 -1.36693
5 4.99448 -1.36693
5 5.99413 -1.39365
5 8.98928 -1.25865
5 8.98928 -1.25865
5 8.98928 -1.25865
5 8.98928 -1.25865
5 8.98928 -1.25865
5 8.98928 -1.25865
5 11.2782 -0.448828

6 0 -1.5
6 0.99828 -1.44137
6 1.99656 -1.38273
6 2.99489 -1.32653
6 3.99478 -1.34123
6 4.99468 -1.35592
6 5.99393 -1.39401
6 6.99226 -1.3824
6 7.98998 -1.31595
6 8.98896 -1.27098
6 9.98866 -1.2511
6 10.9886 -1.23934
6 11.396 -0.578029
6 11.4994 0.41661
6 11.6029 1.41125
6 11.6029 1.41125

7 0 -1.5
7 0.998358 -1.44272
7 1.99672 -1.38545
7 2.99511 -1.33003
7 3.99499 -1.34572
7 4.99487 -1.36141
7 4.99487 -1.36141
7 5.99409 -1.40041
7 8.98828 -1.27101
7 8.98828 -1.27101
7 8.98828 -1.27101
7 8.98828 -1.27101
7 8.98828 -1.27101
7 8.98828 -1.27101
7 11.3732 -0.576737

8 0 -1.5
8 0.998264 -1.4411
8 1.99653 -1.3822
8 2.99486 -1.32633
8 3.99475 -1.34112
8 4.99464 -1.35592
8 5.9939 -1.39383
8 6.9922 -1.38508
8 7.98959 -1.31349
8 8.98809 -1.25872
8 9.98783 -1.24882
8 10.9878 -1.24804
8 11.3845 -0.590086
8 11.4705 0.406209
8 11.5565 1.4025
8 11.5565 1.4025

9 0 -1.5
9 0.998149 -1.43919
9 1.9963 -1.37837
9 2.9945 -1.32014
9 3.99434 -1.33792
9 4.99419 -1.3557
9 4.99419 -1.3557
9 5.99344 -1.39381
9 8.98714 -1.25736
9 8.98714 -1.25736
9 8.98714 -1.25736
9 8.98714 -1.25736
9 8.98714 -1.25736
9 8.98714 -1.25736
9 11.3044 -0.453603

10 0 -1.5
10 0.998215 -1.44028
10 1.99643 -1.38055
10 2.9947 -1.32343
10 3.99452 -1.34244
10 4.99434 -1.36146
10 5.99356 -1.4003
10 6.99163 -1.38977
10 7.98873 -1.31531
10 8.98759 -1.26759
10 9.98734 -1.24962
10 10.9873 -1.23772
10 11.2912 -0.463941
10 11.3932 0.530845
10 11.4952 1.52563
10 11.4952 1.52563

11 0 -1.5
11 0.99828 -1.44137
11 1.99656 -1.38273
11 2.99489 -1.32663
11 3.99474 -1.34411
11 4.99458 -1.3616
11 5.99381 -1.40031
11 6.99188 -1.38975
11 7.98902 -1.31599
11 8.98801 -1.27103
11 9.98776 -1.26025
11 10.9878 -1.2606
11 11.4739 -0.719448
11 11.526 0.279196
11 11.5781 1.27784

12 0 -1.5
12 0.987828 -1.34445
12 1.97857 -1.22404
12 2.97853 -1.21494
12 3.97847 -1.20779
12 4.97828 -1.22735
12 5.9735 -1.17024
12 6.96675 -1.06003
12 7.96463 -0.994853
12 8.9624 -0.928208
12 9.96017 -0.861373
12 10.0684 0.108435

13 0 -1.5
13 0.999991 -1.49568
13 1.99988 -1.50188
13 2.99973 -1.51441
13 3.99973 -1.51213
13 4.99966 -1.5231
13 4.99966 -1.5231
13 5.99702 -1.56339
13 6.9831 -1.7297
13 7.92907 -1.98211
13 8.69089 -2.62989
13 9.46772 -3.25888
13 10.3139 -3.69645
13 11.3097 -3.60485
13 12.3055 -3.51325
13 13.3013 -3.42164
13 14.2565 -3.14774
13 15.197 -2.80806
13 15.2609 -1.85294
13 15.2609 -0.852935
13 15.2609 0.147065

14 0.98348 -1.31899
14 0.98348 -1.31899
14 1.91723 -1.40107
14 1.91723 -1.40107
14 1.91723 -1.40107
14 3.67707 -2.33388
14 6.52385 -2.11149
14 7.37557 -1.58749
14 8.21447 -1.0432
14 9.04403 -0.48532
14 9.85314 0.102328
14 10.6766 0.66973
14 11.5125 1.19547
14 11.5125 1.19547
14 11.5125 1.19547
14 12.5118 1.15708
14 13.5111 1.11868
14 14.5103 1.08028
14 15.5059 1.02783
14 15.5059 1.02783
14 16.3965 0.573025
14 17.2806 0.106929
14 17.2806 0.106929

15 0 -1.5
15 0.995375 -1.40394
15 1.96264 -1.20391
15 2.87082 -0.785331
15 3.76746 -0.343146
15 4.65443 0.118646
15 5.53477 0.592984
15 6.45729 0.893481
15 7.45713 0.875321
15 8.45696 0.857161
15 9.43459 0.688337
15 10.3971 0.41726
15 11.3523 0.132802
15 12.0914 -0.540744
15 12.8117 -1.2331
15 13.4812 -1.97587
15 14.1618 -2.70679
15 14.9479 -3.32495
15 15.7433 -3.90572
15 16.7276 -3.72914
15 17.7118 -3.55256
15 18.6961 -3.37599
15 19.6804 -3.19941
15 20.6647 -3.02283

16 0 -1.5
16 0.999933 -1.48842
16 1.97055 -1.61554
16 1.97055 -1.61554
16 2.88024 -2.03081
16 3.78714 -2.45025
16 3.78714 -2.45025
16 3.78714 -2.45025
16 4.51547 -3.13548
16 5.22966 -3.83273
16 5.78879 -4.66181
16 7.2069 -6.00174
16 8.06774 -6.51063
16 8.92857 -7.01951
16 9.78941 -7.52839
16 12.5719 -8.17136
16 13.5701 -8.11609
16 14.5694 -8.07931
16 17.2362 -6.89476
16 17.2362 -6.89476
16 18.5411 -4.2048

17 0 -1.5
17 0.99028 -1.63909
17 1.98056 -1.77818
17 2.92677 -1.47947
17 3.86946 -1.14579
17 4.81214 -0.812118
17 5.64971 -0.30476
17 6.38255 0.375649
17 7.06904 1.09944
17 7.69983 1.8754
17 8.19112 2.7246
17 8.47175 3.68442
17 8.70508 4.65465
17 8.85364 5.64355
17 9.00324 6.6323
17 9.15404 7.62086

18 0 -1.5
18 0.998432 -1.55597
18 1.99686 -1.61194
18 2.92321 -1.24999
18 3.84173 -0.8556
18 4.71766 -0.373162
18 5.59401 0.108508
18 6.47501 0.581611
18 7.37157 0.964802
18 8.36028 0.814953
18 9.34898 0.665104
18 10.3377 0.515255
18 11.3264 0.365406
18 12.3129 0.202129
18 13.2972 0.025736
18 13.9948 0.438092
18 14.463 1.32175
18 14.9311 2.20541

19 0 -1.5
19 0.963582 -1.23259
19 1.88571 -1.30661
19 2.7573 -1.79685
19 3.65799 -2.22868
19 4.57422 -2.62933
19 5.49549 -3.01815
19 6.41933 -3.40094
19 7.08442 -3.1196
19 7.50582 -2.21272
19 7.92722 -1.30584
19 8.34861 -0.398965
19 8.77001 0.507911
19 9.19141 1.41479
19 9.6128 2.32166

20 0 -1.5
20 0.994911 -1.39925
20 1.98603 -1.39874
20 2.98586 -1.38003
20 3.97152 -1.54788
20 3.97152 -1.54788
20 4.95713 -1.71694
20 5.94293 -1.88486
20 5.94293 -1.88486
20 6.92873 -2.05279
20 7.91453 -2.22071
20 8.9091 -2.31261
20 9.90724 -2.37353
20 10.9048 -2.41176
20 11.8988 -2.30227
20 12.825 -1.94453
20 13.7366 -1.53346
20 14.5162 -0.918271
20 15.2637 -0.254445
20 15.7622 0.612429
20 16.1309 1.50469
20 15.9955 2.49548
20 15.8601 3.48626
20 15.7246 4.47705
20 15.5892 5.46784
20 15.4538 6.45863
20 15.3184 7.44942

21 0 -1.5
21 0.990762 -1.63561
21 1.98152 -1.77122
21 2.96786 -1.62967
21 3.81809 -1.10821
21 4.64376 -0.546695
21 5.41766 0.086612
21 6.12553 0.778846
21 6.66703 1.61955
21 7.10253 2.51508
21 7.47575 3.44282
21 7.57461 4.43173

22 0 -1.5
22 0.961522 -1.77473
22 1.92304 -2.04946
22 2.76365 -1.72963
22 3.4608 -1.01732
22 4.1186 -0.264126
22 4.63973 0.581076
22 5.09007 1.47393
22 5.42763 2.40944
22 5.68095 3.37683

23 0 -1.5
23 0.999131 -1.54169
23 1.94124 -1.4418
23 2.86702 -1.06375
23 3.79266 -0.685371
23 4.68208 -0.228291
23 5.5856 0.198094
23 6.51198 0.574683
23 7.45676 0.902056
23 8.40299 1.22555
23 9.34922 1.54905
23 10.2954 1.87255

24 0.985717 -1.33159
24 0.985717 -1.33159
24 1.96918 -1.35244
24 1.96918 -1.35244
24 2.96682 -1.42114
24 2.96682 -1.42114
24 3.95577 -1.56597
24 5.93942 -1.81209
24 6.93528 -1.90294
24 6.93528 -1.90294
24 7.92783 -2.02295
24 8.91864 -2.15819
24 8.91864 -2.15819
24 9.7644 -2.62962
24 9.7644 -2.62962
24 10.5426 -3.25766
24 11.3208 -3.8857
24 11.9734 -4.62631
24 11.9734 -4.62631
24 12.4879 -5.47601
24 12.4879 -5.47601

25 0 -1.5
25 0.989793 -1.35749
25 1.95753 -1.41918
25 1.95753 -1.41918
25 1.95753 -1.41918
25 2.84635 -1.84932
25 2.84635 -1.84932
25 3.5967 -2.51037
25 4.34584 -3.17243
25 4.34584 -3.17243
25 4.87015 -4.02395
25 5.39446 -4.87548
25 5.39446 -4.87548
25 5.39446 -4.87548
25 5.39446 -4.87548
25 5.39446 -4.87548

26 0 -1.5
26 0.99982 -1.51895
26 1.99635 -1.4936
26 2.98237 -1.327
26 3.96685 -1.15165
26 4.95042 -0.971076
26 5.75811 -0.469179
26 6.44035 0.261954
26 6.86992 1.15634
26 7.19627 2.09317
26 7.27226 3.09028
26 7.19108 4.0569

27 0 -1.5
27 0.999489 -1.53195
27 1.92775 -1.68965

28 0.977488 -1.28901
28 0.977488 -1.28901
28 1.95083 -1.21835
28 1.95083 -1.21835
28 1.95083 -1.21835
28 2.84456 -1.66694
28 3.6909 -2.18626
28 4.44558 -2.84235
28 5.19929 -3.49955
28 5.94283 -4.16824
28 6.68159 -4.84213
28 7.4115 -5.52568
28 8.1414 -6.20923
28 8.1414 -6.20923
28 10.2146 -8.37684
28 12.7986 -7.73037
28 12.7986 -7.73037
28 13.7985 -7.74626
28 16.4829 -6.83667
28 16.4829 -6.83667
28 16.4829 -6.83667
28 16.4829 -6.83667

29 0 -1.5
29 0.993606 -1.38709
29 1.94187 -1.35041
29 2.90118 -1.06805
29 3.86049 -0.78569
29 4.65621 -0.184168
29 5.44556 0.42977
29 6.21019 1.07108
29 6.90078 1.79432
29 7.59137 2.51757
29 8.21996 3.2888
29 8.74691 4.1387

30 0 -1.5
30 0.962883 -1.23008
30 1.90919 -1.2987
30 2.83146 -1.67481
30 3.47305 -2.44186
30 4.08188 -3.22824
30 4.4431 -4.16072
30 5.26181 -4.11038
30 6.20789 -3.78643
30 7.15396 -3.46248
30 8.10004 -3.13854
30 8.99897 -2.78692
30 8.82053 -1.80297
30 8.64209 -0.819021
30 8.46365 0.164929
30 8.28521 1.14888
30 8.10676 2.13283
30 7.92832 3.11678
30 7.82871 4.10925

31 0 -1.5
31 0.993818 -1.61102
31 1.98601 -1.73292
31 2.96884 -1.91744
31 3.95208 -2.09484
31 4.9496 -2.02449
31 5.94712 -1.95414
31 6.88023 -1.63001
31 7.79054 -1.21608
31 8.59887 -0.641785
31 9.35983 0.00702206
31 10.1208 0.655829
31 10.6309 1.50151
31 11.0803 2.39484
31 11.3591 3.33502
31 11.4289 4.33258

32 0 -1.5
32 0.99608 -1.58846
32 1.98781 -1.65355
32 2.88526 -1.21243
32 3.7348 -0.704297
32 4.44265 0.00206756
32 4.99339 0.818934
32 5.41886 1.7239
32 5.7767 2.65479
32 6.06484 3.61238

33 0 -1.5
33 0.996105 -1.58818
33 1.98664 -1.70951
33 2.92514 -1.50967
33 3.77999 -1.03762
33 4.39697 -0.250642
33 5.01394 0.536341
33 5.27313 1.47777
33 5.42272 2.46652

34 0 -1.5
34 0.997227 -1.42559
34 1.96056 -1.55658
34 2.95346 -1.66616
34 3.94945 -1.72098
34 4.94834 -1.67694
34 5.94834 -1.67602
34 6.94827 -1.68527
34 7.94817 -1.69953
34 7.94817 -1.69953
34 8.88064 -2.0137
34 8.88064 -2.0137
34 9.79042 -2.42879
34 10.7002 -2.84387
34 11.6046 -3.26801

35 0 -1.5
35 0.994403 -1.60566
35 0.994403 -1.60566
35 3.86028 -1.48452
35 4.63685 -0.855665
35 5.40214 -0.21253
35 6.13561 0.467185
35 7.51679 1.91174
35 8.17631 2.66342
35 8.17631 2.66342
35 8.95965 3.19608
35 8.95965 3.19608
35 9.94378 3.37351
35 10.9279 3.55095
35 11.912 3.72839
35 12.8962 3.90583
35 12.8962 3.90583
35 13.8707 3.99888
35 13.8707 3.99888
35 14.7901 3.6054
35 15.701 3.19334
35 16.6031 2.76176
35 17.5089 2.3399
35 18.4645 2.04508

36 0 -1.5
36 0.998126 -1.43881
36 1.99625 -1.37763
36 2.79745 -1.80729
36 2.79745 -1.80729
36 3.67142 -2.22868
36 4.55831 -2.6308
36 5.24552 -3.35726
36 5.88615 -4.11884
36 6.39545 -4.97943
36 6.91596 -5.83185
36 7.57837 -6.581
36 8.31392 -7.23754
36 9.19612 -7.70841
36 10.0783 -8.17928
36 10.9605 -8.65015
36 11.9096 -8.89327
36 12.9063 -8.97402
36 13.902 -8.88407
36 14.8976 -8.79052
36 15.7525 -8.3543
36 16.5265 -7.72115

37 0 -1.5
37 0.986808 -1.6619
37 1.97362 -1.82379
37 2.9439 -1.6779
37 3.82126 -1.21517
37 4.66832 -0.683656
37 5.46686 -0.0842729
37 6.24405 0.545001
37 6.84172 1.3253
37 7.32876 2.19868
37 7.71425 3.11449
37 7.99345 4.07473
37 8.24233 5.04304
37 8.47775 6.01493
37 8.71317 6.98682
37 8.9486 7.95872

38 0 -1.5
38 0.999282 -1.46211
38 1.95515 -1.27902
38 2.89465 -1.3367
38 3.86238 -1.58871
38 4.71745 -2.05859
38 5.48253 -2.70252
38 6.24754 -3.34654
38 7.00032 -4.00481
38 7.75688 -4.65847
38 8.55067 -5.26666
38 9.34447 -5.87484
38 10.114 -6.51239
38 10.8614 -7.17682
38 11.58 -7.86823
38 12.1955 -8.65634
38 12.8352 -9.42339
38 13.5327 -10.14
38 14.1912 -10.8904
38 14.8043 -11.6805
38 15.3394 -12.5117
38 15.6471 -13.4632

39 0 -1.5
39 0.998578 -1.4467
39 1.94281 -1.58823
39 2.93999 -1.66326
39 3.93708 -1.7394
39 4.93354 -1.82349
39 4.93354 -1.82349
39 5.91942 -1.96037
39 6.87137 -2.26663
39 6.87137 -2.26663
39 7.82332 -2.57288
39 8.77527 -2.87914
39 9.72722 -3.18539
39 10.699 -3.38637
39 11.6971 -3.44827
39 12.6952 -3.51018

40 0 -1.5
40 0.999767 -1.52158
40 1.87896 -1.70526
40 2.82271 -1.47084
40 3.78556 -1.20079
40 4.60778 -0.651851
40 5.38847 -0.0280855
40 6.09899 0.675593
40 6.78779 1.39573
40 7.27293 2.27017
40 7.66242 3.18149
40 7.89008 4.15523
40 7.92002 5.1456
40 7.85823 6.14369

41 0 -1.5
41 0.970877 -1.73958
41 1.94175 -1.97915
41 2.7646 -1.98774
41 3.40853 -1.22266
41 4.03867 -0.446279
41 4.66175 0.33588
41 5.18957 1.17876
41 5.63566 2.07375
41 5.92908 3.00917
41 5.98442 4.00764

42 0 -1.5
42 0.998321 -1.44208
42 1.93328 -1.26595
42 2.90489 -1.02934
42 3.8825 -0.820845
42 4.8668 -0.673915
42 5.85835 -0.803629
42 6.8499 -0.933342
42 7.84145 -1.06306
42 7.84145 -1.06306
42 8.82991 -1.21373
42 9.81661 -1.37628

43 0 -1.5
43 0.998713 -1.44929
43 1.94564 -1.61221
43 2.9456 -1.62094
43 3.94544 -1.63273
43 4.94291 -1.70376
43 5.94039 -1.77479
43 6.85081 -2.18369
43 7.6749 -2.73159
43 8.42515 -3.39275
43 9.09037 -4.13685
43 9.68324 -4.93054
43 9.98838 -5.88285
43 10.2935 -6.83516
43 10.3328 -7.82312
43 10.2894 -8.82218
43 10.6206 -9.68851

44 0 -1.5
44 0.999834 -1.48178
44 0.999834 -1.48178
44 1.92746 -1.70784
44 1.92746 -1.70784
44 2.7567 -2.26673
44 3.58752 -2.82321
44 4.43185 -3.35902
44 5.27619 -3.89484
44 6.12963 -4.41448
44 7.02561 -4.85857
44 7.9216 -5.30266
44 10.6762 -6.14908
44 13.3998 -4.98715
44 13.3998 -1.98715
44 13.3998 -0.987155

45 0 -1.5
45 0 -1.5

46 0 -1.5
46 0.999025 -1.45586
46 1.99521 -1.48642
46 2.9933 -1.43972
46 3.9833 -1.41997
46 4.85716 -1.90613
46 5.73103 -2.39229
46 6.6049 -2.87845
46 7.25588 -3.61814
46 7.84995 -4.42255
46 8.4742 -5.20318
46 9.11742 -5.96886
46 9.70471 -6.77692
46 10.2678 -7.60333
46 10.9119 -8.34624
46 11.7548 -8.8842
46 12.5978 -9.42215
46 13.4408 -9.9601
46 14.2838 -10.4981
46 15.2458 -10.7026
46 16.2389 -10.8204
46 17.2319 -10.9383
46 18.2198 -10.8342
46 19.2064 -10.6709

47 0 -1.5
47 0.995994 -1.41058
47 1.99314 -1.37616
47 3.96929 -1.20085
47 4.94798 -0.995517
47 6.69745 -0.0579093
47 7.46467 0.567565
47 8.13971 1.30534
47 9.42708 2.83107
47 9.99858 3.65167
47 10.5701 4.47228
47 11.1885 5.25765
47 11.8158 8.78265

48 0 -1.5
48 0.999975 -1.50714
48 1.86355 -1.22718
48 2.73017 -1.46103
48 3.63985 -1.87634
48 4.27273 -2.61627
48 4.82658 -3.44889
48 5.12427 -4.39669
48 5.56163 -5.27024
48 6.19739 -6.04213
48 6.92579 -6.01248
48 7.72087 -5.40597
48 8.51595 -4.79947
48 9.31103 -4.19296
48 9.77731 -3.4417
48 9.68776 -2.44571
48 9.5982 -1.44973
48 9.50864 -0.453752
48 9.41908 0.54223

49 0 -1.5
49 0.96186 -1.77354
49 1.92372 -2.04709
49 2.88 -2.33865
49 3.82803 -2.65682
49 4.78524 -2.9302
49 5.782 -3.01062
49 6.77876 -3.09104
49 7.75627 -2.90726
49 8.73085 -2.68319
49 9.615 -2.24862
49 10.4485 -1.69607
49 11.282 -1.14351
49 11.8289 -0.328687
49 12.3058 0.550262
49 12.5412 1.50204
49 12.6297 2.49812
49 12.5591 3.49561
49 12.4883 4.49311

50 0 -1.5
50 0.995837 -1.59116
50 1.98791 -1.66248
50 2.88118 -1.21295
50 3.77179 -0.759864
50 4.45888 -0.0332872
50 5.06306 0.747956
50 5.46022 1.66571
50 5.82332 2.59446
50 6.03841 3.57106
50 6.25351 4.54765

51 0 -1.5
51 0.99986 -1.51671
51 1.99782 -1.49016
51 2.99236 -1.38582
51 3.88884 -0.960582
51 4.63778 -0.346359
51 5.17392 0.497774
51 5.71005 1.34191
51 5.82202 2.32687
51 5.89723 3.32404

52 0 -1.5
52 0.996817 -1.42027
52 1.97994 -1.50136
52 2.97449 -1.59501
52 3.97137 -1.637
52 4.96877 -1.56672
52 5.96873 -1.55887
52 6.9686 -1.54423
52 7.96838 -1.52295
52 8.90923 -1.7996
52 9.82563 -2.19986
52 10.742 -2.60011
52 11.6507 -3.01473
52 12.4906 -3.55758
52 13.4614 -3.58186
52 14.4583 -3.50311
52 15.4561 -3.43988
52 16.4553 -3.3995
52 17.3461 -3.05275
52 18.1616 -2.47643
52 19.0415 -2.00127
52 19.6212 -1.34707
52 20.0227 -0.51375

53 0 -1.5
53 0.998213 -1.55975
53 3.68995 -1.11226
53 4.4547 -0.467928
53 5.1869 0.212824
53 5.91068 0.90279
53 6.61376 1.6139
53 7.30255 2.33871
53 7.98327 3.07125
53 7.98327 3.07125
53 8.90205 3.42124
53 9.85994 3.70838
53 10.8288 3.92747
53 10.8288 3.92747
53 11.8284 3.9565
53 12.828 3.98554
53 12.828 3.98554
53 13.8025 3.77592
53 14.7743 3.54008
53 14.7743 3.54008
53 15.6322 3.05608
53 17.3687 2.12104
53 18.3303 1.84674
53 18.3303 1.84674

54 0.967859 -1.2485
54 0.967859 -1.2485
54 1.92248 -1.29865
54 1.92248 -1.29865
54 2.86458 -1.63397
54 2.86458 -1.63397
54 3.74588 -2.08095
54 4.53868 -2.69043
54 5.25975 -3.3757
54 5.25975 -3.3757
54 5.91186 -4.13382
54 6.52855 -4.91772
54 8.36445 -6.98783
54 10.3644 -6.97672
54 12.3527 -6.81602
54 13.3401 -6.65909
54 15.9032 -5.42291
54 15.9032 -5.42291
54 15.9032 -5.42291
54 17.1479 -3.85744
54 17.8122 -3.11188
54 18.5139 -2.39944
54 18.5139 -2.39944
54 18.5139 -2.39944
54 18.5139 -2.39944
54 18.5139 -2.39944

55 0 -1.5
55 0.988768 -1.64946
55 1.97754 -1.79892
55 2.93903 -1.62504
55 3.8888 -1.31207
55 4.70789 -0.784028
55 5.42332 -0.0853384
55 6.08217 0.663675
55 6.69271 1.45566
55 7.15904 2.33385
55 7.56757 3.2466

56 0 -1.5
56 0.965265 -1.23873
56 1.88617 -1.32024
56 2.75315 -1.8186
56 2.75315 -1.8186
56 3.63204 -2.29466
56 4.52776 -2.73929
56 5.42505 -3.18071
56 6.32467 -3.61739
56 7.22429 -4.05406

57 0 -1.5
57 0.987302 -1.34114
57 1.97807 -1.27768
57 2.96209 -1.45574
57 3.94992 -1.54608
57 4.94569 -1.45416
57 5.94194 -1.36787
57 6.93885 -1.28932
57 7.93576 -1.21076
57 8.90744 -0.975934
57 9.81575 -0.576034
57 10.6924 -0.0948331
57 11.4699 0.505562
57 12.1031 1.27956

58 0 -1.5
58 0.998363 -1.5572
58 1.97655 -1.69114
58 2.94106 -1.42709
58 3.78373 -0.898984
58 4.57839 -0.299164
58 5.25754 0.43484
58 5.8272 1.2348
58 6.1586 2.17829
58 6.37094 3.13863
58 6.31439 4.13703

59 0 -1.5
59 0.999997 -1.50228
59 1.96583 -1.57585
59 2.86322 -1.13461
59 3.68721 -0.588166
59 4.41115 0.101698
59 5.09102 0.830004
59 5.6761 1.64098
59 6.25188 2.45784
59 6.73495 3.33342
59 7.2602 4.18318
59 7.83026 5.00426
59 8.45658 5.78383

60 0 -1.5
60 0.992243 -1.37569
60 1.94408 -1.53404
60 1.94408 -1.53404
60 2.90777 -1.80104
60 2.90777 -1.80104
60 3.88002 -2.03333
60 4.85743 -2.24469
60 5.81612 -2.52628
60 8.71209 -3.30178
60 8.71209 -3.30178
60 8.71209 -3.30178

61 0.980948 -1.30573
61 0.980948 -1.30573
61 1.94525 -1.40398
61 1.94525 -1.40398
61 1.94525 -1.40398
61 2.86546 -1.79539
61 3.66894 -2.35767
61 3.66894 -2.35767
61 4.36814 -3.0726
61 5.00435 -3.83306
61 5.00435 -3.83306
61 5.46398 -4.72117
61 5.46398 -4.72117
61 5.46398 -4.72117
61 5.46398 -4.72117
61 5.46398 -4.72117
61 5.46398 -4.72117

62 0 -1.5
62 0.995955 -1.58985
62 1.98805 -1.60955
62 2.96927 -1.41712
62 3.95556 -1.25207
62 4.9153 -1.03942
62 5.5741 -0.287102
62 6.11917 0.534973
62 6.49114 1.46322
62 6.67699 2.43991
62 6.80479 3.43171

63 0 -1.5
63 2.63053 -0.633498
63 3.48627 -0.116084
63 4.31901 0.436439
63 5.13541 1.01393
63 5.93196 1.61779
63 6.71298 2.2423
63 6.71298 2.2423
63 7.64168 2.50596
63 7.64168 2.50596
63 8.63644 2.60822
63 9.6312 2.71047
63 10.6118 2.6209
63 10.6118 2.6209
63 11.5806 2.37325
63 12.5471 2.11828
63 12.5471 2.11828
63 14.43 1.44965
63 15.3941 1.1844
63 16.3583 0.919147
63 17.3347 0.715672
63 18.3272 0.592892

64 0 -1.5
64 0.995304 -1.4032
64 1.95823 -1.494
64 1.95823 -1.494
64 1.95823 -1.494
64 3.80123 -2.26382
64 4.74591 -2.59176
64 5.66981 -2.97439
64 8.54087 -3.77068
64 8.54087 -3.77068
64 8.54087 -3.77068

65 0 -1.5
65 0.998567 -1.55351
65 1.99528 -1.57684
65 2.97977 -1.4014
65 3.93721 -1.1254
65 4.87684 -0.783222
65 5.82178 -0.619516
65 6.78007 -0.90531
65 7.71967 -1.21905
65 8.34941 -1.99585
65 8.93145 -2.80079
65 9.30659 -3.72776

66 0 -1.5
66 0 -1.5
66 0.964382 -1.76451
66 1.92876 -2.02903
66 1.92876 -2.02903
66 1.92876 -2.02903

67 0 -1.5
67 0.999861 -1.48333
67 1.98262 -1.38281
67 2.90917 -1.00662
67 3.83571 -0.630431
67 4.5592 0.0361675
67 5.2306 0.777262
67 5.77098 1.60721
67 6.21118 2.50512

68 0 -1.5
68 1 -1.49906
68 1.99793 -1.46341
68 2.96453 -1.24666
68 3.88386 -0.853167
68 4.65008 -0.278442
68 5.19163 0.562224
68 5.73319 1.40289
68 6.27474 2.24356

69 0 -1.5
69 0.998339 -1.44239
69 1.99655 -1.43444
69 2.99495 -1.48952
69 3.99436 -1.52388
69 4.99093 -1.47275
69 5.9867 -1.38145
69 6.98364 -1.30421
69 7.98311 -1.27192
69 8.98259 -1.23964
69 9.9666 -1.41478
69 10.9502 -1.59499
69 11.9339 -1.7752
69 12.9175 -1.95541
69 13.613 -2.41217

70 0 -1.5
70 0.993409 -1.61462
70 3.74361 -1.13711
70 4.51734 -0.503594
70 5.24964 0.176271
70 5.9656 0.874411
70 6.65644 1.59741
70 7.34577 2.32186
70 8.0341 3.04726
70 8.0341 3.04726
70 8.92546 3.44521
70 9.88125 3.73926
70 10.8447 3.98946
70 10.8447 3.98946
70 11.8436 4.03582
70 12.8425 4.08218
70 12.8425 4.08218
70 13.8213 3.91589
70 14.7938 3.68299
70 15.7115 3.31212

71 0 -1.5
71 0.984608 -1.32522
71 1.95585 -1.37458
71 2.91271 -1.66513
71 2.91271 -1.66513
71 3.77807 -2.14127
71 4.59117 -2.72338
71 5.31641 -3.40678
71 6.00738 -4.12966
71 6.58608 -4.92783
71 6.99258 -5.84148
71 7.39907 -6.75513
71 8.21074 -6.97519
71 9.20625 -6.88055
71 10.2018 -6.7859
71 11.1973 -6.69126
71 12.1857 -6.54257
71 13.1717 -6.37591
71 13.9179 -5.76962

72 0 -1.5
72 0.999807 -1.48037
72 1.9332 -1.69176
72 2.82195 -1.3383
72 3.66434 -0.815515
72 4.40054 -0.138746
72 5.11026 0.563629
72 5.76225 1.32185
72 6.38262 2.10477
72 6.95983 2.92136
72 7.49628 3.76362
72 7.9831 4.63712
72 8.46993 5.51062
72 9.26526 6.06459
72 10.1553 6.52046
72 11.0453 6.97633
72 11.9354 7.4322
72 12.8147 7.90253
72 13.5095 8.6218
72 14.2042 9.34106

73 0 -1.5
73 0.968085 -1.24938
73 1.88639 -1.41082
73 2.76695 -1.88476
73 3.64934 -2.35523
73 4.53826 -2.81328
73 5.41497 -3.293
73 6.26678 -3.81684
73 7.1186 -4.34068
73 7.82472 -3.96248
73 8.46831 -3.1971
73 9.11189 -2.43173
73 9.75548 -1.66636
73 10.3991 -0.900982
73 11.0427 -0.135609
73 11.6862 0.629765

74 0 -1.5
74 0.977335 -1.2883
74 1.95507 -1.23831
74 2.92921 -1.46426
74 3.91933 -1.47238
74 4.91602 -1.39104
74 5.91357 -1.32131
74 6.91133 -1.25439
74 7.89982 -1.12273
74 8.8605 -0.864973
74 9.73801 -0.385401
74 10.6155 0.0941705
74 11.2844 0.832831
74 11.9077 1.61056
74 12.394 2.48435
74 12.8162 3.38135
74 13.0019 4.36395
74 12.9684 5.34548
74 12.7727 6.32612
74 12.5523 7.30154
74 12.3319 8.27696
74 12.1116 9.25238

75 0 -1.5
75 0.991908 -1.62696
75 1.98325 -1.74063
75 2.93345 -1.46175
75 3.78583 -0.938839
75 4.56503 -0.321799
75 5.2819 0.375413
75 5.77148 1.22177
75 6.12572 2.15692
75 6.25514 3.13532
75 6.27314 4.13516

76 0 -1.5
76 0.994225 -1.60732
76 1.9875 -1.71108
76 2.8167 -1.15264
76 3.65479 -0.607117
76 4.40967 0.039102
76 5.10328 0.759454
76 5.78167 1.49378
76 6.44043 2.24613

77 0 -1.5
77 0.999773 -1.5213
77 0.999773 -1.5213
77 1.92539 -1.69275
77 2.91242 -1.85329
77 3.89414 -2.04317
77 4.87486 -2.23859
77 5.86516 -2.3772
77 6.85575 -2.514
77 6.85575 -2.514
77 7.84186 -2.67836
77 8.82465 -2.86309
77 8.82465 -2.86309
77 9.69877 -3.29289
77 9.69877 -3.29289
77 10.4577 -3.94311
77 11.204 -4.60873
77 11.8705 -5.34069
77 11.8705 -5.34069
77 12.3887 -6.19595
77 12.3887 -6.19595
77 12.5922 -7.16178
77 12.7226 -8.15323
77 12.7226 -8.15323
77 12.7008 -9.14477
77 12.7008 -9.14477
77 12.5715 -10.1364
77 12.5715 -10.1364
77 12.5715 -10.1364

78 0 -1.5
78 0.984753 -1.32604
78 1.9556 -1.30777
78 2.81077 -1.82612
78 2.81077 -1.82612
78 3.66594 -2.34447
78 4.35602 -3.06047
78 5.01837 -3.80966
78 5.68063 -4.55893
78 6.34285 -5.30824
78 7.00507 -6.05755
78 7.86964 -6.14425

79 0 -1.5
79 0.999178 -1.54054
79 1.96286 -1.69165
79 2.79865 -1.72878
79 3.63404 -1.17912
79 4.31526 -0.458136
79 4.92975 0.326314
79 5.27922 1.26326

80 0.985725 -1.33163
80 0.985725 -1.33163
80 2.94454 -1.01655
80 3.9232 -0.814612
80 4.89092 -0.562599
80 4.89092 -0.562599
80 5.8459 -0.625796
80 5.8459 -0.625796
80 6.79012 -0.955109
80 7.73434 -1.28442
80 7.73434 -1.28442
80 8.6183 -1.71654
80 9.36688 -2.37958
80 9.36688 -2.37958
80 10.1155 -3.04262
80 10.8809 -3.68604
80 10.8809 -3.68604
80 11.6478 -4.32781
80 12.3664 -5.02305
80 13.0822 -5.72134
80 14.6694 -6.92533
80 14.6694 -6.92533

81 0 -1.5
81 0.999781 -1.47906
81 1.97084 -1.33643
81 2.96203 -1.4308
81 3.95591 -1.54124
81 4.94818 -1.53551
81 5.93863 -1.39761
81 6.92283 -1.23993
81 7.81298 -0.784252
81 8.70312 -0.328576
81 9.44784 0.32873
81 10.1612 1.02957
81 10.8745 1.73041
81 11.4467 2.55041
81 12.0179 3.37118
81 12.5871 4.1934

82 0 -1.5
82 0.993908 -1.61021
82 1.98142 -1.65904
82 2.93122 -1.34619
82 3.84246 -1.67645
82 4.74806 -2.10057
82 5.3641 -2.85722
82 5.90868 -3.69593
82 6.22643 -4.63978

83 0 -1.5
83 0.936306 -1.85119
83 1.87261 -2.20237
83 2.80892 -2.55356
83 2.80892 -2.55356
83 3.74522 -2.90474
83 4.72052 -3.08508
83 5.71648 -3.17487
83 6.70678 -3.15298
83 7.68857 -2.963

84 0 -1.5
84 0.997696 -1.56785
84 1.98771 -1.60165
84 2.8595 -1.11177

85 0 -1.5
85 0.995314 -1.5967
85 1.99105 -1.68768
85 2.9706 -1.64538
85 3.87086 -1.21003
85 4.54316 -0.504805
85 5.12294 0.309969
85 5.59339 1.17004
85 5.75967 2.15611
85 5.92595 3.14219

86 0 -1.5
86 0.99908 -1.45712

87 0 -1.5
87 0 -1.5
87 2.6963 -1.42923
87 3.51972 -0.861804
87 4.30386 -0.242359
87 5.07499 0.394326
87 5.82487 1.05589
87 6.56477 1.72847
87 7.2963 2.41027
87 7.2963 2.41027
87 8.21063 2.75013
87 9.18393 2.97968
87 10.1617 3.16376
87 10.1617 3.16376
87 11.1612 3.13035
87 12.1606 3.09694
87 12.1606 3.09694
87 13.11 2.83004
87 14.0351 2.45031
87 14.0351 2.45031
87 14.9006 1.95526
87 15.7459 1.42094
87 16.6215 0.941917
87 17.5261 0.515653

88 0 -1.5
88 0.996819 -1.4203
88 1.95767 -1.53598
88 1.95767 -1.53598
88 2.81796 -2.04076
88 3.64918 -2.59671
88 4.38445 -3.26636
88 5.07227 -3.99224
88 5.83073 -4.63495
88 6.65842 -5.19613
88 7.51489 -5.69076
88 8.49066 -5.90957
88 9.46643 -6.12837
88 10.4422 -6.34717
88 11.4207 -6.19616
88 12.3996 -5.99177
88 13.3122 -5.58813
88 14.1903 -5.12477
88 14.9028 -4.42316
88 15.6316 -3.74022
88 16.4268 -3.13398
88 17.1894 -2.50451
88 17.4984 -1.55347
88 17.8416 -0.616069
88 18.2743 0.285451
88 18.707 1.18697
88 19.1398 2.08849
88 19.5725 2.99001
88 20.0053 3.89153
88 20.2675 4.79739
88 19.8812 5.71977
88 19.4949 6.64214
88 19.1086 7.56451
88 18.7223 8.48689
88 18.336 9.40926

89 0 -1.5
89 0.983209 -1.68248
89 1.96642 -1.86497
89 2.90364 -1.57447
89 3.84005 -1.22357
89 4.72785 -0.799963
89 5.40997 -0.0687212
89 6.0814 0.671722
89 6.70296 1.45509
89 7.28595 2.26322
89 7.73977 3.15432
89 8.19358 4.04541
89 8.80482 4.83655
89 9.41827 5.62628
89 10.0317 6.41601
89 10.6452 7.20574
89 11.2586 7.99547
89 11.8721 8.7852
89 12.4856 9.57493

90 1.20217 -0.805732
90 2.04135 -1.33811
90 2.93606 -1.78476
90 3.83074 -2.23147
90 4.71317 -2.70191
90 5.59561 -3.17235
90 6.47804 -3.64278
90 7.36047 -4.11322
90 7.88599 -3.4069
90 8.35841 -2.52553
90 8.83083 -1.64415
90 9.30324 -0.762779
90 9.77566 0.118595
90 10.2481 0.999969

91 0.980652 -1.30424
91 0.980652 -1.30424
91 2.80969 -1.33422
91 2.80969 -1.33422
91 2.80969 -1.33422
91 2.80969 -1.33422
91 3.78764 -1.51966
91 5.7661 -1.64265
91 6.76487 -1.59336
91 6.76487 -1.59336
91 7.7641 -1.55415
91 10.7097 -1.12609
91 10.7097 -1.12609
91 10.7097 -1.12609
91 12.9833 0.670826
91 12.9833 0.670826
91 12.9833 0.670826
91 13.9221 2.43622
91 13.9221 2.43622
91 13.9221 2.43622

92 0 -1.5
92 0.998842 -1.54811
92 1.99582 -1.54211
92 2.93796 -1.26159
92 3.82168 -0.793578
92 4.58272 -0.155101
92 5.29456 0.544664
92 5.83616 1.3853
92 6.32838 2.24365
92 6.44471 3.23686

93 0 -1.5
93 0.999544 -1.53021
93 1.99792 -1.54362
93 2.90968 -1.18681
93 3.74714 -0.640299
93 4.46964 0.0389853
93 5.13045 0.789545
93 5.69598 1.60582
93 6.16286 2.49014
93 6.61019 3.38381
93 7.00578 4.30224
93 7.29751 5.25569
93 7.53886 6.22613
93 8.23367 6.73971

94 0 -1.5
94 0.979979 -1.3009
94 1.87503 -1.43155
94 2.84416 -1.67811
94 3.81809 -1.90374
94 3.81809 -1.90374
94 4.79773 -2.10451
94 5.76527 -2.35331
94 6.72317 -2.64042
94 7.18874 -1.98817

95 0 -1.5
95 0.996435 -1.41563
95 1.97837 -1.42583
95 1.97837 -1.42583
95 2.90372 -1.80493
95 2.90372 -1.80493
95 3.69296 -2.39095
95 3.69296 -2.39095
95 4.40745 -3.09059
95 5.04176 -3.85056
95 5.04176 -3.85056
95 5.51597 -4.73097
95 5.51597 -4.73097
95 5.51597 -4.73097
95 5.51597 -4.73097
95 5.51597 -4.73097
95 5.51597 -4.73097

96 0 -1.5
96 0.997329 -1.42696
96 1.99417 -1.34788
96 2.99042 -1.26136
96 3.98151 -1.12837
96 4.97245 -0.994033
96 5.69316 -0.334503
96 6.32397 0.430083
96 6.73314 1.34254
96 7.0155 2.29477
96 7.20073 3.27747

97 0 -1.5
97 0.998186 -1.56021
97 1.86735 -1.40151
97 2.59417 -0.759672
97 3.43476 -0.217997
97 4.26168 0.343881
97 5.0773 0.922466
97 5.8709 1.52963
97 6.63814 2.17099
97 7.5376 2.50884
97 8.52975 2.63393
97 9.52189 2.75902
97 10.5058 2.78309
97 11.4646 2.49909
97 12.4235 2.2151
97 13.3625 1.87172
97 14.3154 1.57488
97 15.2895 1.34878
97 16.2636 1.12269
97 17.2392 0.905868
97 18.2347 0.810403
97 19.2301 0.714937

98 0.963935 -1.23386
98 0.963935 -1.23386
98 1.92023 -1.24501
98 1.92023 -1.24501
98 2.86804 -1.56384
98 3.8315 -1.8299
98 4.79989 -2.07933
98 5.7488 -2.39419
98 6.69587 -2.71523
98 8.66092 -3.01755
98 9.65723 -3.1031
98 12.4546 -3.09832
98 12.4546 -3.09832
98 13.6102 -1.46593
98 14.3168 -0.785161
98 14.3168 -0.785161
98 15.161 -0.249143
98 16.6303 1.07353
98 17.2746 1.83831
98 17.2746 1.83831
98 17.2746 1.83831
98 18.026 2.49188
98 18.026 2.49188
98 18.026 2.49188
98 18.8146 3.10672
98 18.8146 3.10672
98 18.8146 3.10672
98 18.8146 3.10672
98 18.8146 3.10672
98 18.8146 3.10672
98 18.8146 3.10672
98 18.8146 3.10672
98 18.8146 3.10672
98 18.8146 3.10672
98 18.8146 3.10672

99 0 -1.5
99 0.997382 -1.42768
99 1.98574 -1.29482
99 2.96089 -1.07328
99 3.93604 -0.85173
99 4.86391 -0.482078
99 5.78704 -0.0975837
99 6.73714 -0.0167913
99 7.71358 -0.23256
99 8.60855 -0.598527
99 9.32186 -1.29938

100 0 -1.5
100 0.997433 -1.57161
100 0.997433 -1.57161

101 0 -1.5
101 0.998015 -1.56298
101 1.98131 -1.53077
101 2.89211 -1.11792
101 3.8029 -0.705067
101 3.8029 -0.705067
101 4.65959 -0.222462
101 5.28595 0.557074
101 5.91231 1.33661
101 6.28937 2.25814

102 0 -1.5
102 0.993776 -1.3886
102 1.97212 -1.19976
102 2.93265 -0.921598
102 3.85092 -0.546511
102 4.70839 -0.0319769

103 0.983942 -1.32151
103 0.983942 -1.32151
103 1.97313 -1.19778
103 2.97306 -1.18611
103 3.97301 -1.18091
103 4.97299 -1.18792
103 5.96811 -1.10656
103 6.96266 -1.00326
103 9.95452 -0.785029
103 9.95452 -0.785029
103 9.95452 -0.785029
103 9.95452 -0.785029

104 0 -1.5
104 0.995933 -1.59009
104 1.98046 -1.70793
104 4.62535 -0.783184
104 5.39285 -0.143022
104 6.12237 0.54094
104 6.80986 1.26508
104 7.47285 2.01298
104 8.18312 2.71691
104 8.97847 3.27612
104 8.97847 3.27612
104 9.93896 3.55444
104 10.9042 3.8069
104 10.9042 3.8069
104 11.9008 3.88967
104 12.8974 3.97243
104 13.8804 3.97635
104 13.8804 3.97635
104 14.7919 3.56522
104 14.7919 3.56522
104 15.6846 3.11662
104 16.5573 2.62833
104 18.4259 1.95765

105 0.96989 -1.25646
105 0.96989 -1.25646
105 1.9309 -1.23228
105 1.9309 -1.23228
105 2.87793 -1.55342
105 2.87793 -1.55342
105 3.71771 -2.08531
105 4.53472 -2.66193
105 5.23181 -3.37632
105 5.23181 -3.37632
105 5.91551 -4.10608
105 6.56022 -4.86946
105 8.66802 -6.66513
105 10.6629 -6.52186
105 12.6299 -6.18172
105 13.6076 -5.97149
105 15.923 -4.48375
105 15.923 -4.48375
105 15.923 -4.48375
105 17.5554 -1.97411
105 17.5554 -1.97411
105 17.5554 -1.97411
105 17.5554 -1.97411
105 17.5554 -1.97411
105 17.5554 -1.97411
105 17.5554 -1.97411
105 17.5554 -1.97411
105 17.5554 -1.97411
105 17.5554 -1.97411
105 17.5554 -1.97411
105 17.5554 -1.97411
105 17.5554 -1.97411
105 17.5554 -1.97411
105 17.5554 -1.97411
105 17.5554 -1.97411

106 0 -1.5
106 0.997544 -1.57004
106 1.99509 -1.64008
106 2.99263 -1.71012
106 3.83084 -1.22832
106 4.6375 -0.637318
106 5.40866 -0.00112053
106 6.17366 0.642909
106 6.86554 1.36414
106 7.55012 2.09308
106 8.24844 2.80883
106 8.94859 3.52282
106 9.3733 4.41424

107 0 -1.5
107 0.999572 -1.52925
107 1.98078 -1.65809
107 1.98078 -1.65809
107 1.98078 -1.65809
107 2.93907 -1.9436
107 3.89884 -2.22439
107 4.86023 -2.49957
107 7.76021 -3.26624
107 7.76021 -3.26624
107 7.76021 -3.26624
107 7.76021 -3.26624

108 0 -1.5
108 0.998697 -1.44896
108 1.97184 -1.30243
108 2.96954 -1.23457
108 3.96723 -1.1667
108 4.94758 -0.985066
108 5.88002 -0.653884
108 6.7386 -0.141211
108 7.54186 0.436643
108 8.18721 1.20053
108 8.72836 2.03179
108 9.1601 2.93379
108 9.49756 3.87219
108 9.78396 4.83029
108 9.8106 5.8264
108 9.7229 6.80982
108 9.35794 7.74085

109 0 -1.5
109 0.979344 -1.7022
109 1.95869 -1.9044
109 2.86249 -1.66293
109 3.67322 -1.07751
109 4.35829 -0.368262
109 4.93177 0.450958
109 5.39857 1.32623
109 5.74788 2.26324
109 6.01862 3.2198
109 6.14927 4.21123

110 0 -1.5
110 0.95906 -1.2168
110 1.91812 -0.933596
110 2.68578 -0.343421
110 3.59238 0.0785582
110 4.51562 0.461316
110 5.46252 0.756732
110 6.46121 0.807928
110 7.27867 1.27201

111 0 -1.5
111 0.996828 -1.57958
111 1.98629 -1.57342
111 2.97904 -1.59135
111 3.97655 -1.66189
111 4.97629 -1.64937
111 4.97629 -1.64937
111 5.97615 -1.63262
111 6.9749 -1.66866
111 7.97316 -1.72763
111 7.97316 -1.72763
111 8.92896 -1.95329
111 8.92896 -1.95329
111 9.80901 -2.41949
111 10.599 -3.03262
111 11.3583 -3.67807
111 11.3583 -3.67807
111 12.0111 -4.43556
111 12.0111 -4.43556
111 12.381 -5.30992
111 12.381 -5.30992
111 12.381 -5.30992
111 12.453 -6.30733
111 12.5197 -7.30509
111 12.5818 -8.30316
111 12.6297 -9.30167

112 0.981373 -1.30789
112 0.981373 -1.30789
112 0.981373 -1.30789
112 1.91055 -1.46308
112 1.91055 -1.46308
112 2.79133 -1.93661
112 3.59221 -2.51803
112 3.59221 -2.51803
112 4.30202 -3.22242
112 5.01219 -3.92645
112 5.72308 -4.62976
112 6.43396 -5.33306
112 6.43396 -5.33306
112 6.43396 -5.33306

113 0 -1.5
113 0.999865 -1.48356
113 1.92687 -1.62833
113 2.6744 -1.81456
113 3.54032 -1.31437
113 4.2559 -0.629988
113 4.90658 0.126627
113 5.33266 1.03131

114 0 -1.5
114 0.993245 -1.38397
114 1.98788 -1.28122
114 2.98366 -1.18942
114 3.97289 -1.0449
114 4.96005 -0.897102
114 4.96005 -0.897102
114 4.96005 -0.897102
114 5.87316 -1.30482
114 6.78626 -1.71254
114 7.69937 -2.12026
114 8.4449 -2.75377
114 8.4449 -2.75377
114 9.0996 -3.50966
114 9.77045 -4.25082
114 10.4627 -4.97251
114 11.1381 -5.70962
114 11.1381 -5.70962
114 11.8 -6.45923
114 12.4619 -7.20884
114 14.0149 -8.46256

115 0 -1.5
115 0.999512 -1.46877
115 1.96366 -1.29394
115 2.95598 -1.357
115 3.95237 -1.44196
115 4.94398 -1.40664
115 5.9305 -1.24303
115 6.91434 -1.06957
115 7.84749 -0.710068
115 8.78063 -0.350567
115 9.49597 0.285563
115 10.0644 1.10832
115 10.6328 1.93108
115 11.2838 2.68966
115 11.2838 2.68966
115 11.2838 2.68966
115 11.9402 3.44402
115 12.5601 4.22266
115 12.9988 5.12129
115 13.4375 6.01993

116 0 -1.5
116 0.983708 -1.67978
116 1.96742 -1.85955
116 2.93534 -1.69546
116 3.86167 -1.77913
116 4.74856 -2.2411
116 5.50049 -2.84241
116 5.99042 -3.71417
116 6.34655 -4.63685

117 0 -1.5
117 0.948235 -1.81757
117 1.89647 -2.13514
117 2.84127 -2.46261
117 3.78236 -2.80075
117 4.74468 -3.04254
117 5.74076 -3.131
117 6.7334 -3.16993
117 7.70769 -2.94463
117 8.67902 -2.71155
117 9.55773 -2.23418
117 10.4364 -1.75681
117 11.3151 -1.27943
117 11.8391 -0.42995
117 12.3579 0.424937
117 12.5524 1.38614
117 12.6214 2.38244
117 12.5512 3.37997

118 0 -1.5
118 0.99171 -1.6285
118 1.98342 -1.757
118 2.89146 -1.34209
118 3.71002 -0.787204
118 4.45284 -0.117719
118 4.96856 0.727336
118 5.42939 1.61483
118 5.79927 2.54204
118 6.13712 3.48324

119 0 -1.5
119 0.990806 -1.63529
119 1.98161 -1.77059
119 2.85345 -1.53372
119 3.63669 -0.912007

120 0 -1.5
120 0.998484 -1.55504
120 1.97691 -1.69318
120 2.96728 -1.78417
120 3.96664 -1.7915
120 4.96604 -1.82598
120 5.94669 -2.00967
120 6.92354 -2.22361
120 7.74307 -2.737
120 8.4735 -3.41998
120 9.26257 -4.03308
120 10.1669 -4.27695
120 11.1643 -4.20425
120 12.1616 -4.13156
120 13.1565 -4.04436
120 14.1227 -3.78659
120 15.0711 -3.50551
120 15.6663 -2.77658
120 16.6536 -2.61762
120 17.6409 -2.45866
120 18.6282 -2.2997
120 19.6155 -2.14073

121 0 -1.5
121 0.996823 -1.42036
121 1.89727 -1.15709
121 2.85676 -0.875343
121 3.81332 -0.583941
121 4.76747 -0.284597
121 5.73933 -0.359689
121 6.71748 -0.567598
121 7.69562 -0.775507
121 8.58569 -1.22797
121 9.47178 -1.69149
121 10.2586 -2.28764
121 10.9529 -3.00727
121 11.5617 -3.79202
121 12.0701 -4.65312
121 12.6081 -5.49246
121 13.2794 -6.23369
121 13.2794 -6.23369
121 13.9679 -6.94853
121 14.9158 -7.26727
121 15.8636 -7.586
121 16.8114 -7.90473
121 17.7593 -8.22346
121 18.7071 -8.54219

122 0 -1.5
122 0.976373 -1.28391
122 1.89415 -1.35464
122 2.81571 -1.62437
122 3.81463 -1.67099
122 4.79107 -1.56141
122 5.73633 -1.23511
122 6.6816 -0.908801
122 7.62686 -0.582495
122 8.36957 0.0866656
122 9.1115 0.75714
122 9.77615 1.50378
122 10.4358 2.25535
122 10.6965 3.19581
122 10.8598 4.18238
122 11.1218 5.14676
122 11.3969 6.10817
122 11.4457 7.10133

123 0 -1.5
123 0.993442 -1.61434
123 1.97027 -1.70227
123 2.93514 -1.61567
123 3.93119 -1.53634
123 4.92399 -1.41657
123 5.91419 -1.27841
123 6.90126 -1.11809

124 0 -1.5
124 0.999161 -1.54095
124 1.99832 -1.5819
124 2.99824 -1.59161
124 3.99821 -1.59934
124 4.99452 -1.65031
124 4.99452 -1.65031
124 5.98149 -1.81117
124 6.96943 -1.96515
124 7.96294 -2.07881
124 8.80241 -1.84534
124 9.38471 -1.03236
124 9.96701 -0.219385
124 10.5493 0.593591

125 0 -1.5
125 0.973954 -1.27326
125 1.86777 -1.42996
125 2.86361 -1.4135
125 3.79967 -1.06164
125 4.73572 -0.709786
125 5.51426 -0.0877874
125 6.25658 0.578237
125 6.88998 1.35206
125 7.47273 2.15754
125 7.89077 3.06597
125 8.19584 4.01216
125 8.4081 4.98937
125 8.49564 5.98344
125 8.55047 6.98194

126 0 -1.5
126 0.981506 -1.69143
126 1.96301 -1.88287

127 0 -1.5
127 0.988168 -1.34663
127 1.97882 -1.25626
127 2.97807 -1.21747
127 2.97807 -1.21747
127 3.93701 -1.49346
127 3.93701 -1.49346
127 4.89073 -1.79375
127 5.83792 -2.11443
127 6.78511 -2.4351
127 6.78511 -2.4351
127 6.78511 -2.4351
127 6.78511 -2.4351
127 6.78511 -2.4351

128 0 -1.5
128 0.994449 -1.60522
128 1.98791 -1.69452
128 2.95193 -1.69464
128 2.95193 -1.69464
128 2.95193 -1.69464
128 3.90266 -2.00467
128 3.90266 -2.00467
128 3.90266 -2.00467
128 3.90266 -2.00467
128 3.90266 -2.00467
128 3.90266 -2.00467
128 3.90266 -2.00467
128 3.90266 -2.00467
128 4.71735 -2.58031
128 4.71735 -2.58031
128 4.71735 -2.58031
128 4.71735 -2.58031
128 4.71735 -2.58031
128 4.71735 -2.58031
128 4.71735 -2.58031
128 5.50027 -3.19882
128 5.50027 -3.19882
128 5.50027 -3.19882
128 6.2048 -3.9085

129 0 -1.5
129 0.987308 -1.65882
129 1.97467 -1.81726
129 2.96544 -1.9528
129 3.95796 -2.06971
129 4.95665 -2.12094
129 5.95534 -2.17217
129 6.95033 -2.26665
129 7.94325 -2.38547
129 8.84122 -2.25549
129 9.50252 -1.50538
129 10.0868 -0.69874
129 10.6039 0.157197
129 10.643 1.13902
129 10.6147 2.13862
129 10.5864 3.13822
129 10.4167 4.0897
129 9.82933 4.89899
129 9.24192 5.70828
129 8.55542 6.43343

130 0 -1.5
130 0.995425 -1.59554
130 1.9815 -1.64633
130 2.70768 -0.976669
130 3.3694 -0.226919
130 3.79282 0.670533
130 4.16989 1.59672
130 4.48029 2.54271
130 4.67 3.52455

131 0 -1.5
131 0.999671 -1.47434
131 1.99691 -1.41368
131 2.95648 -1.62326
131 3.83904 -2.05488
131 4.58908 -2.71626
131 5.26201 -3.44733
131 5.84422 -4.26037
131 6.42971 -5.071
131 7.02905 -5.8715
131 7.61174 -6.68384
131 8.17177 -7.51231
131 8.7318 -8.34079
131 9.4851 -8.98168
131 10.2965 -9.56622
131 11.1078 -10.1508
131 11.9192 -10.7353
131 12.7539 -11.2528
131 13.7529 -11.2978
131 14.7519 -11.3428
131 15.7434 -11.4538
131 16.7271 -11.6333
131 17.7109 -11.8128
131 18.6946 -11.9923
131 19.6513 -12.1117
131 20.1693 -11.2564

132 0 -1.5
132 0.983659 -1.31996
132 1.87802 -1.35323
132 2.86639 -1.20113
132 3.85475 -1.04903
132 4.75558 -0.635483
132 5.63626 -0.161772
132 6.41671 0.446992
132 7.12519 1.15272
132 7.83368 1.85844
132 8.43829 2.64895
132 8.98776 3.48446
132 9.53724 4.31997
132 9.98163 5.21398

133 0 -1.5
133 0.994076 -1.60868
133 1.89887 -1.52843
133 2.71967 -1.69884
133 3.61511 -2.14402
133 4.26359 -2.86047
133 4.79063 -3.71031
133 5.1609 -4.63471
133 5.62359 -5.48641
133 6.38863 -6.13039
133 7.15278 -6.58785
133 7.91158 -5.93653
133 8.67038 -5.28521
133 9.42919 -4.63389
133 9.80398 -3.8092
133 9.79066 -2.80929
133 9.77734 -1.80938
133 9.76402 -0.809464
133 9.7507 0.190447
133 9.73738 1.19036
133 9.72406 2.19027
133 9.9609 3.16111
133 9.9976 4.13953
133 9.83348 5.12597
133 9.39793 6.01868
133 8.91839 6.89621

134 0 -1.5
134 0 -1.5
134 0.967674 -1.75221
134 5.41703 -3.9131
134 1.93535 -2.00441
134 1.93535 -2.00441
134 1.93535 -2.00441
134 1.93535 -2.00441
134 1.93535 -2.00441
134 1.93535 -2.00441
134 2.7742 -2.52555
134 2.7742 -2.52555

135 0 -1.5
135 0.999755 -1.52215
135 1.98412 -1.43582
135 2.93823 -1.13638
135 3.81807 -0.695596
135 4.60591 -0.0797062
135 5.39374 0.536184

136 0 -1.5
136 0.996086 -1.58839
136 1.97009 -1.57439
136 2.77346 -0.979688
136 3.57273 -0.378711
136 4.27754 0.328864
136 4.97039 1.04995
136 5.49624 1.89408
136 5.9797 2.76945
136 6.41026 3.66601
136 6.66494 4.63303

137 0 -1.5
137 0.691983 -0.778086
137 1.38397 -0.056172

140 0 -1.5
140 0.921837 -1.88758
140 1.84367 -2.27516
140 2.76551 -2.66274
140 3.68735 -3.05031
140 4.60918 -3.43789
140 5.53102 -3.82547
140 6.45286 -4.21305
140 7.37469 -4.60063

141 0 -1.5
141 0.973315 -1.27053
141 1.94663 -1.04105
141 2.91994 -0.81158
141 3.89326 -0.582107
141 4.86657 -0.352633
141 5.83989 -0.12316
141 6.8132 0.106313
141 7.78652 0.335787
141 8.75983 0.56526
141 9.73315 0.794733
141 10.7065 1.02421
141 11.6798 1.25368

142 0 -1.5
142 0 -1.5
142 0.986099 -1.66616
142 1.9722 -1.83232
142 2.9583 -1.99848
142 2.9583 -1.99848
142 3.94439 -2.16464
142 4.93049 -2.3308
142 5.91659 -2.49697
142 5.91659 -2.49697
142 6.90269 -2.66313
142 7.88879 -2.82929
142 8.87489 -2.99545
142 8.87489 -2.99545
142 9.86099 -3.16161
142 9.86099 -3.16161
142 9.86099 -3.16161
142 9.86099 -3.16161
142 9.86099 -3.16161
142 9.86099 -3.16161
142 9.86099 -3.16161
142 9.86099 -3.16161
142 9.86099 -3.16161
142 9.86099 -3.16161

143 0 -1.5
143 0 -1.5
143 0.983658 -1.68005
143 1.96732 -1.8601
143 1.96732 -1.8601
143 2.95097 -2.04015
143 3.93463 -2.2202
143 4.91829 -2.40025
143 4.91829 -2.40025
143 5.90195 -2.5803
143 6.8856 -2.76035
143 7.86926 -2.94039
143 8.85292 -3.12044
143 8.85292 -3.12044
143 8.85292 -3.12044
143 8.85292 -3.12044
143 8.85292 -3.12044
143 8.85292 -3.12044
143 8.85292 -3.12044
143 8.85292 -3.12044
143 8.85292 -3.12044
143 8.85292 -3.12044
143 8.85292 -3.12044
143 8.85292 -3.12044

144 0 -1.5
144 0 -1.5
144 0.983658 -1.68005
144 1.96732 -1.8601
144 1.96732 -1.8601
144 2.95097 -2.04015
144 3.93463 -2.2202
144 4.91829 -2.40025
144 4.91829 -2.40025
144 5.90195 -2.5803
144 6.8856 -2.76035
144 7.86926 -2.94039
144 8.85292 -3.12044
144 8.85292 -3.12044
144 8.85292 -3.12044
144 8.85292 -3.12044
144 8.85292 -3.12044
144 8.85292 -3.12044
144 8.85292 -3.12044
144 8.85292 -3.12044

145 0 -1.5
145 0 -1.5
145 0.983658 -1.68005
145 1.96732 -1.8601
145 1.96732 -1.8601
145 2.95097 -2.04015
145 3.93463 -2.2202
145 4.91829 -2.40025
145 4.91829 -2.40025
145 5.90195 -2.5803
145 6.8856 -2.76035
145 7.86926 -2.94039
145 8.85292 -3.12044
145 8.85292 -3.12044
145 8.85292 -3.12044
145 8.85292 -3.12044
145 8.85292 -3.12044
145 8.85292 -3.12044
145 8.85292 -3.12044
145 8.85292 -3.12044

146 0 -1.5
146 0 -1.5
146 0.983658 -1.68005
146 1.96732 -1.8601
146 1.96732 -1.8601
146 2.95097 -2.04015
146 3.93463 -2.2202
146 4.91829 -2.40025
146 4.91829 -2.40025
146 5.90195 -2.5803
146 6.8856 -2.76035
146 7.86926 -2.94039
146 7.86926 -2.94039
146 8.85292 -3.12044
146 8.85292 -3.12044
146 8.85292 -3.12044
146 8.85292 -3.12044
146 8.85292 -3.12044
146 8.85292 -3.12044
146 8.85292 -3.12044
146 8.85292 -3.12044
146 8.85292 -3.12044
146 8.85292 -3.12044
146 8.85292 -3.12044

147 0 -1.5
147 0 -1.5
147 0.983658 -1.68005
147 1.96732 -1.8601
147 1.96732 -1.8601
147 2.95097 -2.04015
147 3.93463 -2.2202
147 4.91829 -2.40025
147 4.91829 -2.40025
147 5.90195 -2.5803
147 6.8856 -2.76035
147 7.86926 -2.94039
147 8.85292 -3.12044
147 8.85292 -3.12044
147 8.85292 -3.12044
147 8.85292 -3.12044
147 8.85292 -3.12044
147 8.85292 -3.12044
147 8.85292 -3.12044
147 8.85292 -3.12044
147 8.85292 -3.12044
147 8.85292 -3.12044
147 8.85292 -3.12044
147 8.85292 -3.12044

148 0 -1.5
148 0 -1.5
148 0.983658 -1.68005
148 1.96732 -1.8601
148 1.96732 -1.8601
148 2.95097 -2.04015
148 3.93463 -2.2202
148 4.91829 -2.40025
148 4.91829 -2.40025
148 5.90195 -2.5803
148 6.8856 -2.76035
148 7.86926 -2.94039
148 8.85292 -3.12044
148 8.85292 -3.12044
148 8.85292 -3.12044
148 8.85292 -3.12044
148 8.85292 -3.12044
148 8.85292 -3.12044
148 8.85292 -3.12044
148 8.85292 -3.12044
148 8.85292 -3.12044
148 8.85292 -3.12044
148 8.85292 -3.12044
148 8.85292 -3.12044

149 0 -1.5
149 0 -1.5
149 0.983658 -1.68005
149 1.96732 -1.8601
149 1.96732 -1.8601
149 2.95097 -2.04015
149 3.93463 -2.2202
149 4.91829 -2.40025
149 4.91829 -2.40025
149 5.90195 -2.5803
149 6.8856 -2.76035
149 7.86926 -2.94039
149 8.85292 -3.12044
149 8.85292 -3.12044
149 8.85292 -3.12044
149 8.85292 -3.12044
149 8.85292 -3.12044
149 8.85292 -3.12044
149 8.85292 -3.12044
149 8.85292 -3.12044
149 8.85292 -3.12044
149 8.85292 -3.12044
149 8.85292 -3.12044
149 8.85292 -3.12044

150 0 -1.5
150 0 -1.5
150 0.983658 -1.68005
150 1.96732 -1.8601
150 1.96732 -1.8601
150 2.95097 -2.04015
150 3.93463 -2.2202
150 4.91829 -2.40025
150 4.91829 -2.40025
150 5.90195 -2.5803
150 6.8856 -2.76035
150 7.86926 -2.94039
150 7.86926 -2.94039
150 8.85292 -3.12044
150 8.85292 -3.12044
150 8.85292 -3.12044
150 8.85292 -3.12044
150 8.85292 -3.12044
150 8.85292 -3.12044
150 8.85292 -3.12044

151 0 -1.5
151 0 -1.5
151 0.983658 -1.68005
151 1.96732 -1.8601
151 1.96732 -1.8601
151 2.95097 -2.04015
151 3.93463 -2.2202
151 4.91829 -2.40025
151 4.91829 -2.40025
151 5.90195 -2.5803
151 6.8856 -2.76035
151 7.86926 -2.94039
151 7.86926 -2.94039
151 8.85292 -3.12044
151 8.85292 -3.12044
151 8.85292 -3.12044
151 8.85292 -3.12044
151 8.85292 -3.12044
151 8.85292 -3.12044
151 8.85292 -3.12044
151 8.85292 -3.12044
151 8.85292 -3.12044
151 8.85292 -3.12044
151 8.85292 -3.12044

152 0 -1.5
152 0 -1.5
152 0.983658 -1.68005
152 1.96732 -1.8601
152 1.96732 -1.8601
152 2.95097 -2.04015
152 3.93463 -2.2202
152 4.91829 -2.40025
152 4.91829 -2.40025
152 5.90195 -2.5803
152 6.8856 -2.76035
152 7.86926 -2.94039
152 7.86926 -2.94039
152 8.85292 -3.12044
152 8.85292 -3.12044
152 8.85292 -3.12044
152 8.85292 -3.12044
152 8.85292 -3.12044
152 8.85292 -3.12044
152 8.85292 -3.12044

153 0 -1.5
153 0 -1.5
153 0.983658 -1.68005
153 1.96732 -1.8601
153 1.96732 -1.8601
153 2.95097 -2.04015
153 3.93463 -2.2202
153 4.91829 -2.40025
153 4.91829 -2.40025
153 5.90195 -2.5803
153 6.8856 -2.76035
153 7.86926 -2.94039
153 8.85292 -3.12044
153 8.85292 -3.12044
153 8.85292 -3.12044
153 8.85292 -3.12044
153 8.85292 -3.12044
153 8.85292 -3.12044
153 8.85292 -3.12044
153 8.85292 -3.12044

154 0 -1.5
154 0 -1.5
154 0.983658 -1.68005
154 1.96732 -1.8601
154 1.96732 -1.8601
154 2.95097 -2.04015
154 3.93463 -2.2202
154 4.91829 -2.40025
154 4.91829 -2.40025
154 5.90195 -2.5803
154 6.8856 -2.76035
154 7.86926 -2.94039
154 8.85292 -3.12044
154 8.85292 -3.12044
154 8.85292 -3.12044
154 8.85292 -3.12044
154 8.85292 -3.12044
154 8.85292 -3.12044
154 8.85292 -3.12044
154 8.85292 -3.12044
154 8.85292 -3.12044
154 8.85292 -3.12044
154 8.85292 -3.12044
154 8.85292 -3.12044

155 0 -1.5
155 0 -1.5
155 0.983658 -1.68005
155 1.96732 -1.8601
155 1.96732 -1.8601
155 2.95097 -2.04015
155 3.93463 -2.2202
155 4.91829 -2.40025
155 4.91829 -2.40025
155 5.90195 -2.5803
155 6.8856 -2.76035
155 7.86926 -2.94039
155 8.85292 -3.12044
155 8.85292 -3.12044
155 8.85292 -3.12044
155 8.85292 -3.12044
155 8.85292 -3.12044
155 8.85292 -3.12044
155 8.85292 -3.12044
155 8.85292 -3.12044
155 8.85292 -3.12044
155 8.85292 -3.12044
155 8.85292 -3.12044
155 8.85292 -3.12044

156 0 -1.5
156 0 -1.5
156 0.983658 -1.68005
156 1.96732 -1.8601
156 1.96732 -1.8601
156 2.95097 -2.04015
156 3.93463 -2.2202
156 4.91829 -2.40025
156 4.91829 -2.40025
156 5.90195 -2.5803
156 6.8856 -2.76035
156 7.86926 -2.94039
156 8.85292 -3.12044
156 8.85292 -3.12044
156 8.85292 -3.12044
156 8.85292 -3.12044
156 8.85292 -3.12044
156 8.85292 -3.12044
156 8.85292 -3.12044
156 8.85292 -3.12044

157 0 -1.5
157 0 -1.5
157 0.983658 -1.68005
157 1.96732 -1.8601
157 1.96732 -1.8601
157 2.95097 -2.04015
157 3.93463 -2.2202
157 4.91829 -2.40025
157 4.91829 -2.40025
157 5.90195 -2.5803
157 6.8856 -2.76035
157 7.86926 -2.94039
157 8.85292 -3.12044
157 8.85292 -3.12044
157 8.85292 -3.12044
157 8.85292 -3.12044
157 8.85292 -3.12044
157 8.85292 -3.12044
157 8.85292 -3.12044
157 8.85292 -3.12044
157 8.85292 -3.12044
157 8.85292 -3.12044
157 8.85292 -3.12044
157 8.85292 -3.12044

158 0 -1.5
158 0 -1.5
158 0.983658 -1.68005
158 1.96732 -1.8601
158 1.96732 -1.8601
158 2.95097 -2.04015
158 3.93463 -2.2202
158 4.91829 -2.40025
158 4.91829 -2.40025
158 5.90195 -2.5803
158 6.8856 -2.76035
158 7.86926 -2.94039
158 8.85292 -3.12044
158 8.85292 -3.12044
158 8.85292 -3.12044
158 8.85292 -3.12044
158 8.85292 -3.12044
158 8.85292 -3.12044
158 8.85292 -3.12044
158 8.85292 -3.12044

159 0 -1.5
159 0 -1.5
159 0.983658 -1.68005
159 1.96732 -1.8601
159 1.96732 -1.8601
159 2.95097 -2.04015
159 3.93463 -2.2202
159 4.91829 -2.40025
159 4.91829 -2.40025
159 5.90195 -2.5803
159 6.8856 -2.76035
159 7.86926 -2.94039
159 8.85292 -3.12044
159 8.85292 -3.12044
159 8.85292 -3.12044
159 8.85292 -3.12044
159 8.85292 -3.12044
159 8.85292 -3.12044
159 8.85292 -3.12044
159 8.85292 -3.12044
159 8.85292 -3.12044
159 8.85292 -3.12044
159 8.85292 -3.12044
159 8.85292 -3.12044

160 0 -1.5
160 0 -1.5
160 0.983658 -1.68005
160 1.96732 -1.8601
160 1.96732 -1.8601
160 2.95097 -2.04015
160 3.93463 -2.2202
160 4.91829 -2.40025
160 4.91829 -2.40025
160 5.90195 -2.5803
160 6.8856 -2.76035
160 7.86926 -2.94039
160 8.85292 -3.12044
160 8.85292 -3.12044
160 8.85292 -3.12044
160 8.85292 -3.12044
160 8.85292 -3.12044
160 8.85292 -3.12044
160 8.85292 -3.12044
160 8.85292 -3.12044

161 0 -1.5
161 0 -1.5
161 0.983658 -1.68005
161 1.96732 -1.8601
161 1.96732 -1.8601
161 2.95097 -2.04015
161 3.93463 -2.2202
161 4.91829 -2.40025
161 4.91829 -2.40025
161 5.90195 -2.5803
161 6.8856 -2.76035
161 7.86926 -2.94039
161 8.85292 -3.12044
161 8.85292 -3.12044
161 8.85292 -3.12044
161 8.85292 -3.12044
161 8.85292 -3.12044
161 8.85292 -3.12044
161 8.85292 -3.12044
161 8.85292 -3.12044
161 8.85292 -3.12044
161 8.85292 -3.12044
161 8.85292 -3.12044
161 8.85292 -3.12044

162 0 -1.5
162 0 -1.5
162 0.983658 -1.68005
162 1.96732 -1.8601
162 1.96732 -1.8601
162 2.95097 -2.04015
162 3.93463 -2.2202
162 4.91829 -2.40025
162 4.91829 -2.40025
162 5.90195 -2.5803
162 6.8856 -2.76035
162 7.86926 -2.94039
162 7.86926 -2.94039
162 8.85292 -3.12044
162 8.85292 -3.12044
162 8.85292 -3.12044
162 8.85292 -3.12044
162 8.85292 -3.12044
162 8.85292 -3.12044
162 8.85292 -3.12044

163 0 -1.5
163 0 -1.5
163 0.983658 -1.68005
163 1.96732 -1.8601
163 1.96732 -1.8601
163 2.95097 -2.04015
163 3.93463 -2.2202
163 4.91829 -2.40025
163 4.91829 -2.40025
163 5.90195 -2.5803
163 6.8856 -2.76035
163 7.86926 -2.94039
163 7.86926 -2.94039
163 8.85292 -3.12044
163 8.85292 -3.12044
163 8.85292 -3.12044
163 8.85292 -3.12044
163 8.85292 -3.12044
163 8.85292 -3.12044
163 8.85292 -3.12044

164 0 -1.5
164 0 -1.5
164 0.983658 -1.68005
164 1.96732 -1.8601
164 1.96732 -1.8601
164 2.95097 -2.04015
164 3.93463 -2.2202
164 4.91829 -2.40025
164 4.91829 -2.40025
164 5.90195 -2.5803
164 6.8856 -2.76035
164 7.86926 -2.94039
164 8.85292 -3.12044
164 8.85292 -3.12044
164 8.85292 -3.12044
164 8.85292 -3.12044
164 8.85292 -3.12044
164 8.85292 -3.12044
164 8.85292 -3.12044
164 8.85292 -3.12044

165 0 -1.5
165 0 -1.5
165 0.983658 -1.68005
165 1.96732 -1.8601
165 1.96732 -1.8601
165 2.95097 -2.04015
165 3.93463 -2.2202
165 4.91829 -2.40025
165 4.91829 -2.40025
165 5.90195 -2.5803
165 6.8856 -2.76035
165 7.86926 -2.94039
165 7.86926 -2.94039
165 8.85292 -3.12044
165 8.85292 -3.12044
165 8.85292 -3.12044
165 8.85292 -3.12044
165 8.85292 -3.12044
165 8.85292 -3.12044
165 8.85292 -3.12044

166 0 -1.5
166 0 -1.5
166 0.983658 -1.68005
166 1.96732 -1.8601
166 1.96732 -1.8601
166 2.95097 -2.04015
166 3.93463 -2.2202
166 4.91829 -2.40025
166 4.91829 -2.40025
166 5.90195 -2.5803
166 6.8856 -2.76035
166 7.86926 -2.94039
166 8.85292 -3.12044
166 8.85292 -3.12044
166 8.85292 -3.12044
166 8.85292 -3.12044
166 8.85292 -3.12044
166 8.85292 -3.12044
166 8.85292 -3.12044
166 8.85292 -3.12044

167 0 -1.5
167 0 -1.5
167 0.983658 -1.68005
167 1.96732 -1.8601
167 1.96732 -1.8601
167 2.95097 -2.04015
167 3.93463 -2.2202
167 4.91829 -2.40025
167 4.91829 -2.40025
167 5.90195 -2.5803
167 6.8856 -2.76035
167 7.86926 -2.94039
167 8.85292 -3.12044
167 8.85292 -3.12044
167 8.85292 -3.12044
167 8.85292 -3.12044
167 8.85292 -3.12044
167 8.85292 -3.12044
167 8.85292 -3.12044
167 8.85292 -3.12044
167 8.85292 -3.12044
167 8.85292 -3.12044
167 8.85292 -3.12044
167 8.85292 -3.12044

168 0 -1.5
168 0 -1.5
168 0.983658 -1.68005
168 1.96732 -1.8601
168 1.96732 -1.8601
168 2.95097 -2.04015
168 3.93463 -2.2202
168 4.91829 -2.40025
168 4.91829 -2.40025
168 5.90195 -2.5803
168 6.8856 -2.76035
168 7.86926 -2.94039
168 8.85292 -3.12044
168 8.85292 -3.12044
168 8.85292 -3.12044
168 8.85292 -3.12044
168 8.85292 -3.12044
168 8.85292 -3.12044
168 8.85292 -3.12044
168 8.85292 -3.12044
168 8.85292 -3.12044
168 8.85292 -3.12044
168 8.85292 -3.12044
168 8.85292 -3.12044

169 0 -1.5
169 0 -1.5
169 0.983658 -1.68005
169 1.96732 -1.8601
169 1.96732 -1.8601
169 2.95097 -2.04015
169 3.93463 -2.2202
169 4.91829 -2.40025
169 4.91829 -2.40025
169 5.90195 -2.5803
169 6.8856 -2.76035
169 7.86926 -2.94039
169 8.85292 -3.12044
169 8.85292 -3.12044
169 8.85292 -3.12044
169 8.85292 -3.12044
169 8.85292 -3.12044
169 8.85292 -3.12044
169 8.85292 -3.12044
169 8.85292 -3.12044
