
1 0 -1.5
1 15.2609 11.3155
1 18.6235 -2.68419
1 19.978 -1.95975
1 6.5404 -1.40862
1 11.3277 -1.23535
1 7.84848 6.76567
1 15.2609 -3.15296
1 7.73794 -1.32729
1 5.06354 -1.36249
1 9.15656 -1.24948
1 2.96169 -1.32605
1 13.5653 7.04004
1 11.9433 5.88413
1 13.7348 8.81409
1 19.978 -0.448881
1 16.3998 -3.15459
1 17.1686 13.4262

2 0 -1.5
2 18.6235 -2.68419
2 19.978 -1.95975
2 16.9044 13.2197
2 19.978 -0.448881
2 16.1586 -3.09049
2 15.2609 -3.16969
2 15.2609 11.3323
2 13.7348 8.81409
2 11.9433 5.89722
2 13.5653 7.04004
2 9.15656 -1.24948
2 11.3277 -1.24777
2 7.90494 6.81435
2 6.57957 -1.42427
2 19.277 14.0398
2 7.73794 -1.32729
2 5.06354 -1.36249
2 2.97774 -1.33323

3 0 -1.5
3 18.9446 -2.73047
3 19.978 -1.95975
3 20.7318 -0.511266
3 16.1586 -3.09049
3 15.2609 -3.16969
3 15.2609 4.77545
3 13.7348 8.81409
3 11.9433 5.88413
3 13.5653 7.02517
3 16.9044 13.2197
3 11.3277 -1.23535
3 9.15656 -1.25951
3 7.96223 6.87245
3 6.57957 -1.41705
3 7.73794 -1.32729
3 5.08698 -1.36879
3 2.9697 -1.32963

4 0 -1.5
4 13.7348 8.81409
4 18.6235 -2.68419
4 19.978 -1.95975
4 19.6212 -0.462371
4 16.3998 -3.15459
4 15.2609 -3.16969
4 15.0519 11.177
4 11.9433 5.88413
4 13.3998 6.9395
4 16.9044 13.2382
4 11.3277 -1.23535
4 9.15656 -1.25951
4 7.90494 6.82301
4 6.5404 -1.41579
4 7.73794 -1.32729
4 5.06354 -1.35694
4 2.95373 -1.32248

5 0 -1.5
5 19.6212 -0.440866
5 7.96223 6.87245
5 18.6235 -2.68419
5 19.978 -1.95975
5 15.0519 11.177
5 16.3998 -3.15459
5 15.2609 -3.16969
5 19.978 -0.470778
5 20.7318 -0.511266
5 13.7348 8.81409
5 11.8149 5.83381
5 13.3998 6.95419
5 15.2609 11.3323
5 11.2121 -1.22275
5 9.15656 -1.24948
5 6.5404 -1.40862
5 7.73794 -1.32729
5 5.08698 -1.36879
5 2.96169 -1.32605

6 0 -1.5
6 15.2609 11.3323
6 13.7348 8.81409
6 16.9044 13.2197
6 18.6235 -2.68419
6 19.6212 -1.92475
6 19.978 -0.470778
6 7.96223 6.86373
6 16.3998 -3.13661
6 15.2609 -3.16969
6 12.0746 5.94879
6 13.3998 6.95419
6 11.3277 -1.23535
6 9.23351 -1.25998
6 6.5404 -1.41579
6 7.73794 -1.32729
6 5.06354 -1.35694
6 2.96169 -1.32605

7 0 -1.5
7 18.6235 -2.68419
7 19.978 -1.98165
7 19.978 -0.470778
7 16.9044 13.2382
7 15.2609 -3.16969
7 15.2609 11.3323
7 15.2609 4.77545
7 11.8149 5.82086
7 13.5653 7.02517
7 11.3277 -1.23535
7 9.23351 -1.25998
7 16.3998 -3.13661
7 7.90494 6.83167
7 6.57957 -1.42427
7 7.73794 -1.32729
7 5.06354 -1.36249
7 2.9697 -1.32963

8 0 -1.5
8 7.73794 6.67886
8 20.7318 -1.30657
8 18.6235 -2.68419
8 19.6212 -1.92475
8 19.978 -0.470778
8 15.2609 -3.15296
8 16.3998 -3.13661
8 15.0519 11.177
8 13.7348 8.82914
8 17.1686 13.4262
8 11.9433 5.88413
8 13.5653 7.02517
8 11.3277 -1.24777
8 9.15656 -1.24948
8 6.57957 -1.41705
8 7.73794 -1.32729
8 5.06354 -1.35694
8 2.95373 -1.32572

9 0 -1.5
9 7.96223 6.87245
9 18.3131 -2.65953
9 19.6212 -1.92475
9 19.978 -0.448881
9 16.1586 -3.09049
9 15.2609 4.77545
9 15.2609 -3.16969
9 12.0746 5.96202
9 13.5653 7.02517
9 11.2121 -1.22275
9 9.15656 -1.24948
9 15.2609 11.3323
9 6.57957 -1.41705
9 7.68383 -1.31801
9 5.06354 -1.35694
9 2.96169 -1.31955

10 0 -1.5
10 19.6212 -0.440866
10 13.7348 8.81409
10 18.6235 -2.68419
10 19.978 -1.95975
10 16.1586 -3.1082
10 16.9044 13.2382
10 15.2609 -3.16969
10 15.0519 11.1605
10 11.9433 5.89722
10 13.5653 7.02517
10 11.2121 -1.23504
10 9.15656 -1.25951
10 7.96223 6.88118
10 6.57957 -1.42427
10 7.73794 -1.32729
10 5.08698 -1.36322
10 2.96169 -1.3228

11 0 -1.5
11 15.0519 11.177
11 18.3131 -2.63946
11 20.3479 -0.501798
11 19.6212 -1.92475
11 16.9044 13.2197
11 16.1586 -3.09049
11 15.2609 -3.16969
11 11.8149 5.82086
11 13.7348 8.81409
11 11.4457 -1.26077
11 13.3998 6.9395
11 9.23351 -1.25998
11 7.90494 6.82301
11 6.57957 -1.42427
11 7.73794 -1.32729
11 5.08698 -1.36322
11 2.96169 -1.32605

12 0 -1.5
12 12.4862 9.35397
12 11.8149 7.12877
12 19.6212 -0.634416
12 17.7224 -2.12698
12 19.6212 -1.40862
12 13.3998 -2.06349
12 14.087 -2.66339
12 15.2609 -2.60099
12 10.5653 6.16633
12 10.5653 6.25897
12 8.07932 -0.987362
12 7.42424 6.31045
12 9.98898 -0.859443
12 5.49394 -1.23743
12 6.57957 -1.08533
12 3.91028 -1.20646
12 1.73859 -1.22623
12 1.87506 1.72941

13 0 -1.5
13 6.95435 5.40036
13 18.9446 -1.29775
13 15.2609 -2.78498
13 15.9245 -2.10319
13 13.5653 -3.39736
13 10.0806 -3.71791
13 9.15656 8.30476
13 9.15656 -3.02584
13 7.79282 -1.86626
13 8.58428 6.44027
13 5.81369 -1.53248
13 4.03966 -1.51204
13 15.2609 0.694154
13 1.61113 -1.49303
13 2.59148 -1.51534

14 0 -1.5
14 20.7318 0.329483
14 4.37764 -2.60295
14 19.277 -1.17262
14 17.1686 0.178766
14 11.4457 1.19804
14 9.89898 0.135621
14 15.4759 1.04317
14 8.7903 -0.669599
14 7.37441 -1.58824
14 5.97167 -2.45117
14 3.00215 -2.07465
14 1.60173 -1.20519

15 0 -1.5
15 20.7318 -3.01079
15 15.697 -3.91403
15 14.087 -2.64795
15 12.6297 -1.03128
15 6.10437 0.899891
15 4.54044 0.0572299
15 11.3277 0.155195
15 3.2605 -0.605731
15 1.66989 -1.33884
15 8.86119 0.849819

16 0 -1.5
16 17.1686 -7.00949
16 19.978 7.98133
16 19.6212 9.51624
16 6.35137 -5.496
16 20.7318 6.73735
16 18.6235 -3.99057
16 18.0129 -5.57736
16 18.6235 11.6247
16 15.0519 -10.4511
16 15.2609 -8.05386
16 12.9269 -8.13976
16 11.0989 -8.30248
16 5.18296 -3.76349
16 3.7759 -2.43967
16 1.67498 -1.48061

17 0 -1.5
17 8.65187 4.30045
17 8.93323 6.17334
17 8.07932 2.34222
17 6.78264 0.747122
17 9.23351 8.14178
17 5.28263 -0.645583
17 2.05381 -1.78846

18 0 -1.5
18 17.7224 5.09892
18 15.0519 7.00318
18 10.6678 9.97945
18 19.978 -3.25165
18 16.9044 0.639214
18 14.27 7.95318
18 19.6212 4.65597
18 12.7766 7.68101
18 17.1686 6.67078
18 20.3479 8.48596
18 18.3131 -2.19788
18 13.7348 -0.0526888
18 15.0519 2.43338
18 11.8149 0.291367
18 16.3998 2.38167
18 7.22886 0.98643
18 5.52154 0.0695961
18 11.4457 8.85046
18 3.7759 -0.891856
18 2.05381 -1.61513
18 20.3479 4.7169

19 0 -1.5
19 6.86742 -3.5866
19 17.7224 -0.417626
19 14.8485 0.870688
19 12.7766 1.49139
19 13.5653 -8.57146
19 11.4457 2.08873
19 16.6483 -2.1258
19 17.7224 -1.68021
19 15.0519 -9.90673
19 9.8106 2.74734
19 8.07932 3.50226
19 4.8835 -2.76457
19 5.97167 4.33619
19 5.04031 4.7924
19 5.66385 5.36045
19 3.06069 -1.9675
19 1.49292 -1.08568

20 0 -1.5
20 10.7724 -2.42634
20 13.9087 9.16957
20 15.2609 7.86987
20 13.9087 -1.45585
20 11.5662 9.75496
20 2.99397 -1.37988
20 12.0746 9.98523
20 16.9044 6.5311
20 16.1586 1.30172
20 15.2609 -0.259262
20 19.277 6.39132
20 12.0746 -2.28291
20 8.19991 -2.26933
20 9.89898 8.46818
20 7.73794 7.4252
20 6.91061 6.60859
20 4.73615 -1.67929
20 1.68268 -1.40442
20 1.46701 -1.35144

21 0 -1.5
21 7.52594 3.56758
21 7.63047 5.4236
21 5.97167 0.539978
21 4.43059 -0.721132
21 6.86742 1.93067
21 3.00215 -1.62385
21 2.06539 -1.7827

22 0 -1.5
22 5.81369 3.88376
22 5.28263 1.85569
22 4.34303 -0.00714021
22 3.01865 -1.52359
22 2.25161 -2.14334

23 0 -1.5
23 9.72378 8.15844
23 17.1686 8.89124
23 19.277 7.40548
23 16.9044 0.620686
23 13.7348 3.04842
23 10.6678 10.0613
23 18.0129 4.88636
23 12.6297 10.6796
23 16.1586 9.80277
23 19.6212 0.397854
23 19.978 14.7912
23 16.6483 9.3152
23 5.23232 0.0544809
23 3.78892 -0.68729
23 6.57957 0.602158
23 1.76654 -1.51314
23 1.74688 -1.57289

24 0 -1.5
24 15.2609 8.2044
24 7.27674 -1.93408
24 19.277 9.39155
24 9.23351 -2.20116
24 13.9087 6.86765
24 12.4862 -5.42626
24 14.087 -8.57689
24 11.6892 -4.18307
24 20.3479 6.63489
24 12.6297 -9.75219
24 4.9053 -1.71776
24 11.9433 5.04634
24 6.17296 5.17923
24 16.9044 9.16206
24 8.13917 5.03582
24 19.277 -15.7723
24 3.11271 -1.43119
24 1.48887 -1.31936
24 1.35989 -1.26766

25 0 -1.5
25 15.0519 -11.5565
25 16.1586 15.6118
25 1.5697 -1.27399
25 20.7318 15.8265
25 18.9446 13.7977
25 17.1686 -0.686836
25 18.3131 1.8968
25 17.1686 -2.54976
25 19.978 13.762
25 17.1686 -4.61968
25 5.49394 -5.03705
25 17.1686 0.573932
25 19.277 4.34187
25 13.9087 12.5996
25 20.3479 3.82482
25 19.6212 2.97853
25 4.34303 -3.16787
25 15.4759 -9.16806
25 2.65408 -1.67993

26 0 -1.5
26 7.32525 3.78557
26 6.5404 0.36918
26 6.5404 5.37282
26 5.35994 -0.895893
26 7.22886 6.78616
26 3.34996 -1.2649
26 7.18162 1.90093
26 1.76088 -1.53338

27 0 -1.5
27 6.86742 5.08447
27 15.9245 7.6186
27 9.8106 6.61836
27 13.5653 7.48608
27 18.3131 8.4001
27 5.90746 3.43489
27 15.2609 13.0886
27 4.73615 1.7312
27 3.42301 -0.00187588
27 10.5653 8.8992
27 1.8436 -1.55894
27 20.7318 15.5538
27 2.00509 -1.80977

28 0 -1.5
28 17.1686 -6.31325
28 12.4862 -7.72541
28 13.7348 12.9991
28 16.3998 15.5572
28 19.6212 6.41943
28 13.5653 11.8276
28 17.4411 6.71932
28 15.4759 8.55743
28 15.2609 -7.76951
28 6.42566 -4.60246
28 8.38769 -6.43987
28 3.43371 -1.96266
28 5.13452 -3.4413
28 1.82523 -1.1553
28 10.5653 -8.74866
28 1.38039 -1.20205

29 0 -1.5
29 13.7348 12.141
29 9.23351 4.92353
29 20.3479 11.6306
29 17.7224 0.0679856
29 11.0989 5.60189
29 15.9245 1.63193
29 17.4411 10.9249
29 19.6212 -2.22583
29 20.7318 2.26093
29 13.9087 4.50475
29 15.2609 3.67149
29 15.2609 11.6334
29 19.277 10.6804
29 8.02035 2.96684
29 6.03729 0.890002
29 12.7766 5.17436
29 3.89641 -0.775118
29 1.63267 -1.44142
29 1.48085 -1.33173

30 0 -1.5
30 13.5653 10.534
30 7.63047 7.28862
30 17.1686 -9.94501
30 10.3659 0.426055
30 9.00645 1.83115
30 7.47474 6.45988
30 9.00645 -2.82817
30 7.79282 5.11194
30 7.84848 3.55703
30 4.52176 -4.36379
30 14.4577 -4.84103
30 12.9269 -2.98245
30 4.03966 -3.11927
30 2.8102 -1.64939
30 12.3459 -1.96885
30 1.41051 -1.1046

31 0 -1.5
31 11.4457 4.57264
31 11.3277 2.88663
31 10.9879 6.14803
31 12.6297 5.97313
31 8.07932 -1.08477
31 9.63849 9.21724
31 10.269 0.782242
31 6.20784 -1.93575
31 10.8791 7.38687
31 10.3659 8.71993
31 3.92424 -2.0968
31 1.84051 -1.70561

32 0 -1.5
32 6.24311 4.20484
32 5.63481 2.18321
32 4.75666 0.315416
32 3.55595 -0.882775
32 1.9482 -1.67302

33 0 -1.5
33 5.52154 3.11972
33 3.63837 -1.21827
33 5.15863 0.720893
33 2.26554 -1.77916
33 1.77797 -1.6574

34 0 -1.5
34 17.7224 -2.96223
34 9.55467 5.61839
34 7.63047 5.49887
34 19.6212 -2.39788
34 13.7348 -3.80112
34 6.27878 5.81168
34 12.4862 -3.93455
34 15.9245 -3.56931
34 8.19991 -1.70312
34 6.27878 -1.67572
34 3.63837 -1.73669
34 11.5662 -3.23897
34 4.81924 -1.67706
34 1.98337 -1.56626
34 19.6212 -2.37637
34 1.55415 -1.38403

35 0 -1.5
35 19.6212 1.68819
35 17.4411 2.36084
35 13.7348 4.05704
35 15.2609 3.40386
35 7.47474 1.86382
35 8.58428 3.1284
35 6.5404 0.842304
35 5.23232 -0.369897
35 3.86897 -1.48207
35 2.24701 -1.93947
35 1.82827 -1.69426

36 0 -1.5
36 19.6212 -5.70975
36 3.00215 -2.02858
36 18.0129 -6.50528
36 20.7318 10.782
36 15.2609 -8.75638
36 11.3277 -8.84613
36 8.02035 -7.08085
36 19.978 -4.67493
36 6.86742 -5.77695
36 5.75281 -3.89353
36 4.37764 -2.43982
36 12.9269 -8.97569
36 2.37833 -1.3542

37 0 -1.5
37 9.08089 8.50486
37 8.07932 4.37007
37 7.57784 2.64534
37 6.5404 0.784956
37 3.19415 -1.60867
37 4.9273 -0.52115
37 19.6212 17.3658
37 2.25161 -1.8694

38 0 -1.5
38 19.978 -5.04718
38 15.697 -13.6174
38 16.6483 -14.1325
38 17.1686 -13.8214
38 2.17152 -1.14838
38 18.9446 -15.6872
38 9.89898 9.36871
38 11.4457 -7.69633
38 16.6483 -2.94692
38 13.7348 -0.790332
38 15.2609 -1.9152
38 19.277 -4.44752
38 17.4411 -12.2056
38 13.9087 -10.5263
38 12.4862 0.43109
38 7.68383 -4.60251
38 12.6297 -9.21232
38 10.7724 1.88322
38 9.72378 -6.16546
38 8.07932 7.6111
38 8.07932 6.08799
38 15.2609 -12.269
38 8.58428 4.55852
38 10.5653 3.08606
38 18.9446 -13.8185
38 6.24311 -3.34266
38 4.29214 -1.70063
38 1.69566 -1.4357

39 0 -1.5
39 11.5662 9.03237
39 17.1686 7.68692
39 19.6212 -0.354843
39 13.5653 8.89855
39 19.6212 6.33341
39 6.91061 6.54042
39 17.7224 -1.77734
39 17.1686 -3.00138
39 15.0519 -3.68719
39 13.0808 -3.53409
39 9.89898 8.50073
39 19.6212 4.69898
39 10.269 -3.3597
39 13.7348 9.4313
39 9.31176 6.9044
39 8.13917 7.41769
39 5.6932 -1.88759
39 1.61349 -1.41388
39 3.81523 -1.72911
39 8.58428 7.37173
39 17.1686 2.43686
39 1.84051 -1.58054

40 0 -1.5
40 7.84848 6.30115
40 8.65187 5.79873
40 6.74103 1.31145
40 7.57784 2.81976
40 5.30815 -0.107632
40 3.96674 -1.14997
40 7.96223 4.46382
40 1.88795 -1.73301
40 1.82523 -1.5394

41 0 -1.5
41 6.0043 4.36647
41 5.90746 2.61906
41 4.94949 0.697093
41 3.62636 -0.96385
41 2.29872 -2.06724
41 2.55532 -2.23639

42 0 -1.5
42 19.978 -10.8717
42 18.6235 -5.54189
42 20.7318 2.28365
42 8.19991 -1.10995
42 19.6212 -13.3442
42 19.6212 -7.12912
42 7.84848 6.70546
42 15.697 3.58714
42 11.6892 -1.68476
42 18.9446 -16.4555
42 13.7348 -2.74734
42 16.3998 8.18755
42 9.39135 5.95467
42 18.0129 3.07002
42 11.4457 5.09952
42 17.1686 -4.46914
42 3.38088 -0.913427
42 13.7348 4.25274
42 4.75666 -0.659506
42 1.80129 -1.29809
42 19.978 -8.50685
42 1.74688 -1.39865

43 0 -1.5
43 6.86742 5.34791
43 17.4411 11.6704
43 8.65187 6.13063
43 18.0129 11.0264
43 7.27674 -2.38072
43 10.269 -9.29124
43 19.6212 10.9571
43 17.1686 -14.5365
43 8.58428 -3.53297
43 9.63849 -4.79085
43 10.3659 -7.06115
43 18.9446 -17.0992
43 5.97167 -1.77702
43 11.5662 -5.25462
43 13.3998 -12.8289
43 15.697 11.2087
43 3.89641 -1.62924
43 1.87187 -1.61157
43 1.55196 -1.42119

44 0 -1.5
44 10.174 -6.31708
44 18.9446 17.1615
44 14.087 13.4559
44 16.3998 8.34932
44 13.5653 12.1547
44 11.9433 9.14363
44 11.9433 7.07535
44 12.4862 4.60514
44 11.6892 6.20735
44 14.4577 -1.59255
44 11.6892 -5.81018
44 13.3998 2.8272
44 13.3998 -5.04491
44 12.6297 10.5689
44 3.49932 -2.76724
44 5.97167 -4.33619
44 8.13917 -5.4105
44 1.57645 -1.47127

45 0 -1.5
45 4.59744 0.617275
45 4.9053 2.44358
45 3.45531 -0.937321
45 2.08895 -1.8992
45 2.18013 -2.01556

46 0 -1.5
46 19.277 16.0047
46 19.978 -10.5432
46 19.6212 16.5486
46 14.4577 -10.6091
46 20.7318 12.0772
46 20.3479 9.06582
46 8.07932 -4.73314
46 17.4411 -10.9631
46 20.3479 10.8277
46 6.78264 -2.97734
46 10.6678 -8.19051
46 3.92424 -1.38711
46 2.04998 -1.49304
46 9.31176 -6.20018
46 1.54324 -1.43182

47 0 -1.5
47 15.697 7.42375
47 19.6212 3.30112
47 19.6212 14.5701
47 18.0129 5.00482
47 19.978 11.9665
47 17.7224 6.10899
47 19.6212 13.1077
47 19.978 6.51425
47 11.4457 10.243
47 12.3459 6.69139
47 10.6678 4.61265
47 9.08089 2.33398
47 7.13498 0.207236
47 17.1686 6.8025
47 5.25736 -0.930607
47 14.6505 7.9244
47 2.92231 -1.42052
47 13.7348 13.1948
47 1.59245 -1.35704

48 0 -1.5
48 17.1686 -15.4585
48 19.277 -15.6244
48 13.7348 -4.44844
48 12.7766 -2.98978
48 9.55467 5.72312
48 9.23351 2.60598
48 12.4862 -8.35494
48 17.1686 -11.187
48 15.2609 -6.58192
48 9.8106 -3.81187
48 9.8106 4.34951
48 5.25736 -4.90082
48 6.46346 -6.36516
48 4.9053 -3.56725
48 8.65187 7.06943
48 11.4457 -0.746425
48 3.84191 -1.96859
48 16.9044 -9.55115
48 1.95862 -1.10879
48 1.6351 -1.51167

49 0 -1.5
49 13.0808 4.88178
49 2.49724 -2.21019
49 10.5653 8.47074
49 12.2087 -5.43949
49 11.5662 8.24639
49 12.4862 0.882709
49 10.269 8.91981
49 9.08089 -2.60272
49 12.6297 2.49861
49 11.4457 -1.03496
49 12.4862 4.52303
49 6.91061 -3.10168
49 4.59744 -2.91505

50 0 -1.5
50 6.27878 4.66242
50 5.78309 2.4118
50 3.76297 -0.769195
50 4.94949 0.485524
50 1.95514 -1.67897

51 0 -1.5
51 17.7224 7.89604
51 5.93939 3.8831
51 5.75281 1.40924
51 4.43059 -0.672571
51 3.11271 -1.37319
51 1.64243 -1.52745

52 0 -1.5
52 9.31176 5.68988
52 19.6212 -1.68819
52 18.0129 -2.5567
52 20.3479 -0.189568
52 19.6212 -0.913989
52 16.9044 -3.38135
52 11.5662 -2.96008
52 12.6297 -3.64755
52 6.46346 -1.55498
52 8.26156 -1.51671
52 15.0519 -3.45622
52 7.57784 5.71012
52 6.24311 5.96342
52 3.7247 -1.65542
52 4.9053 -1.56722
52 2.05765 -1.52118
52 1.50313 -1.37977

53 0 -1.5
53 10.5653 3.91982
53 16.6483 2.32652
53 18.9446 1.67151
53 15.0519 3.47272
53 6.86742 1.87045
53 5.84461 0.835974
53 8.07932 3.17461
53 4.57828 -0.363804
53 12.9269 3.98841
53 3.24126 -1.4903
53 2.08104 -1.89201
53 1.71954 -1.60293

54 0 -1.5
54 19.6212 9.00011
54 19.277 9.47606
54 19.6212 12.2044
54 19.6212 10.1614
54 7.79282 -6.99101
54 17.1686 5.67346
54 18.0129 11.1843
54 18.9446 -1.9622
54 17.4411 -3.48869
54 15.2609 -6.23066
54 13.2384 -6.68177
54 11.3277 -6.97137
54 6.3883 -4.68773
54 4.9273 -2.98919
54 3.42301 -1.83274
54 1.4382 -1.12629

55 0 -1.5
55 13.7348 7.85063
55 8.58428 5.51821
55 9.23351 5.80399
55 6.86742 1.68228
55 5.75281 0.236449
55 10.4646 9.17
55 4.30897 -1.17362
55 2.27492 -1.84387
55 9.15656 5.01296

56 0 -1.5
56 3.2605 -2.11023
56 7.27674 -4.07952
56 12.3459 -7.70627
56 13.7348 -8.57322
56 15.2609 0.175629
56 13.2384 0.892354
56 15.4759 -11.9668
56 11.5662 1.5149
56 17.7224 -7.68237
56 12.4862 -8.05386
56 8.58428 3.13781
56 6.3883 4.01555
56 4.94949 4.7169
56 18.9446 -2.33596
56 6.03729 5.38964
56 16.6483 -0.282832
56 5.06354 -3.00524
56 9.89898 2.21876
56 1.49495 -1.09535
56 15.0519 -10.1212

57 0 -1.5
57 3.62636 -1.57594
57 12.9269 3.23748
57 13.7348 7.74525
57 12.4862 9.13501
57 11.2121 0.190478
57 9.23351 -0.895646
57 12.3459 1.57644
57 13.5653 4.95851
57 13.5653 6.69808
57 7.96223 -1.20868
57 5.52154 -1.401
57 1.8467 -1.25391
57 1.53892 -1.25239

58 0 -1.5
58 6.27878 4.76565
58 6.3883 2.83224
58 5.72285 0.937735
58 4.43059 -0.458902
58 3.05219 -1.39667
58 1.96915 -1.69316
58 1.77224 -1.60155

59 0 -1.5
59 19.277 12.265
59 15.697 11.2087
59 20.3479 11.0953
59 19.6212 15.3658
59 8.72053 6.11238
59 7.73794 4.88935
59 20.7318 14.8267
59 6.20784 2.37801
59 4.9053 0.572587
59 6.95435 3.73109
59 3.38088 -0.880077
59 1.96563 -1.57595
59 1.90762 -1.50435

60 0 -1.5
60 9.15656 -3.40721
60 13.7348 -9.92808
60 12.2087 -4.8641
60 19.978 5.41942
60 18.6235 5.54189
60 6.91061 -2.87445
60 13.7348 -12.2915
60 13.3998 -6.3814
60 17.1686 4.41269
60 13.5653 2.84724
60 13.7348 -7.60977
60 11.0989 3.46089
60 6.95435 4.35612
60 3.2702 -1.90146
60 5.15863 4.70135
60 9.08089 3.86675
60 5.08698 -2.29433
60 1.74411 -1.47863
60 1.42885 -1.32099

61 0 -1.5
61 5.90746 -5.57805
61 3.29966 -1.98007
61 19.6212 13.2797
61 17.7224 -0.922661
61 17.1686 -5.95572
61 17.1686 -2.09814
61 17.4411 -9.0706
61 15.2609 14.5772
61 14.087 12.8846
61 15.2609 12.8711
61 18.9446 0.280315
61 4.8835 -3.59957
61 17.1686 -3.90462
61 1.85606 -1.36604
61 1.38212 -1.22628

62 0 -1.5
62 6.57957 1.68388
62 5.97167 0.166902
62 6.82477 3.58677
62 4.86189 -1.1004
62 2.7888 -1.44732
62 6.17296 5.28072
62 1.74966 -1.65785

63 0 -1.5
63 19.6212 18.2475
63 20.3479 17.9867
63 12.4862 2.14177
63 19.6212 16.054
63 6.95435 2.43531
63 16.9044 0.768909
63 10.0806 2.75667
63 19.277 0.475388
63 13.9087 1.59305
63 5.49394 1.26754
63 3.84191 0.098956
63 1.96212 -1.03765
63 1.73584 -1.46401

64 0 -1.5
64 20.3479 8.44136
64 6.99865 -3.52473
64 20.3479 0.925539
64 15.2609 11.4159
64 12.6297 11.5241
64 11.6892 11.0374
64 19.277 9.64509
64 3.02696 -1.99558
64 13.7348 -2.2054
64 9.98898 -0.859443
64 11.6892 -3.59373
64 13.9087 11.5782
64 9.31176 -3.89361
64 4.73615 -2.58772
64 19.277 1.61632
64 1.63267 -1.34121

65 0 -1.5
65 19.6212 -4.13983
65 15.2609 -14.1925
65 17.1686 -0.969098
65 13.3998 -12.8583
65 17.4411 -15.6848
65 17.4411 -2.26526
65 15.4759 1.14495
65 12.9269 -12.0644
65 9.39135 -3.93719
65 9.15656 -7.55206
65 12.4862 4.24932
65 12.4862 5.8642
65 8.86119 -2.62716
65 11.4457 8.7752
65 7.68383 -1.17484
65 5.54943 -0.538293
65 3.37051 -1.33177
65 1.86551 -1.59996
65 9.39135 -5.24443

66 0 -1.5
66 11.5662 -8.15765
66 9.15656 -6.85958
66 13.9087 -5.51089
66 15.2609 2.11592
66 16.6483 -1.4689
66 15.4759 -3.62143
66 14.4577 5.28473
66 13.5653 5.30048
66 9.89898 6.29824
66 12.3459 6.32604
66 6.95435 6.2693
66 15.2609 -2.24973
66 16.9044 -0.361295
66 15.2609 -4.29037
66 2.18882 -2.10036

67 0 -1.5
67 6.42566 4.77148
67 5.52154 1.09841
67 6.31487 2.71663
67 4.02486 -0.553632
67 1.76654 -1.47054

68 0 -1.5
68 6.17296 5.09804
68 4.43059 -0.619154
68 6.5404 2.65595
68 2.63498 -1.38771
68 1.70355 -1.49839

69 0 -1.5
69 20.3479 -0.992445
69 10.5653 6.68743
69 8.26156 6.1076
69 17.1686 -2.7003
69 13.7348 -3.27423
69 14.8485 -2.46559
69 13.5653 -2.0741
69 18.6235 -1.90853
69 10.5653 6.78007
69 6.91061 -1.30657
69 9.00645 -1.23887
69 7.42424 6.73359
69 4.36027 -1.53646
69 5.52154 -1.41916
69 2.71977 -1.48006
69 20.3479 0.814028
69 6.5404 6.14703
69 1.58555 -1.40851
69 1.88149 1.71677

70 0 -1.5
70 10.6678 3.98126
70 17.1686 2.47449
70 15.2609 3.57113
70 19.6212 1.77421
70 13.0808 4.09324
70 6.95435 1.90937
70 8.19991 3.22199
70 5.97167 0.880328
70 4.73615 -0.324438
70 3.37051 -1.44259
70 2.24242 -1.89618
70 1.95166 -1.72519

71 0 -1.5
71 19.6212 8.74204
71 19.277 12.265
71 19.6212 10.398
71 19.6212 16.312
71 15.4759 -4.06244
71 6.42566 -4.56724
71 18.6235 -1.31658
71 19.277 9.01124
71 17.1686 -2.86966
71 7.52594 -7.0403
71 14.6505 -11.1359
71 11.4457 -6.66764
71 15.2609 -5.72886
71 13.3998 -6.33734
71 4.81924 -2.88666
71 19.277 16.7442
71 3.2605 -1.77074
71 1.49495 -1.23463

72 0 -1.5
72 12.7766 7.86306
72 7.27674 3.36969
72 14.6505 9.80313
72 8.58428 5.71579
72 6.13848 1.75938
72 4.9053 0.325273
72 3.42301 -1.03736
72 1.59245 -1.46874
72 2.01243 -1.74361

73 0 -1.5
73 3.45531 -2.25525
73 12.4862 -9.25818
73 7.37441 -4.498
73 15.0519 -11.0121
73 12.2087 1.25115
73 10.3659 1.99394
73 16.9044 -0.58363
73 11.4457 -9.17663
73 16.3998 -7.21691
73 14.087 -12.2516
73 8.65187 2.83062
73 5.30815 4.62818
73 5.72285 5.27202
73 5.13452 -3.12053
73 15.2609 -0.209083
73 6.69992 3.82958
73 1.38561 -1.14129
73 13.3998 0.536067

74 0 -1.5
74 13.0808 4.78142
74 1.80425 -1.20333
74 12.0746 9.41616
74 13.9087 7.50792
74 12.7766 3.17183
74 11.8149 1.44388
74 11.8149 10.0554
74 10.6678 0.12277
74 8.72053 -0.941469
74 7.47474 -1.2166
74 12.7766 6.30865
74 5.11064 -1.37516
74 3.21283 -1.53004
74 1.57645 -1.15853

75 0 -1.5
75 6.27878 4.44909
75 6.24311 2.46679
75 5.54943 0.635611
75 4.1779 -0.69832
75 2.74697 -1.57615
75 1.94476 -1.74892

76 0 -1.5
76 13.2384 5.62256
76 19.978 15.9298
76 15.697 14.3055
76 8.86119 5.90989
76 19.6212 7.47321
76 20.7318 11.9636
76 20.7318 15.6447
76 7.73794 3.48997
76 6.57957 2.40503
76 5.49394 1.16518
76 4.01017 -0.375799
76 2.22878 -1.53532
76 1.98337 -1.71408

77 0 -1.5
77 12.7766 -8.56324
77 7.27674 -2.57213
77 9.23351 -2.93995
77 14.27 5.98248
77 15.2609 7.10044
77 12.4862 -6.35687
77 12.4862 -10.7909
77 16.6483 -6.65111
77 11.6892 -5.04147
77 10.7724 4.0321
77 6.3883 4.61771
77 8.45221 4.43281
77 9.89898 -3.44478
77 5.08698 4.72527
77 17.1686 8.38317
77 4.9053 4.66403
77 3.06924 -1.8788
77 19.978 5.92304
77 4.9053 -2.24465
77 1.75525 -1.66507
77 1.67498 -1.53569

78 0 -1.5
78 19.978 8.72581
78 19.277 6.83502
78 10.7724 -5.3899
78 20.7318 19.6894
78 16.1586 3.63951
78 15.4759 2.24749
78 20.3479 10.1363
78 15.697 0.473124
78 16.6483 -1.52364
78 7.22886 -6.31077
78 19.277 7.65902
78 20.7318 11.9636
78 5.23232 -4.05166
78 3.78892 -2.41901
78 1.8467 -1.24176
78 16.3998 -6.15639
78 16.9044 5.12297
78 1.5994 -1.21746

79 0 -1.5
79 4.9053 0.260756
79 5.33392 3.84972
79 3.82853 -1.05115
79 2.40962 -1.98474
79 5.5776 2.06323
79 1.78085 -1.57225

80 0 -1.5
80 19.6212 12.527
80 13.5653 -6.19256
80 17.4411 15.9715
80 11.6892 -4.36244
80 15.2609 -7.31789
80 20.7318 13.4861
80 19.277 10.3001
80 10.174 -3.09442
80 19.978 14.7255
80 5.33392 -0.447234
80 3.57911 -0.904217
80 8.38769 -1.51229
80 1.57645 -1.25874
80 1.55636 -1.23417

81 0 -1.5
81 17.1686 5.20302
81 15.697 10.4517
81 19.6212 12.8066
81 18.0129 5.91299
81 15.9245 13.3958
81 17.1686 7.06595
81 19.6212 10.6775
81 15.0519 13.9816
81 13.7348 5.89362
81 13.5653 12.9724
81 12.4862 4.04404
81 13.7348 13.1948
81 19.978 3.75527
81 19.277 5.65183
81 10.8791 1.73493
81 15.2609 13.49
81 8.86119 -0.247662
81 6.86742 -1.26829
81 4.48485 -1.60002
81 1.9978 -1.32365
81 15.697 12.8432
81 1.70091 -1.46438

82 0 -1.5
82 19.6212 -13.5808
82 10.6678 5.53634
82 17.4411 -14.901
82 14.087 -3.29643
82 15.4759 -4.89359
82 12.6297 -1.01744
82 16.3998 -6.83943
82 10.5653 2.46074
82 11.3277 4.26477
82 8.65187 8.15047
82 17.7224 -9.56654
82 6.3883 -5.17786
82 17.1686 -16.9639
82 6.6192 -6.3807
82 5.97167 -3.79294
82 17.1686 -16.7757
82 4.9273 -2.18451
82 3.05219 -1.30635
82 1.8436 -1.70443

83 0 -1.5
83 11.4457 6.19093
83 12.6297 1.80647
83 12.2087 0.662374
83 12.6297 3.28764
83 9.98898 8.76413
83 9.31176 8.30263
83 8.58428 -2.78968
83 6.31487 -3.22881
83 9.98898 8.07439
83 4.06958 -3.0264
83 10.6678 -1.21016

84 0 -1.5
84 6.03729 4.62206
84 5.66385 2.6228
84 4.9053 0.65861
84 3.71212 -0.632673
84 1.93448 -1.63155

85 0 -1.5
85 5.97167 3.41332
85 5.54943 0.909319
85 4.13078 -1.08434
85 2.7959 -1.72986
85 1.86235 -1.68094

86 0 -1.5
86 4.22611 -1.63741
86 10.8791 -3.27312
86 7.73794 5.66961
86 9.08089 5.5289
86 19.978 -1.17147
86 17.1686 -3.1331
86 15.2609 -3.72167
86 13.5653 -3.62038
86 12.3459 -2.889
86 18.9446 -2.60589
86 12.2087 -4.12813
86 7.63047 -1.7103
86 11.4457 8.58702
86 5.72285 -1.65907
86 3.00215 -1.66334
86 5.28263 -1.68199
86 1.59014 -1.43176
86 1.59245 -1.21217

87 0 -1.5
87 9.98898 3.16954
87 14.27 2.35389
87 16.1586 1.16004
87 18.0129 0.286272
87 12.4862 3.08606
87 6.17296 1.36331
87 7.47474 2.57658
87 3.7247 -0.720548
87 2.23786 -1.74515
87 5.08698 0.404226
87 2.11712 -1.98747

88 0 -1.5
88 5.41275 -4.35155
88 18.3131 9.46391
88 17.7224 9.83848
88 19.978 7.60908
88 17.7224 -0.864388
88 17.1686 -2.56858
88 14.087 -5.22642
88 12.4862 -5.97368
88 10.5653 -6.37477
88 15.4759 -3.8589
88 7.32525 -5.64824
88 3.92424 -2.78068
88 2.32302 -1.70972
88 16.1586 12.2468
88 20.3479 4.60539
88 1.61113 -1.37119

89 0 -1.5
89 13.9087 9.61166
89 12.7766 9.94961
89 8.19991 4.05782
89 7.18162 2.05836
89 5.97167 0.533433
89 4.59744 -0.939769
89 2.59148 -1.69144
89 2.10496 -1.89068

90 0 -1.5
90 15.4759 -0.483422
90 20.3479 -15.8457
90 7.47474 -4.17414
90 13.5653 -9.47841
90 15.2609 -12.1184
90 12.6297 -3.74445
90 13.7348 0.293552
90 12.4862 1.00588
90 12.3459 -8.40991
90 9.23351 2.7173
90 7.22886 3.7516
90 5.49394 4.77812
90 7.22886 6.43754
90 10.6678 1.78309
90 3.82853 -2.23029
90 12.2087 -3.39216
90 5.72285 5.39119
90 1.20217 -0.805732
90 1.55636 -1.096

91 0 -1.5
91 2.89918 -1.32348
91 14.087 2.75603
91 15.0519 4.57805
91 10.7724 9.82934
91 12.6297 9.22616
91 13.2384 1.11
91 11.4457 10.0673
91 12.4862 -0.184753
91 10.4646 -1.25593
91 9.00645 -1.50539
91 6.5404 -1.60217
91 13.9087 7.81281
91 1.46115 -1.20832
91 4.61675 -1.70274
91 1.62063 -1.47697

92 0 -1.5
92 6.31487 2.12832
92 5.25736 0.486912
92 6.5404 4.05381
92 4.02486 -0.685975
92 2.52595 -1.47979
92 1.66989 -1.58044

93 0 -1.5
93 17.7224 12.9075
93 19.978 13.762
93 7.63047 6.59446
93 8.86119 6.89082
93 20.3479 13.9946
93 20.7318 17.3035
93 7.13498 4.60221
93 6.5017 3.13193
93 5.4666 1.17136
93 4.03966 -0.449405
93 2.49158 -1.45965
93 1.91426 -1.55785

94 0 -1.5
94 20.7318 7.16909
94 3.37051 -1.81201
94 19.277 5.98989
94 10.9879 -3.70327
94 17.1686 4.65731
94 6.95435 -2.70971
94 14.27 -9.89259
94 13.7348 3.12369
94 13.7348 -6.23986
94 11.9433 3.27914
94 13.7348 -11.8851
94 5.23232 -2.19357
94 20.3479 6.34496
94 9.15656 4.06958
94 7.04351 4.5432
94 14.087 -7.48065
94 5.25736 4.88929
94 12.6297 -4.78266
94 1.8436 -1.42356
94 1.5697 -1.18109

95 0 -1.5
95 20.7318 19.0759
95 20.3479 1.5946
95 19.6212 13.3658
95 17.1686 -5.63582
95 17.1686 -3.62236
95 18.0129 -0.621901
95 19.277 0.665543
95 17.1686 -1.81588
95 12.4862 11.7079
95 14.4577 12.986
95 5.93939 -5.51707
95 17.1686 15.4209
95 4.8835 -3.55675
95 3.23173 -1.9393
95 1.78956 -1.34848
95 15.2609 13.6071

96 0 -1.5
96 6.91061 1.7383
96 6.24311 0.249759
96 6.5404 5.30114
96 7.27674 3.68074
96 5.08698 -0.978506
96 3.01865 -1.25891
96 1.54759 -1.38666

97 0 -1.5
97 20.3479 17.0277
97 20.7318 17.758
97 20.7318 18.4851
97 12.4862 2.19651
97 6.95435 2.43531
97 19.6212 0.677427
97 10.269 2.85321
97 13.9087 1.66927
97 5.52154 1.2376
97 3.81523 0.0271807
97 1.98696 -1.15096
97 17.1686 0.912645
97 1.76938 -1.60672

98 0 -1.5
98 19.978 2.59475
98 19.277 9.94089
98 18.9446 3.20805
98 14.8485 13.1417
98 13.2384 11.8473
98 13.9087 -1.04425
98 4.8835 -2.10086
98 9.98898 9.43198
98 17.4411 2.03587
98 12.2087 -3.44568
98 18.9446 11.5137
98 13.7348 12.3367
98 9.63849 -3.10058
98 7.22886 -2.8959
98 15.697 12.5163
98 3.09518 -1.64024
98 15.9245 0.235627
98 1.47093 -1.09388

99 0 -1.5
99 14.8485 -14.167
99 17.4411 -16.2965
99 10.4646 -4.39862
99 19.6212 -2.44089
99 19.6212 -15.7099
99 16.6483 -15.793
99 18.6235 -0.847103
99 9.89898 -6.41759
99 15.697 2.41723
99 17.7224 0.456474
99 9.89898 -8.91302
99 11.2121 -11.1153
99 13.2384 5.52099
99 12.7766 6.98083
99 10.3659 -3.06192
99 9.8106 -1.77959
99 4.02486 -0.831551
99 8.38769 -0.38152
99 11.2121 9.53007
99 1.59014 -1.3847
99 6.24311 0.0923765

100 0 -1.5
100 16.9044 -2.4179
100 14.27 -9.92387
100 15.2609 -7.1339
100 6.3883 5.58396
100 15.4759 3.9946
100 15.2609 -3.57113
100 13.3998 5.22115
100 16.3998 0.745957
100 7.79282 5.56462
100 10.7724 5.35448
100 14.8485 2.40049
100 8.72053 -8.54013
100 1.78665 -1.62827
100 2.40962 -2.31487

101 0 -1.5
101 6.57957 5.08769
101 6.57957 3.03242
101 5.97167 1.41049
101 4.54044 -0.37075
101 1.83437 -1.59738
101 1.74134 -1.60989

102 0 -1.5
102 5.18296 0.252793
102 6.82477 3.75133
102 3.49932 -0.757491
102 1.52609 -1.32893

103 0 -1.5
103 19.978 -0.448881
103 10.5653 6.57163
103 7.22886 6.54847
103 19.6212 -1.15055
103 9.98898 -0.782805
103 19.6212 1.02152
103 15.2609 -2.51735
103 14.8485 -2.69344
103 18.3131 -2.01723
103 8.02035 -0.90983
103 5.25736 -1.18991
103 3.62636 -1.17848
103 6.5017 -1.04398
103 1.64489 -1.20161

104 0 -1.5
104 19.978 4.67493
104 19.6212 1.64518
104 17.1686 2.28632
104 15.2609 3.35368
104 13.7348 4.04198
104 7.32525 1.86669
104 8.65187 3.18148
104 10.7724 3.79596
104 6.46346 0.860731
104 5.20752 -0.316775
104 3.81523 -1.43222
104 2.19757 -1.88716
104 1.94132 -1.67562

105 0 -1.5
105 19.6212 8.44096
105 16.1586 -4.08228
105 20.3479 7.97302
105 19.978 13.3898
105 18.6235 13.074
105 17.1686 -2.7003
105 18.0129 -1.11547
105 15.2609 -5.61178
105 13.0808 -6.08609
105 11.2121 -6.48241
105 8.02035 -6.71164
105 6.17296 -4.38087
105 4.61675 -2.71983
105 3.04373 -1.60965
105 1.563 -1.10752

106 0 -1.5
106 13.9087 9.16957
106 9.08089 3.65774
106 4.75666 -0.550023
106 3.15743 -1.72169
106 10.5653 7.49802
106 6.24311 0.701377
106 7.63047 2.17864

107 0 -1.5
107 8.32415 -3.40767
107 5.97167 -2.81771
107 12.6297 2.77546
107 10.6678 3.05756
107 13.9087 -8.77321
107 9.63849 3.57597
107 7.63047 3.87639
107 12.7766 -7.65301
107 5.97167 4.42128
107 14.087 2.66339
107 5.08698 4.64721
107 3.69962 -2.16736
107 5.35994 4.70271
107 2.04616 -1.68088
107 1.66736 -1.5488

108 0 -1.5
108 9.8106 4.91941
108 9.8106 6.5861
108 9.31176 3.25063
108 8.51773 1.59175
108 7.37441 0.238438
108 5.5776 -0.834462
108 9.15656 8.25458
108 4.27544 -1.14574
108 1.77224 -1.31601
108 1.57645 -1.41943

109 0 -1.5
109 6.24311 4.92332
109 5.23232 0.880297
109 5.97167 2.86352
109 4.05457 -0.802136
109 2.46365 -1.95094
109 2.07318 -1.92804

110 0 -1.5
110 15.9245 7.19971
110 18.3131 7.1155
110 8.65187 8.04616
110 10.0806 0.49167
110 9.00645 1.09079
110 18.6235 -0.704218
110 19.978 -1.49992
110 8.02035 1.99987
110 10.6678 7.48897
110 17.1686 2.73794
110 17.7224 7.66294
110 16.3998 -0.332535
110 13.7348 -0.0225809
110 16.9044 4.28922
110 15.2609 7.58552
110 12.3459 0.317993
110 5.25736 0.746215
110 20.3479 10.4039
110 3.93831 0.239568
110 13.7348 7.50439
110 6.82477 0.826564
110 2.48033 -0.439045
110 2.109 -0.877232

111 0 -1.5
111 13.5653 9.3446
111 19.6212 11.9894
111 18.0129 10.7105
111 12.4862 -6.76743
111 12.4862 7.94438
111 9.15656 5.44451
111 12.6297 -11.9393
111 12.3459 -4.82403
111 8.51773 -1.75979
111 9.63849 -2.28714
111 6.27878 -1.62755
111 4.02486 -1.66531
111 12.6297 -9.07389
111 2.14607 -1.53244
111 6.65932 5.43402
111 11.2121 -3.50849
111 1.7331 -1.63836

112 0 -1.5
112 17.7224 8.82841
112 20.7318 9.50955
112 6.86742 -5.7619
112 17.4411 7.90452
112 15.4759 1.60293
112 19.6212 16.269
112 15.2609 4.77545
112 15.0519 3.40673
112 15.4759 -0.364687
112 15.697 -4.91189
112 15.4759 6.14879
112 4.77734 -3.69411
112 3.2605 -2.18885
112 20.3479 8.12913
112 1.44959 -1.21623
112 1.6573 -1.32693

113 0 -1.5
113 5.72285 1.85979
113 4.8835 0.0776114
113 3.76297 -1.18576
113 2.27964 -2.04259
113 5.52154 3.65228
113 1.79248 -1.47052

114 0 -1.5
114 16.9044 -9.69937
114 19.6212 -9.55925
114 20.7318 11.7818
114 20.3479 9.60107
114 10.7724 -5.29545
114 20.7318 13.7815
114 14.4577 -8.8026
114 9.4723 -3.93998
114 12.6297 -7.39893
114 8.02035 -2.26359
114 4.94949 -0.892387
114 3.13939 -1.17507
114 1.44198 -1.33154

115 0 -1.5
115 19.978 10.4119
115 19.277 6.20117
115 15.2609 12.9882
115 15.4759 12.9846
115 12.4862 4.07141
115 9.15656 -0.205737
115 16.3998 12.861
115 19.978 4.30269
115 17.4411 2.95344
115 16.9044 7.5316
115 15.2609 13.1722
115 19.6212 5.19361
115 13.5653 6.28177
115 12.4862 11.4615
115 10.6678 1.98186
115 13.7348 12.6378
115 14.27 13.3648
115 18.6235 7.2361
115 6.86742 -1.08765
115 4.46662 -1.48581
115 2.00143 -1.27561
115 1.64489 -1.4486

116 0 -1.5
116 16.3998 -7.63033
116 18.9446 -16.5178
116 13.3998 -1.69632
116 11.5662 3.5559
116 10.5653 6.22423
116 20.7318 -9.2596
116 9.23351 7.5548
116 6.86742 -6.80062
116 6.5404 -5.52336
116 15.0519 -4.2151
116 5.33392 -2.54602
116 15.2609 -12.085
116 17.7224 -10.3824
116 11.4457 5.02425
116 3.43371 -1.5562
116 11.3277 1.93063
116 6.24311 -4.16378
116 2.19757 -1.90161

117 0 -1.5
117 11.3277 -1.2726
117 12.4862 5.75471
117 2.38867 -2.29998
117 11.0989 8.22949
117 12.4862 0.636371
117 12.4862 4.30406
117 12.6297 2.26328
117 10.9879 7.72568
117 10.5653 8.27388
117 9.55467 8.42497
117 8.65187 -2.72631
117 6.57957 -3.2055
117 4.36027 -3.0084

118 0 -1.5
118 6.27878 3.8779
118 5.54943 1.84601
118 4.59744 0.0125974
118 3.3096 -1.14809
118 1.99417 -1.75839

119 0 -1.5
119 6.5404 4.74916
119 5.30815 1.99847
119 4.37764 -0.32387
119 2.43095 -1.86909
119 2.109 -1.78798

120 0 -1.5
120 17.1686 14.2542
120 19.6212 -2.13981
120 8.45221 6.32266
120 9.63849 -4.31546
120 6.82477 5.49422
120 15.4759 -2.80724
120 9.23351 8.35431
120 1.76088 -1.59707
120 15.0519 -3.53871
120 13.7348 12.3969
120 6.91061 5.21491
120 7.27674 -2.30096
120 11.3277 10.6712
120 8.58428 -3.52356
120 19.6212 -2.35487
120 13.0808 -4.06457
120 5.13452 -1.8318
120 3.33978 -1.76987
120 2.60995 -1.79789
120 1.9978 -1.70246

121 0 -1.5
121 19.6212 -8.84957
121 13.9087 -6.92863
121 12.4862 -5.35784
121 9.89898 -1.91497
121 7.73794 -0.784501
121 5.01729 -0.206218
121 3.28978 -0.74819
121 1.88795 -1.15983
121 11.3277 -3.39567
121 1.72494 -1.36218

122 0 -1.5
122 15.697 14.5808
122 11.5662 9.76763
122 15.0519 12.3814
122 11.4457 8.24831
122 10.8791 4.29857
122 9.15656 0.797859
122 11.4457 6.27875
122 7.63047 -0.581249
122 4.39515 -1.69808
122 2.23331 -1.59719
122 15.0519 11.606
122 10.5653 2.40284
122 1.60173 -1.1455

123 0 -1.5
123 18.9446 -2.5436
123 15.2609 -8.65602
123 19.978 -14.3751
123 18.6235 -3.29656
123 11.8149 7.54316
123 15.2609 -8.00368
123 10.9879 -5.04006
123 12.3459 4.37748
123 18.0129 -11.1251
123 9.39135 -3.62839
123 19.277 5.25039
123 19.6212 -2.4839
123 14.4577 1.52916
123 16.3998 -0.00898743
123 13.2384 -6.31903
123 15.2609 3.50422
123 11.9433 6.06739
123 17.7224 -0.883812
123 19.6212 -2.1183
123 8.45221 -0.866181
123 15.2609 -3.47077
123 19.6212 -6.26889
123 5.4666 -1.35111
123 3.44447 -1.59506
123 1.96212 -1.72583
123 11.9433 2.78171
123 1.98696 -1.65403

124 0 -1.5
124 20.7318 -2.51088
124 17.1686 8.98532
124 15.4759 -4.09637
124 19.6212 7.66676
124 15.4759 8.57439
124 15.9245 -5.33215
124 17.4411 -4.13864
124 19.277 8.39852
124 7.63047 5.56578
124 5.72285 5.39747
124 5.41275 5.14652
124 9.08089 5.81754
124 12.2087 2.91043
124 20.7318 5.82843
124 19.6212 -4.05381
124 8.58428 -2.14989
124 2.05765 -1.58433
124 4.71583 -1.60489
124 6.82477 -1.9486

125 0 -1.5
125 8.58428 7.59754
125 8.45221 5.19245
125 7.37441 1.94388
125 8.07932 3.47569
125 6.13848 0.433957
125 4.7982 -0.686302
125 2.80303 -1.43627
125 1.64243 -1.42844
125 1.37006 -1.18104

126 0 -1.5
126 6.24311 4.40328
126 5.01729 0.728638
126 5.97167 2.58862
126 3.59081 -0.895365
126 2.23786 -1.93647
126 2.28914 -2.09626

127 0 -1.5
127 4.55928 -1.68154
127 17.1686 -16.0607
127 19.6212 -0.655922
127 17.1686 -13.9908
127 19.277 -18.3288
127 16.1586 -8.12027
127 17.1686 -11.3563
127 19.978 -15.5357
127 15.0519 -6.93719
127 14.8485 1.40775
127 16.9044 0.49099
127 12.6297 2.34634
127 12.4862 -5.38521
127 17.1686 -10.0015
127 7.57784 -2.70348
127 15.2609 -3.60458
127 19.277 -8.20836
127 8.58428 4.71847
127 7.13498 5.71268
127 10.5653 3.57242
127 1.56746 -1.25671
127 3.01865 -1.2159
127 1.61113 -1.27054

128 0 -1.5
128 16.6483 10.5925
128 20.7318 -9.53227
128 12.9269 12.1494
128 13.3998 12.9023
128 2.54939 -1.56337
128 6.46346 -4.16906
128 7.63047 -6.48574
128 5.33392 -3.03125
128 9.08089 7.6489
128 3.95247 -2.02091
128 1.94132 -1.7054

129 0 -1.5
129 9.8106 -1.15593
129 10.5653 3.88508
129 10.6678 0.263079
129 8.51773 7.87473
129 13.2384 -0.950394
129 8.7903 8.36758
129 6.31487 -2.19061
129 9.15656 5.82588
129 8.65187 -2.47027
129 3.73737 -2.0584
129 7.68383 7.31432
129 1.95862 -1.81506

130 0 -1.5
130 4.81924 4.29698
130 3.47718 -0.104806
130 4.4128 2.1934
130 2.24701 -1.49862
130 1.91426 -1.68373

131 0 -1.5
131 17.7224 15.8989
131 19.978 4.34648
131 20.3479 -10.9615
131 15.2609 -11.3657
131 19.6212 -12.1614
131 17.4411 14.6334
131 12.6297 -11.2472
131 19.277 8.41964
131 8.86119 -8.53219
131 7.37441 -6.33276
131 6.31487 -4.91762
131 4.99449 -3.07374
131 20.3479 15.4888
131 2.24701 -1.38533
131 3.59081 -1.83599
131 19.6212 10.3335
131 1.59707 -1.45901

132 0 -1.5
132 16.3998 6.30019
132 10.6678 6.69389
132 17.7224 8.73129
132 20.7318 13.8269
132 13.9087 7.49267
132 19.6212 14.0109
132 16.9044 6.62374
132 17.4411 4.42538
132 9.63849 4.47393
132 8.07932 2.10312
132 19.6212 2.72046
132 6.0043 0.0361953
132 15.2609 7.18408
132 4.03966 -1.02057
132 1.61824 -1.39321
132 1.5114 -1.22337

133 0 -1.5
133 15.2609 -7.26771
133 17.1686 -11.8832
133 13.3998 -3.7231
133 17.1686 -16.3806
133 11.8149 -1.31439
133 9.8106 5.2635
133 9.72378 2.21146
133 8.45221 7.74931
133 10.0806 3.64057
133 7.04351 -6.68164
133 11.3277 6.6734
133 8.51773 -3.08547
133 4.9053 -3.89521
133 3.91028 -2.29077
133 5.38621 -5.28659
133 15.2609 -5.72886
133 2.01612 -1.34905
133 17.1686 -10.6413
133 9.8106 -4.3065
133 1.78956 -1.69565

134 0 -1.5
134 11.8149 -3.19208
134 12.7766 6.28065
134 14.087 -0.00771997
134 13.9087 2.0199
134 10.7724 8.80213
134 9.55467 8.85434
134 4.9053 -3.76617
134 13.7348 4.02693
134 8.45221 7.61961
134 9.23351 -4.54907
134 7.13498 6.48688
134 13.5653 -1.58345
134 7.18162 -4.41976
134 2.9697 -2.67065
134 2.14607 -2.05933

135 0 -1.5
135 7.22886 4.57561
135 5.72285 0.793468
135 3.46621 -0.970671
135 6.95435 2.946
135 1.66231 -1.53682

136 0 -1.5
136 6.82477 5.23989
136 6.35137 3.44239
136 5.11064 1.19591
136 3.66262 -0.311115
136 2.01983 -1.54635
136 1.81618 -1.66116

137 0 -1.5
137 3.48821 2.13909
137 4.01017 3.52284

140 0 -1.5
140 8.19991 -4.94758

141 0 -1.5
141 12.4862 1.44381

142 0 -1.5
142 11.0989 8.13217
142 20.3479 6.7464
142 8.86119 8.13399
142 15.2609 8.12077
142 19.6212 7.96784
142 12.4862 7.88964
142 20.3479 10.2255
142 13.7348 8.00117
142 13.7348 11.1625
142 17.1686 8.11972
142 10.0806 -3.19862

143 0 -1.5
143 19.978 6.40477
143 8.72053 7.98576
143 19.6212 7.86031
143 12.4862 7.84858
143 10.7724 7.85757
143 13.7348 11.1324
143 17.1686 8.00682
143 9.8106 -3.29574

144 0 -1.5
144 19.978 6.40477
144 19.6212 7.86031
144 20.3479 6.54568
144 12.4862 7.84858
144 13.7348 11.1474
144 14.087 10.5841
144 10.7724 7.85757
144 17.1686 8.00682
144 9.8106 -3.29574
144 8.72053 7.98576

145 0 -1.5
145 20.3479 6.54568
145 19.6212 7.86031
145 12.4862 7.84858
145 13.7348 11.1324
145 10.7724 7.86938
145 17.4411 8.15302
145 9.8106 -3.29574
145 8.72053 7.98576

146 0 -1.5
146 20.3479 6.54568
146 19.6212 7.86031
146 12.4862 7.84858
146 13.7348 11.1324
146 14.27 10.7372
146 10.7724 7.85757
146 17.4411 8.15302
146 9.8106 -3.29574
146 8.65187 7.92288

147 0 -1.5
147 20.3479 6.54568
147 19.6212 7.86031
147 12.4862 7.84858
147 14.27 10.7372
147 13.7348 11.1173
147 10.7724 7.86938
147 14.27 7.73421
147 13.7348 7.94096
147 17.1686 8.02563
147 9.8106 -3.29574
147 8.72053 7.9762

148 0 -1.5
148 19.978 6.40477
148 19.6212 7.86031
148 17.1686 8.04445
148 12.4862 7.84858
148 13.7348 11.1324
148 10.8791 7.94729
148 9.8106 -3.29574
148 8.72053 7.98576

149 0 -1.5
149 19.978 8.00322
149 17.4411 8.15302
149 19.978 6.40477
149 12.4862 7.84858
149 13.7348 11.1324
149 10.8791 7.94729
149 9.8106 -3.29574
149 8.72053 7.99532

150 0 -1.5
150 19.978 6.40477
150 20.3479 6.54568
150 19.6212 7.86031
150 17.1686 8.02563
150 12.4862 7.83489
150 13.7348 11.1324
150 10.7724 7.85757
150 9.8106 -3.29574
150 8.72053 7.98576

151 0 -1.5
151 19.978 6.40477
151 19.6212 7.86031
151 17.1686 8.02563
151 12.4862 7.84858
151 10.8791 7.93537
151 13.7348 11.1474
151 9.8106 -3.29574
151 8.65187 7.93236

152 0 -1.5
152 19.978 6.38287
152 19.978 6.42667
152 19.6212 7.86031
152 17.1686 8.02563
152 12.4862 7.84858
152 13.7348 11.1324
152 10.7724 7.85757
152 9.8106 -3.29574
152 8.7903 8.04001

153 0 -1.5
153 20.3479 6.52338
153 19.6212 7.86031
153 17.1686 8.02563
153 12.4862 7.84858
153 13.7348 11.1324
153 10.7724 7.85757
153 9.8106 -3.29574
153 8.65187 7.92288

154 0 -1.5
154 19.978 6.42667
154 19.6212 7.86031
154 17.1686 7.988
154 12.4862 7.84858
154 14.087 10.5841
154 10.7724 7.85757
154 13.7348 11.1474
154 9.8106 -3.29574
154 8.72053 7.98576

155 0 -1.5
155 19.978 6.42667
155 19.6212 7.86031
155 17.1686 8.02563
155 12.4862 7.84858
155 13.7348 11.1324
155 10.7724 7.85757
155 9.8106 -3.29574
155 8.7903 8.04001

156 0 -1.5
156 15.2609 7.9535
156 19.978 6.42667
156 19.6212 7.86031
156 17.4411 8.15302
156 12.4862 7.84858
156 13.7348 11.1324
156 10.7724 7.85757
156 9.8106 -3.29574
156 8.72053 7.98576

157 0 -1.5
157 19.978 6.40477
157 19.6212 7.86031
157 17.4411 8.13391
157 12.4862 7.84858
157 13.7348 11.1324
157 10.8791 7.94729
157 9.8106 -3.29574
157 8.7903 8.04965

158 0 -1.5
158 19.6212 7.8388
158 17.4411 8.15302
158 12.4862 7.84858
158 9.8106 -3.29574
158 10.8791 7.94729
158 8.72053 7.99532

159 0 -1.5
159 19.6212 7.86031
159 17.1686 8.02563
159 12.4862 7.84858
159 8.7903 8.04965
159 13.7348 11.1324
159 10.7724 7.85757
159 9.8106 -3.29574

160 0 -1.5
160 19.6212 7.86031
160 17.1686 8.02563
160 12.4862 7.84858
160 10.7724 7.86938
160 9.8106 -3.29574
160 13.7348 11.1324
160 8.72053 7.98576

161 0 -1.5
161 19.978 6.40477
161 19.6212 7.86031
161 17.1686 8.02563
161 12.4862 7.86226
161 10.7724 7.86938
161 9.8106 -3.29574
161 8.72053 7.98576

162 0 -1.5
162 20.3479 6.54568
162 19.6212 7.8388
162 17.4411 8.15302
162 12.4862 7.83489
162 8.72053 7.98576
162 13.7348 11.1324
162 10.7724 7.85757
162 9.8106 -3.29574

163 0 -1.5
163 19.978 6.42667
163 8.7903 8.04965
163 19.6212 7.8388
163 17.1686 8.02563
163 12.4862 7.84858
163 13.7348 11.1474
163 10.8791 7.94729
163 9.8106 -3.29574

164 0 -1.5
164 8.72053 7.98576
164 19.6212 7.86031
164 17.1686 8.02563
164 12.4862 7.84858
164 13.7348 11.1324
164 10.8791 7.93537
164 9.8106 -3.29574

165 0 -1.5
165 19.6212 7.86031
165 17.1686 8.02563
165 20.3479 6.52338
165 12.4862 7.84858
165 10.8791 7.93537
165 14.27 10.7215
165 13.7348 11.1324
165 9.8106 -3.29574
165 8.72053 7.98576

166 0 -1.5
166 19.6212 7.86031
166 17.1686 7.988
166 12.4862 7.84858
166 13.7348 11.1324
166 10.8791 7.94729
166 9.8106 -3.29574
166 8.7903 8.04965

167 0 -1.5
167 20.3479 6.52338
167 19.6212 7.86031
167 17.1686 8.02563
167 12.4862 7.84858
167 13.7348 11.1324
167 10.8791 7.94729
167 9.8106 -3.29574
167 8.72053 7.99532

168 0 -1.5
168 19.978 6.42667
168 19.6212 7.86031
168 17.4411 8.11479
168 12.4862 7.84858
168 14.27 10.7215
168 13.7348 11.1324
168 9.8106 -3.29574
168 10.7724 7.85757
168 8.72053 7.98576

169 0 -1.5
169 19.6212 7.86031
169 17.1686 8.00682
169 12.4862 7.84858
169 13.7348 11.1324
169 9.8106 -3.29574
169 10.8791 7.94729
169 8.72053 7.98576
