1 0.003911 1.421860
1 2.082960 -0.665056
2 0.004024 1.423430

3 0.002758 1.424870
3 4.161110 0.331685
3 3.407700 0.628094
3 2.280610 0.696551

4 0.003011 1.424990
4 12.262400 2.601710
4 11.741600 3.718830
4 14.749400 3.857050
4 1.731400 1.658800
4 4.821740 3.350160
4 6.839210 2.136190
4 4.297670 1.995860
4 7.313220 3.607870
4 9.140980 2.348460
4 9.467410 3.748490
5 0.003045 1.424950
5 14.950300 3.909260
5 12.129000 2.572550
5 11.741500 3.706090
5 9.470160 3.758660
5 9.140870 2.348420
5 7.264690 3.583460
5 6.839080 2.128650
5 4.821630 3.350160
5 4.298870 1.990980
5 1.727000 1.655780
6 0.003093 1.424940
6 12.262500 2.601400
6 11.741700 3.731210
6 9.390080 3.715770
6 9.141020 2.338270
6 7.317740 3.615590
6 6.841330 2.135960
6 4.821830 3.355440
6 4.281780 1.987410
6 15.152500 3.962800
6 1.734540 1.664040
7 0.002982 1.424880
7 15.152500 3.962920
7 12.262400 2.601500
7 11.741600 3.705950
7 9.387210 3.715930
7 9.143700 2.338280
7 7.315470 3.615730
7 6.839210 2.136100
7 4.821760 3.350100
7 4.298990 1.990930
7 1.727110 1.657910
8 0.003005 1.424810
8 15.152400 3.979170
8 12.262300 2.588220
8 11.741500 3.718590
8 9.389930 3.715800
8 9.140900 2.348260
8 7.315370 3.607650
8 6.884230 2.149880
8 4.821680 3.350040
8 4.298920 1.995720
8 1.730720 1.660910
9 0.002963 1.424800
9 14.945900 3.909240
9 12.265900 2.588170
9 11.741400 3.718640
9 9.467260 3.748330
9 9.140810 2.348300
9 7.317490 3.615640
9 6.839040 2.136070
9 4.821590 3.355460
9 4.298820 1.995740
9 1.734320 1.661860
10 0.002953 1.424660
10 14.945900 3.909370
10 12.398500 2.631340
10 11.741500 3.718730
10 9.470120 3.748310
10 9.217000 2.358520
10 7.317520 3.615690
10 6.841150 2.136050
10 4.821610 3.350080
10 4.297540 1.995790
10 1.727580 1.655660
11 0.002919 1.424770
11 14.946000 3.925300
11 12.398600 2.631150
11 11.741500 3.718540
11 9.467350 3.748240
11 9.140890 2.348210
11 7.317580 3.615560
11 6.839120 2.135990
11 4.821670 3.349990
11 4.281630 1.982520
11 1.731300 1.658690
12 0.002940 1.424820
12 12.398700 2.631070
12 11.741600 3.705800
12 9.305540 3.684020
12 9.219900 2.368290
12 7.317670 3.615540
12 6.839180 2.128450
12 4.821750 3.350000
12 15.148000 3.979140
12 4.297640 1.995720
12 1.727680 1.655660
13 0.002922 1.424800
13 11.741600 3.731310
13 12.262400 2.601500
13 9.387190 3.726110
13 9.140940 2.338320
13 7.313190 3.599680
13 6.839190 2.136030
13 4.821720 3.350010
13 14.749300 3.856830
13 4.298970 1.990830
13 1.731970 1.660820
14 0.002892 1.424770
14 12.262300 2.601590
14 11.741500 3.706030
14 9.467330 3.748360
14 9.140900 2.348330
14 7.317560 3.615650
14 6.841190 2.128480
14 4.821650 3.350020
14 14.945900 3.909360
14 4.298910 1.990840
14 1.731320 1.660820
15 1.488510 1.504670
15 15.318600 3.983040
15 14.097000 2.691570
15 12.198100 2.578810
15 12.016900 3.790890
15 9.486470 3.747410
15 9.089550 2.326610
15 7.432730 3.651210
15 6.870430 2.140250
15 4.876820 3.368380
15 4.295030 1.984030
16 5.360070 1.858860
16 22.486400 3.367220
16 12.037900 3.770690
16 14.419000 2.747410
16 23.528200 13.470300
16 7.393990 3.520490
16 15.015900 3.873880
16 20.298400 3.204020
16 12.318500 2.589070
16 19.960000 3.145390
16 6.857840 2.133530
16 17.591500 3.058270
16 9.105200 2.317580
16 9.537370 3.748360
16 20.763100 3.288680
16 22.121300 3.309430
16 17.944100 4.145660
16 25.051700 3.544100
17 33.680600 -0.489922
17 40.356200 1.720440
17 38.009000 -0.099593
17 35.461400 -0.933118
18 42.004600 3.511660
18 57.322600 16.563900
18 66.081000 5.365600
18 65.329100 5.219030
18 61.368300 1.559970
18 64.820300 5.145580
18 55.311100 17.663200
18 52.860300 17.097100
18 50.474400 15.840400
18 57.374300 6.998510
18 48.285400 16.297100
18 45.674300 16.153600
18 52.012200 9.284500
18 55.690200 8.624360
18 66.083700 6.223600
18 49.248500 8.790890
18 63.297700 5.441380
18 46.497200 7.772920
18 55.034500 8.286910
18 65.112400 6.037280
18 44.126800 6.185910
18 42.299000 4.145140
19 65.579800 11.330600
19 57.399700 16.963100
19 62.002100 13.731300
19 64.043600 12.687400
19 60.283000 15.162400
20 33.748400 22.348600
20 28.938300 19.692600
20 30.589600 21.576200
20 32.515000 22.477900
21 -1.906530 7.175620
21 -9.365750 5.807060
21 -9.455760 4.827170
21 -8.567560 7.627920
21 -4.588000 8.210680
21 -6.959990 8.553760
21 -2.012070 7.122000
22 -5.027340 1.662840
22 6.465320 2.137320
22 8.720450 2.272420
22 9.182540 3.727580
22 3.969700 2.056640
22 7.521840 3.752410
22 1.677830 4.337410
22 4.745790 3.551470
22 -1.421630 1.644420
22 1.419760 1.839680
22 -3.925370 1.635350
23 37.233400 -0.560625
23 49.973300 14.371300
23 44.248300 5.821820
23 43.666500 5.232890
23 49.391900 8.297460
23 42.389600 3.790420
23 52.812800 9.245260
23 46.307400 6.989210
23 40.557100 1.298820
23 38.094200 -0.575096
24 63.349400 4.601130
24 65.906800 5.529810
24 64.646800 4.493100
24 67.056000 6.912650
24 67.096900 8.029950
25 66.009800 10.521400
25 53.248000 16.873200
25 57.827800 16.299700
25 56.091700 16.894600
25 62.311400 13.104800
25 64.327500 12.061200
25 60.622600 14.550800
26 56.401800 16.738300
26 39.151000 19.962700
26 41.877600 18.898100
26 38.540200 20.017600
26 37.081200 21.076600
26 43.964700 17.925500
26 46.203300 16.448400
26 46.271600 16.454100
26 48.703400 15.977100
26 50.950800 15.725700
26 53.309600 16.908600
26 55.792100 17.241200
27 42.531900 19.036500
27 29.362200 14.970100
27 28.881900 16.833300
27 37.835700 20.989100
27 29.408400 19.314800
27 31.064300 21.194100
27 32.875500 22.082200
27 29.711100 15.070500
27 35.648100 22.132300
27 39.469400 19.952700
27 42.343400 18.905700
27 43.919600 17.928600
28 29.816600 23.873500
28 15.033800 7.323460
28 24.319000 14.976200
28 18.416500 1.127490
28 25.382300 18.855400
28 19.236900 2.465370
28 18.130900 7.706930
28 22.330300 11.064900
28 22.931900 12.172900
28 15.352000 7.614470
28 21.417400 2.200980
28 24.849400 16.555500
28 16.182600 6.988970
28 16.077200 6.912260
28 25.817000 20.988300
28 23.609900 13.363500
28 26.882800 22.770000
28 28.188600 24.427800
29 -4.621590 8.265020
29 -8.434390 7.748460
29 -9.165350 5.955460
29 -6.722400 8.632490
29 -4.224620 8.277330
30 -1.948310 1.621330
30 12.476800 2.417870
30 12.286300 2.397740
30 12.647000 3.781110
30 9.349100 2.263780
30 9.448140 3.642600
30 6.974970 2.134640
30 7.527240 3.655740
30 4.938680 3.491360
30 4.258670 2.044380
30 1.790630 4.188750
30 1.551330 1.826570
30 -1.313870 1.595930
31 11.983200 2.220880
31 27.708200 13.358000
31 31.822300 0.564452
31 25.760900 9.088770
31 26.696400 10.842500
31 24.923300 7.827610
31 29.177000 2.420170
31 23.459200 2.990010
31 26.507400 14.431700
31 23.248600 6.365740
31 20.831700 2.849450
31 17.633300 2.675300
31 18.339200 3.871370
31 26.515700 3.190480
31 15.408600 3.666140
31 26.686000 10.791400
31 14.572100 2.493240
31 21.224100 4.650960
31 12.281200 2.344970
32 29.360800 1.000220
32 49.829400 7.482600
32 35.650200 -1.617420
32 46.632100 6.996910
32 41.592400 3.199850
32 40.477600 0.958551
32 45.009000 1.835100
32 38.186500 -0.840620
32 45.534800 6.475920
32 33.099000 -0.915163
32 43.642800 5.164060
32 30.892800 0.594764
32 29.127900 2.414310
33 41.058900 1.261550
33 48.907600 15.404200
33 60.984300 4.879110
33 53.717900 16.404200
33 51.547900 15.618200
33 48.373800 19.126200
33 48.678100 14.908900
33 52.729000 8.504600
33 47.010300 6.987800
33 49.990000 8.121720
33 44.564000 5.402170
33 63.786000 4.297510
33 42.644500 3.361380
33 40.756600 0.826867
34 55.969700 6.213570
34 65.069400 9.682200
34 66.167600 4.947720
34 67.044000 7.579820
34 66.588600 8.785390
34 63.652000 10.863000
34 61.891100 12.017300
34 66.777500 6.293130
34 62.887400 4.093530
34 57.862400 6.014050
34 60.565300 4.838710
34 55.283600 7.102630
35 66.823600 5.499270
35 67.805500 7.415450
35 67.448300 8.932270
35 66.294500 10.555000
36 64.402300 12.240900
36 43.301500 17.631700
36 51.416300 15.160200
36 53.499500 16.375300
36 58.143900 15.790500
36 60.962200 14.000000
36 62.611200 12.600100
37 53.020200 16.458400
37 33.620500 21.663200
37 38.146400 20.627600
37 42.462400 18.494300
37 35.079000 21.459500
37 44.064500 17.507100
37 39.386700 19.604800
37 46.486100 16.060700
37 48.913900 15.517300
37 51.248100 15.304400
37 35.807500 21.841400
37 53.708800 16.506500
38 37.643400 21.234000
38 29.818800 19.162600
38 31.400200 20.949500
38 33.202300 21.812800
38 35.996600 21.824500
38 38.133800 20.668000
39 0.904825 6.056470
39 -8.342360 7.751660
39 -9.087810 4.990490
39 -7.596950 2.804920
39 -8.533810 3.778530
39 -5.965720 2.399920
39 -9.132010 5.914240
39 -4.271680 8.284730
39 -1.736380 7.160380
39 -5.989420 2.421930
39 -3.229690 2.334900
39 0.414539 5.971280
39 2.189920 4.851100
40 1.202400 1.742800
40 14.615600 2.469990
40 15.729000 3.742320
40 15.754000 3.739000
40 12.505800 2.393150
40 9.541480 3.626640
40 9.188050 2.215480
40 7.464690 3.609340
40 6.844100 2.086380
40 12.452200 3.684230
40 4.886920 3.456150
40 4.177630 2.021470
40 1.535180 1.762090
41 15.767900 2.416090
41 35.819200 -1.777500
41 33.207000 -1.033940
41 31.348700 0.474445
41 29.394700 2.350470
41 26.163300 3.035570
41 28.100700 13.469000
41 24.830600 7.668930
41 27.175400 10.954100
41 23.234400 6.264220
41 23.859300 2.992710
41 21.174300 4.531800
41 20.776800 2.764200
41 18.276400 3.756810
41 27.755600 13.100700
41 17.654200 2.626850
41 25.728700 8.877260
41 14.528600 2.419770
42 44.236600 3.320020
42 64.016700 10.815000
42 62.418200 3.785800
42 60.972500 13.656400
42 63.388900 3.882230
42 65.317400 3.676970
42 58.197600 5.808060
42 58.245900 15.549500
42 55.617800 7.062300
42 46.327700 14.894700
42 55.766400 16.066800
42 53.301700 15.525200
42 67.241500 4.835000
42 50.905900 14.229900
42 58.678600 5.988510
42 52.369500 7.975690
42 62.333600 12.042000
42 48.738900 14.646000
42 49.709400 7.592220
42 46.933300 6.650330
42 44.577500 5.072330
43 62.765100 13.317600
43 42.366700 18.315600
43 44.497800 17.212500
43 55.956300 16.480400
43 47.398200 15.720600
43 51.586500 14.962400
43 53.772000 16.121500
43 58.146200 15.593700
43 60.969000 13.802000
44 35.803600 21.482300
44 29.712400 18.946800
44 31.363300 20.783500
44 33.216500 21.640200
44 36.085500 21.669800
45 16.616400 4.347590
45 0.327841 5.899390
45 -2.726910 2.269660
45 5.347470 3.922950
45 -0.486778 2.208100
45 -0.713209 2.143870
45 4.260260 2.393770
45 -0.865957 7.091540
45 2.074190 4.753080
45 9.994760 4.123660
45 7.290200 2.568480
45 -1.156410 7.081580
45 12.726700 2.874230
45 12.529800 4.080980
45 9.514600 2.687560
45 14.922300 2.960320
45 15.842800 4.170910
45 7.682860 4.021470
45 17.998500 3.196220
45 7.827840 4.048600
45 18.631900 4.356980
46 -4.851200 1.818420
46 12.807500 3.515360
46 10.057100 3.581470
46 9.596660 3.470740
46 7.963660 3.558800
46 5.269560 3.406880
46 2.000360 4.192580
46 6.969190 1.983890
46 1.859200 1.774190
46 -1.028320 1.625480
46 -3.587200 1.628390
46 4.289940 1.909250
47 7.466660 1.901810
47 26.833500 10.525200
47 23.628100 2.726620
47 20.989400 2.580780
47 24.667000 7.320790
47 20.836300 2.556130
47 17.810400 2.452760
47 18.651000 3.640530
47 15.680000 3.498320
47 23.484800 2.686620
47 14.752700 2.281730
47 12.539900 2.184640
47 26.241600 8.944250
47 12.439500 3.449740
47 9.780200 3.451130
47 23.852800 6.177650
47 9.241000 2.016300
47 7.589710 3.398850
47 26.904400 2.872060
47 6.939860 1.854800
48 37.916200 -1.248280
48 48.374300 13.483500
48 51.291400 14.202800
48 53.826700 15.554500
48 53.043100 7.940350
48 49.839100 7.253790
48 42.832900 2.930700
48 53.606000 15.296200
48 40.956100 0.465434
48 47.172600 6.401290
48 53.118000 8.030880
48 38.389200 -1.376770
49 66.033000 10.044300
49 61.233500 13.289400
49 62.894100 11.823900
49 56.195800 16.049100
49 58.491200 15.108600
50 55.453600 15.763500
50 36.318500 21.307100
50 39.464300 19.108900
50 36.423600 15.861000
50 40.041600 19.031100
50 38.206100 20.173200
50 42.615200 17.951400
50 44.285100 16.944700
50 46.791700 15.460500
50 49.224000 14.897300
50 51.573200 14.643300
50 54.030500 15.810200
50 56.443200 16.056000
51 40.067300 19.892800
51 29.956100 16.236300
51 31.862700 20.425300
51 30.113100 18.668600
51 33.488500 21.323400
51 36.310000 21.330200
51 38.463300 20.139100
51 40.140200 19.051400
52 30.057700 18.470000
52 26.406200 0.876972
52 26.644200 3.141850
52 24.088600 3.140930
52 21.249100 4.167060
52 21.049000 2.895230
52 25.266500 7.842570
52 23.369900 5.868570
52 26.484000 9.278900
52 27.756800 11.395800
52 28.869200 14.063200
52 28.812200 16.126100
52 29.494900 2.868950
52 17.830000 3.002400
52 29.827400 18.745300
53 4.658720 4.604740
53 -7.604350 2.582910
53 -9.330190 4.833400
53 -8.551040 3.574280
53 -8.887890 5.804590
53 -8.443980 7.710270
53 -5.747970 2.278900
53 -2.939460 2.233920
53 -1.422670 7.002680
53 -4.172510 8.216610
53 -0.544035 2.160920
53 0.614609 5.820630
53 2.394350 4.651900
53 2.146710 2.247340
53 -7.457600 2.635250
53 5.384070 3.749610
54 4.081800 1.415850
54 19.260600 3.488140
54 21.008500 2.221000
54 18.111200 2.162970
54 15.821800 3.215580
54 15.215300 2.075820
54 12.676300 3.237130
54 9.909940 3.231590
54 9.399120 1.801480
54 23.514800 2.304780
54 7.728030 3.196890
54 12.889900 1.980190
54 21.741200 2.318950
54 7.145920 1.742520
54 5.163070 3.087800
54 4.415830 1.670100
55 19.718400 2.136080
55 38.989800 -1.832170
55 37.111400 18.183100
55 33.627800 -1.770220
55 31.400200 -0.200265
55 27.424200 10.103000
55 26.723900 2.475170
55 29.771200 1.682410
55 26.171800 8.213670
55 23.521700 5.555680
55 23.500000 5.592130
55 24.116500 2.388020
55 28.005500 -1.828810
55 36.548800 -2.602940
55 20.985000 2.188650
55 28.438400 12.655900
55 17.939800 2.111460
56 48.053500 4.880170
56 61.451500 3.866500
56 67.866900 7.551120
56 66.687700 8.680390
56 58.401400 4.721080
56 67.891500 7.566100
56 61.288500 12.390500
56 58.213400 13.850400
56 63.452100 2.768310
56 62.940800 10.959300
56 53.745000 14.177800
56 63.689300 2.734430
56 61.189100 3.513460
56 51.505200 13.224400
56 55.913600 5.985270
56 66.702600 4.832300
56 56.056800 14.600200
56 52.829200 6.990830
56 50.222000 6.706770
56 47.420700 5.765490
57 63.622600 2.539300
57 65.409200 2.527220
57 66.665300 3.510400
57 63.159900 2.755210
58 59.893800 14.166000
58 40.682200 18.596000
58 42.918800 17.567000
58 47.419500 14.974400
58 49.961000 14.431700
58 52.060900 14.121200
58 54.398000 15.234300
58 56.732800 15.519800
58 44.627200 16.512900
58 58.958300 14.589300
59 45.192600 17.017200
59 33.699400 21.007800
59 31.941300 20.120900
59 30.479500 13.952100
59 29.860000 15.789500
59 36.562800 20.989300
59 40.470000 18.667500
59 30.736500 18.261800
59 38.878400 19.739800
59 43.269800 17.529300
59 44.902900 16.528300
60 32.626900 20.153900
60 23.856700 6.205180
60 21.287200 2.688410
60 22.017300 4.841180
60 19.029800 3.861120
60 29.182800 15.782500
60 25.581000 7.761610
60 30.171100 18.394300
60 31.972200 20.259900
61 -5.094150 8.209560
61 -8.010260 7.643320
61 -6.193370 8.514990
62 0.983014 1.190290
62 14.572600 1.723180
62 16.244700 3.031900
62 13.070800 1.772740
62 12.655600 2.974330
62 9.445000 1.595500
62 9.966110 3.054080
62 7.873440 3.074190
62 7.175820 1.539640
62 5.197360 2.927590
62 4.481150 1.514370
62 1.810850 1.344330
63 15.803900 1.689630
63 35.663900 -2.820800
63 33.961000 -2.181890
63 29.782800 1.355160
63 28.535100 12.347700
63 34.269300 18.152500
63 31.507900 -0.555716
63 26.883600 2.176820
63 27.688900 9.985010
63 25.171800 6.668900
63 24.116700 2.072100
63 26.572800 8.199240
63 23.490400 5.267490
63 21.570300 3.696430
63 21.118800 1.925820
63 18.676500 2.978070
63 18.037900 1.857620
63 15.823700 2.817900
63 14.881200 1.729200
64 32.718300 -1.612770
64 42.517300 1.903080
64 40.931700 -0.436339
64 38.589800 -2.134140
64 36.063000 -2.867210
64 33.259300 -2.079190
64 31.284700 -0.557207
65 58.985600 3.531350
65 71.237700 5.012070
65 67.333000 5.517300
65 67.267100 4.328720
65 66.716800 3.026620
65 67.380100 5.530040
65 63.262900 2.262740
65 61.034600 3.046920
65 65.432500 2.033520
66 67.433900 4.945460
66 67.807600 6.964010
66 68.021500 5.651620
66 67.625500 4.311400
67 61.935400 12.705200
67 44.415100 16.241300
67 41.354800 18.215600
67 52.100900 13.697300
67 43.355300 17.171400
67 43.122500 17.238900
67 54.465000 14.790800
67 56.782600 15.080900
67 50.238200 14.000700
67 58.998100 14.131300
67 47.187700 14.607500
68 34.310300 20.483300
68 30.264700 18.200500
68 32.083000 20.046500
68 29.282200 15.677600
69 11.931400 3.536990
69 -8.909640 3.660170
69 -1.689390 7.073890
69 -4.228800 8.284080
69 4.721850 2.269830
69 -3.231500 2.115780
69 -5.491230 2.329800
69 0.700431 5.780410
69 -8.964510 7.886330
69 -7.754000 2.637010
69 2.473590 -0.885100
69 -0.495309 2.065090
69 5.315720 3.655740
69 7.924970 3.747110
69 7.345780 2.274970
69 9.658000 2.367250
69 10.205800 3.755700
69 12.870900 2.489410
69 12.893700 3.650400
70 -4.505030 8.384230
70 -8.065780 7.867190
70 -6.276400 8.702310
70 -3.796970 8.243440
71 0.297346 1.394600
71 13.058900 1.743820
71 12.711600 2.984520
71 14.935300 1.720240
71 9.384870 1.620170
71 9.932610 3.055750
71 7.210570 1.609050
71 12.689800 1.698390
71 7.667900 3.041310
71 5.168290 3.013350
71 4.432680 1.604550
71 15.833800 2.890590
71 1.728360 1.475390
71 -1.110170 1.375110
72 32.292600 -1.727020
72 40.874500 -0.813078
72 43.601300 3.150470
72 38.473300 -2.487130
72 35.980200 -3.181790
72 42.408100 1.501460
72 33.216700 -2.341570
72 31.208500 -0.788935
73 43.979800 1.634650
73 62.691400 9.592150
73 65.917000 1.312000
73 58.311900 3.593380
73 66.685400 2.247030
73 68.250200 2.261500
73 44.739500 14.303300
73 64.019600 1.615310
73 55.903800 4.912500
73 58.909100 13.300400
73 49.449700 12.793200
73 56.201200 13.624500
73 61.538400 11.336700
73 51.842800 12.716700
73 60.888900 2.301960
73 47.225200 13.831100
73 65.468100 1.281020
73 52.857400 5.999740
73 50.328000 5.845000
73 62.950700 1.518700
73 61.750600 2.471090
73 47.064000 13.161500
73 47.440800 4.900770
73 62.257300 -2.163880
73 44.962800 3.431210
73 43.038400 1.531890
73 54.019600 13.487100
74 61.094400 12.509000
74 44.857700 15.644800
74 43.193300 16.719900
74 43.713500 16.645100
74 40.954900 17.836900
74 47.831500 14.027800
74 50.059600 13.415900
74 52.125000 13.088600
74 47.276900 14.065500
74 54.625100 14.163400
74 56.922800 14.415000
74 59.065900 13.436600
75 46.364000 15.728100
75 34.336000 20.286300
75 30.473200 13.238800
75 25.255900 10.157300
75 30.814400 17.680200
75 26.385200 7.367840
75 32.852500 19.425700
75 30.329300 13.303200
75 37.121700 20.209700
75 40.732700 17.903400
75 39.135100 19.002700
75 43.512800 16.698300
75 45.117900 15.656800
75 29.789700 15.153700
75 45.143900 15.672600
76 33.430800 19.725700
76 21.604900 2.860740
76 22.178200 4.860680
76 29.437400 15.278400
76 30.454900 17.800100
76 32.348000 19.659100
76 34.292700 20.409500
77 26.603000 9.489220
77 12.950600 3.531580
77 18.317200 2.401990
77 16.064300 3.418070
77 15.097300 2.192790
77 21.897200 4.307420
77 21.288600 2.395670
77 24.298800 2.702420
77 7.729810 3.433470
77 18.791900 3.368750
77 26.778500 2.911110
77 23.891900 5.859970
77 29.537700 2.036830
77 25.598800 7.318150
77 10.243400 3.577770
77 26.874800 8.777580
77 12.956400 2.209150
78 -4.815730 8.326480
78 -7.827090 7.867410
78 -6.005560 8.675500
78 -3.532150 8.236300

79 0.000000 1.500000
79 19.621200 10.398000
79 17.168600 8.100900
79 13.734800 3.560260
79 6.910610 0.109828
79 9.810600 -0.026882
79 4.715830 1.129370
79 2.591480 2.432770
79 11.445700 1.235680
80 0.000000 1.500000
80 12.208700 -5.332440
80 17.722400 -6.594600
80 14.848500 3.214220
80 18.623500 -2.990380
80 15.260900 1.195950
80 11.212100 7.379500
80 12.776600 5.790520
80 15.260900 -8.756380
80 13.238400 -6.536680
80 17.722400 -2.243520
80 9.080890 7.997250
80 9.638490 -2.730840
80 8.079320 7.230320
80 19.621200 -7.344170
80 7.630470 -0.564523
80 5.308150 1.556300
80 2.930100 2.323530
80 2.753850 2.265260
81 0.000000 1.500000
81 5.693200 5.431900
81 4.578280 3.675670
81 3.762970 2.319960
81 2.117120 1.825040
82 0.000000 1.500000
82 15.260900 7.953500
82 9.898980 6.884130
82 17.168600 8.383170
82 7.904940 5.869960
82 17.722400 8.770140
82 12.629700 8.091060
82 19.978000 9.404610
82 6.741030 3.771800
82 10.464600 7.220160
82 4.949490 2.226900
82 2.746970 1.841100
82 19.978000 8.966680
83 0.000000 1.500000
83 18.012900 10.118200
83 17.441100 3.278410
83 18.313100 11.892600
83 17.722400 7.488120
83 18.623500 2.561720
83 17.168600 1.194910
83 12.486200 -0.759540
83 8.517730 0.574150
83 10.464600 -0.097492
83 5.549430 1.006640
83 3.815230 1.599480
83 2.706370 2.321130
83 17.722400 16.248500
84 0.000000 1.500000
84 5.063540 3.959810
84 3.329660 2.147700
84 1.630250 1.342790
85 0.000000 1.500000
85 2.012430 1.725970
85 5.439540 3.973650
85 7.276740 6.990610
85 6.501700 6.103530
85 4.308970 2.420440
86 0.000000 1.500000
86 6.243110 4.259580
87 0.000000 1.500000
87 19.978000 -5.682180
87 15.260900 9.291630
87 17.168600 7.931550
87 13.080800 10.659600
87 15.260900 1.630840
87 12.486200 2.634440
87 6.782640 3.200360
87 9.638490 3.280180
87 4.193840 2.502860
87 1.613490 1.355520
88 0.000000 1.500000
88 11.327700 6.586490
88 12.486200 7.520130
88 9.723780 4.694700
88 5.939390 3.264670
88 3.788920 2.917350
89 0.000000 1.500000
89 8.651870 7.088390
89 9.723780 7.305830
89 6.867420 3.157560
89 4.578280 1.899310
89 2.543490 1.980710
89 11.445700 9.741160
89 2.180130 1.953430
89 8.584280 4.869010
90 0.000000 1.500000
90 15.051900 13.849600
90 13.734800 11.734500
90 16.158600 8.102560
90 17.441100 10.752800
90 13.908700 5.327950
90 18.012900 5.853760
90 17.168600 5.221840
90 14.087000 7.295370
90 11.566200 5.482800
90 9.723780 5.387450
90 7.424240 4.862020
90 4.861890 3.908700
90 3.433710 2.463200
90 1.746880 1.551820
91 0.000000 1.500000
91 5.493940 5.205650
91 4.377640 3.437820
91 3.533080 2.120140
91 6.741030 6.439020
91 1.914260 1.660650
91 1.837440 1.668520
92 0.000000 1.500000
92 0.000000 0.000000
92 0.000000 0.000000
92 0.000000 0.000000
92 0.000000 0.000000
92 0.000000 0.000000
92 0.000000 0.000000
93 0.000000 1.500000
93 18.944600 5.637440
93 16.904400 6.623740
93 15.260900 7.083720
93 11.445700 6.115660
93 9.080890 5.429370
93 6.824770 4.746200
93 13.908700 5.297460
93 5.086980 2.751530
93 15.924500 5.052890
93 3.069240 1.532310
93 1.904310 1.674980
94 0.000000 1.500000
94 11.212100 2.328750
94 12.629700 8.700140
94 11.566200 10.236700
94 12.926900 6.099500
94 12.486200 3.852440
94 16.648300 12.672700
94 8.584280 1.152570
94 6.278780 1.386680
94 4.430590 1.716640
94 1.865510 1.554980
94 2.034790 1.747370
95 0.000000 1.500000
95 9.723780 8.797900
95 11.327700 9.442080
95 16.399800 10.883800
95 18.944600 11.451400
95 13.734800 10.199000
95 17.168600 11.939700
95 15.260900 12.787500
95 4.695670 3.939760
95 18.623500 12.829000
95 2.733300 2.107550
95 1.652310 1.485930
96 0.000000 1.500000
96 14.457700 -9.991070
96 11.689200 -5.963920
96 12.926900 -8.338110
96 14.457700 -10.450600
96 16.904400 -15.535700
96 11.327700 -3.358430
96 7.228860 1.501430
96 9.156560 -0.858075
96 5.693200 0.895437
96 5.359940 3.727500
96 7.962230 -1.025410
96 12.629700 -5.114880
96 5.722850 5.090120
96 15.475900 -12.085600
96 3.194150 1.556160
96 2.628680 1.833840
96 2.215300 1.887810
96 9.810600 -3.295740
97 0.000000 1.500000
97 18.313100 0.090324
97 17.168600 -1.834700
97 19.978000 1.718890
97 6.867420 0.861838
97 9.472300 6.545870
97 1.878270 1.392680
97 17.441100 2.322610
97 14.457700 2.796860
97 15.260900 2.366810
97 13.565300 -2.549880
97 16.904400 3.381350
97 9.810600 3.586060
97 8.651870 -0.241811
97 15.051900 3.670690
97 4.578280 3.038390
97 4.024860 1.643250
97 12.486200 3.688220
97 6.699920 6.348360
97 7.181620 3.380740
97 3.339780 2.791160
97 2.318120 1.352950
97 10.667800 -1.385550
97 2.162970 1.226840
98 0.000000 1.500000
98 2.817400 2.647950
98 1.924320 1.686250
99 0.000000 1.500000
99 17.441100 14.002600
99 5.232320 4.418690
99 3.175690 2.246780
99 1.927700 1.241290
100 0.000000 1.500000
100 5.282630 5.063340
100 3.499320 2.989690
100 2.497240 1.753100
100 1.904310 1.643670
101 0.000000 1.500000
101 17.441100 3.049020
101 19.978000 2.113030
101 13.080800 3.849510
101 18.623500 3.684390
101 16.158600 4.950090
101 9.988980 3.979720
101 15.051900 3.060280
101 7.630470 3.951660
101 5.386210 3.657220
101 3.412380 1.957950
101 2.113050 1.233270
101 1.680100 1.486980
102 0.000000 1.500000
102 10.565300 9.385560
102 9.810600 4.865650
102 8.584280 7.258820
102 7.228860 3.371290
102 11.327700 10.422900
102 4.905300 1.938200
102 2.531770 1.882780
102 2.121210 1.921560
103 0.000000 1.500000
103 16.399800 5.257650
103 15.051900 12.249400
103 15.260900 9.057460
103 4.292140 3.836400
103 17.168600 5.880450
103 16.399800 6.318160
103 13.565300 5.493760
103 11.212100 5.634480
103 6.910610 4.866500
103 9.156560 5.414400
103 2.906840 2.410220
103 1.635100 1.475820
104 0.000000 1.500000
104 16.158600 12.193700
104 19.621200 14.161500
104 17.722400 10.498900
104 11.814900 4.992080
104 13.734800 10.199000
104 13.734800 9.581830
104 10.080600 2.513590
104 5.493940 0.918291
104 8.079320 1.022780
104 3.052190 1.677680
104 13.238400 7.668440
105 0.000000 1.500000
105 16.648300 -6.924810
105 19.621200 -13.193700
105 19.621200 3.881770
105 15.260900 6.264110
105 18.623500 -11.706400
105 17.168600 4.694950
105 17.441100 -5.400300
105 13.734800 -1.091410
105 13.908700 8.254900
105 11.445700 0.508071
105 8.790300 1.729400
105 6.104370 2.284850
105 19.621200 -9.064620
105 3.477180 2.159000
105 1.795400 1.592960
106 0.000000 1.500000
106 10.365900 6.004540
106 10.879100 4.835150
106 10.565300 2.078600
106 10.987900 3.558750
106 7.737940 7.247100
106 7.962230 7.160440
106 7.630470 0.581249
106 9.156560 6.889690
106 8.584280 7.343500
106 5.466600 0.853806
106 2.713060 1.452610
106 2.251610 1.834850
107 0.000000 1.500000
107 17.441100 9.720550
107 8.584280 3.269530
107 19.978000 10.696500
107 11.445700 7.520700
107 15.051900 9.527290
107 10.464600 5.098270
107 6.314870 2.557440
107 3.212830 2.237840
107 2.628680 2.447530
108 0.000000 1.500000
108 6.004300 5.511550
108 4.777340 3.306630
108 3.279960 2.047340
108 1.657300 1.452260
109 0.000000 1.500000
109 15.260900 -6.213930
109 14.270000 -3.558200
109 12.629700 1.889530
109 20.347900 -12.812600
109 12.486200 9.477140
109 13.238400 10.584900
109 19.621200 -11.666800
109 2.922310 2.714510
109 11.943300 4.326370
109 13.734800 -0.820440
109 12.486200 -1.033250
109 12.926900 11.681900
109 11.566200 7.257590
109 6.104370 1.890110
109 8.079320 1.323860
109 9.898980 0.265817
109 3.966740 2.302110
110 0.000000 1.500000
110 4.130780 2.157350
110 5.844610 5.569960
110 9.723780 8.904470
110 5.257360 3.673450
110 1.755250 1.461150
110 1.891200 1.414710
111 0.000000 1.500000
111 19.621200 13.860400
111 11.445700 10.493900
111 8.584280 6.073330
111 15.924500 11.772600
111 7.228860 3.474290
111 5.333920 1.733400
111 2.693110 1.309100
111 9.311760 8.649640
111 2.027280 1.740920
112 0.000000 1.500000
112 18.012900 -12.980900
112 16.904400 -11.533600
112 19.978000 0.843021
112 19.277000 -11.145200
112 12.926900 -3.705040
112 15.260900 -9.141090
112 20.347900 -12.121200
112 19.621200 3.021540
112 19.621200 -7.043100
112 13.565300 6.831890
112 14.457700 4.920260
112 15.260900 9.191270
112 19.621200 -13.043200
112 11.445700 -0.859329
112 11.445700 8.499210
112 9.156560 0.677427
112 6.540400 1.845900
112 16.158600 -5.499120
112 3.724700 2.280030
112 17.168600 4.299780
112 2.357910 2.130810
113 0.000000 1.500000
113 6.243110 2.836300
113 7.276740 6.767300
113 6.867420 5.581250
113 8.079320 6.690150
113 7.630470 6.719910
113 6.867420 4.173710
113 8.387690 7.552250
113 4.162070 2.132640
113 2.242420 1.977290
113 2.084990 1.909310
114 0.000000 1.500000
114 12.486200 7.793840
114 17.168600 8.025630
114 12.629700 8.257170
114 19.978000 9.404610
114 18.313100 9.423770
114 8.079320 5.919740
114 17.168600 10.208500
114 15.924500 9.067270
114 6.824770 3.766290
114 10.174000 6.963840
114 4.994490 2.236190
114 2.760770 1.859430
115 0.000000 1.500000
115 12.486200 2.415470
115 14.087000 8.268090
115 17.441100 10.485200
115 13.734800 3.921550
115 14.270000 6.201440
115 19.277000 12.307300
115 9.810600 1.263460
115 17.722400 16.773000
115 5.521540 1.824630
115 7.474740 1.511540
115 2.673450 1.774240
115 2.081040 1.896570
115 15.924500 12.697700
116 0.000000 1.500000
116 2.561280 2.373540
116 1.840510 1.552300
116 0.000000 0.000000

117 0.000000 1.500000
117 9.554670 2.550010
117 7.630470 1.768840
117 14.270000 3.949220
117 4.927300 1.644460
117 7.474740 3.158260
117 6.243110 4.266420
117 15.697000 5.651680
117 2.616160 1.733350
117 16.648300 7.326250
117 9.898980 1.914970
117 12.486200 1.963860
117 15.924500 0.305442
117 12.629700 3.107690
117 15.260900 4.775450
117 14.848500 1.228730
117 17.168600 -0.178766
118 0.000000 1.500000
118 20.347900 0.925539
118 18.623500 2.561720
118 12.345900 4.445140
118 15.697000 4.258120
118 10.565300 4.000880
118 8.261560 2.585200
118 6.867420 1.411310
118 5.282630 0.639793
118 19.621200 1.279590
118 4.412800 0.926211
118 2.945810 1.661180
118 4.162070 3.929990
118 2.117120 1.903930
119 0.000000 1.500000
119 13.908700 2.111360
119 18.012900 -0.088843
119 11.689200 3.478420
119 8.720530 4.277230
119 5.939390 3.863570
119 3.309600 2.758680
119 2.023550 1.870790
119 1.465050 1.315920
120 0.000000 1.500000
120 4.927300 3.583240
120 5.577600 5.327720
120 3.699620 2.325510
120 1.724940 1.522880
121 0.000000 1.500000
121 3.533080 3.305090
121 2.660500 2.103910
121 1.722240 1.560140
122 0.000000 1.500000
122 2.597610 1.815010
122 4.010170 3.426150
122 4.736150 4.461680
122 3.614430 2.355150
122 1.828270 1.614100
123 0.000000 1.500000
123 7.792820 5.556080
123 8.139170 4.304310
123 7.276740 6.599810
123 8.079320 2.678720
123 8.020350 7.265450
123 6.540400 1.559160
123 7.325250 6.924810
123 4.736150 0.895450
123 2.508650 1.417410
123 7.630470 6.903910
123 1.887950 1.577820
124 0.000000 1.500000
124 2.362980 2.163880
124 1.375200 1.239740
125 0.000000 1.500000
125 20.731800 4.896790
125 20.347900 3.423380
125 15.260900 6.598650
125 13.080800 7.319080
125 9.898980 7.046870
125 7.474740 5.837240
125 5.386210 4.011430
125 4.162070 2.566010
125 17.722400 5.409710
125 2.628680 1.462180
125 1.644890 1.484660
125 19.621200 5.021570
125 3.510500 1.656410
126 0.000000 1.500000
126 13.565300 -5.359950
126 19.277000 -12.159400
126 14.848500 -6.794620
126 19.277000 -8.018210
126 16.648300 -8.676550
126 19.978000 -13.455500
126 17.722400 -16.268000
126 15.260900 -5.394330
126 17.441100 -7.292800
126 9.898980 -2.164510
126 17.441100 -9.949940
126 7.630470 0.840512
126 8.020350 -0.672483
126 9.156560 3.216530
126 5.493940 1.008610
126 6.172960 5.727260
126 4.069580 1.576760
126 1.990560 1.829380
126 5.466600 4.161180
126 11.566200 -3.606610
127 0.000000 1.500000
127 1.917600 1.724500
127 4.024860 3.800430
127 3.270200 2.528700
128 0.000000 1.500000
128 19.621200 -7.107610
128 16.904400 14.868700
128 12.629700 -6.249980
128 20.731800 1.556520
128 17.441100 9.357340
128 18.313100 -7.657440
128 17.722400 8.711860
128 15.260900 -7.501880
128 13.238400 -6.217460
128 11.445700 -4.271560
128 10.080600 -2.624080
128 9.080890 -0.920654
128 7.630470 0.480890
128 5.971670 1.508670
128 17.722400 10.965100
128 4.360270 1.885330
128 17.441100 6.088480
128 19.277000 3.285460
128 2.781740 1.897940
128 1.789560 1.623080
129 0.000000 1.500000
129 2.332880 2.097960
129 1.654800 1.439190
130 0.000000 1.500000
130 20.347900 4.939920
130 17.168600 5.579370
130 19.978000 3.996140
130 2.891550 1.659100
130 9.391350 7.086930
130 15.260900 6.916450
130 7.228860 5.906690
130 4.840470 4.045330
130 12.486200 7.287480
130 3.590810 2.583770
130 19.277000 5.081370
130 1.983370 1.448870
130 1.927700 1.585680
131 0.000000 1.500000
131 17.722400 1.583090
131 16.399800 15.305600
131 14.848500 12.848700
131 17.168600 10.547200
131 15.051900 9.444800
131 16.158600 7.836910
131 20.347900 2.085250
131 14.087000 11.062700
131 19.621200 -3.387140
131 15.475900 -1.229760
131 9.554670 -2.937480
131 16.904400 -4.974750
131 8.079320 -1.802050
131 14.848500 -2.091280
131 4.193840 1.422660
131 6.243110 0.023949
131 2.284380 2.064360
132 0.000000 1.500000
132 3.488210 3.221070
132 4.578280 4.317970
132 3.121560 2.191380
132 2.049980 1.625600
133 0.000000 1.500000
133 2.969700 2.644610
133 5.521540 0.329825
133 2.081040 1.568120
133 1.878270 1.635600
134 0.000000 1.500000
134 15.260900 6.899720
134 3.018650 1.695640
134 19.621200 5.129090
134 17.168600 5.240650
134 12.486200 7.301160
134 7.228860 5.906690
134 19.277000 7.447740
134 9.638490 7.262870
134 4.905300 4.067250
134 19.621200 4.828010
134 3.699620 2.613410
134 2.117120 1.481610
134 1.901020 1.567900
134 2.061510 1.892330
135 0.000000 1.500000
135 11.327700 5.953290
135 9.810600 7.295790
135 9.080890 3.558210
135 9.233510 4.883040
135 8.020350 2.527300
135 5.971670 2.097730
135 3.828530 2.087620
135 2.831930 2.127730
135 9.233510 6.107600
135 8.720530 7.278460
135 2.436340 2.156290
136 0.000000 1.500000
136 15.260900 -12.185300
136 3.788920 1.837620
136 17.168600 4.582040
136 16.904400 4.011300
136 15.475900 -13.256000
136 11.212100 1.087570
136 14.087000 -2.725150
136 17.168600 -7.536380
136 10.667800 -0.613850
136 18.012900 5.123280
136 8.199910 1.181850
136 6.824770 0.370271
136 5.971670 1.482490
136 12.629700 -1.612680
136 4.010170 0.806540
136 19.621200 -14.742100
136 15.260900 -4.307100
136 2.543490 2.156340
136 1.994170 1.159510
136 19.621200 6.053840
136 9.156560 0.025090
136 2.597610 2.432830
136 1.730370 1.561820
137 0.000000 1.500000
137 8.584280 4.276260
137 15.260900 9.943970
137 14.650500 6.142010
137 18.313100 9.403700
137 17.168600 10.773000
137 12.629700 11.233400
137 17.168600 9.135860
137 13.734800 10.575400
137 12.776600 11.518000
137 17.722400 7.993160
137 9.810600 6.016200
137 11.327700 10.199400
137 13.908700 10.450100
137 7.737940 2.836930
137 11.212100 8.313460
137 6.954350 1.726440
137 11.445700 6.667640
137 11.566200 11.060700
137 4.597440 1.242110
137 17.441100 9.988170
137 2.117120 1.511780
137 1.722240 1.465750
137 17.168600 8.289080
138 0.000000 1.500000
138 19.621200 4.526940
138 19.978000 4.105620
138 15.051900 5.831860
138 17.168600 5.071300
138 12.486200 6.616890
138 9.156560 6.488250
138 6.540400 5.372820
138 4.258870 3.647960
138 19.978000 3.536310
138 2.922310 2.288520
138 2.141890 1.402690
138 1.430710 1.263120
138 1.604070 1.421440
139 0.000000 1.500000
139 3.602580 3.038430
139 4.578280 4.132310
139 2.441750 1.703440
139 5.308150 4.988890
139 1.541080 1.385890
140 0.000000 1.500000
140 3.841910 3.387660
140 4.861890 4.633420
140 2.373190 1.848090
140 3.455310 2.368870
140 2.081040 1.773400
141 0.000000 1.500000
141 17.441100 4.979750
141 3.477180 1.709290
141 19.621200 5.000060
141 12.926900 7.218810
141 9.810600 6.973200
141 7.525940 5.893720
141 5.386210 4.046850
141 15.260900 6.548470
141 2.591480 1.512500
141 1.878270 1.604720
141 4.162070 2.625320
141 2.100930 1.937730
142 0.000000 1.500000
142 15.697000 7.595790
142 4.146370 3.156220
142 8.584280 7.710440
142 5.086980 4.379580
142 6.782640 5.846880
142 1.569700 1.325610
143 0.000000 1.500000
143 5.722850 3.578450
143 6.172960 5.050680
143 4.715830 2.586950
143 6.741030 6.416860
143 2.740120 2.148850
143 2.549390 2.141780
144 0.000000 1.500000
144 3.412380 3.218360
144 1.769380 1.606720
144 1.831310 1.675000
145 0.000000 1.500000
145 9.638490 4.019670
145 8.079320 6.858400
145 8.651870 5.703900
145 9.723780 2.659090
145 9.156560 0.988542
145 7.228860 6.889160
145 9.156560 5.123360
145 7.577840 0.153654
145 9.810600 9.048500
145 5.086980 4.836780
145 5.634810 -0.188367
145 3.510500 0.698349
145 4.024860 3.826900
145 2.012430 1.333350
145 1.822200 1.482930
146 0.000000 1.500000
146 2.260880 1.981170
146 1.569700 1.291200
147 0.000000 1.500000
147 13.734800 9.356030
147 11.445700 -1.298400
147 16.399800 10.919700
147 12.486200 7.985430
147 11.445700 6.278750
147 11.327700 4.960040
147 9.988980 3.859280
147 9.156560 0.346241
147 9.156560 3.156310
147 10.565300 -0.770067
147 6.998650 1.231160
147 15.260900 0.025090
147 4.430590 1.405840
147 19.621200 11.537800
147 6.619200 5.219910
147 4.292140 2.081680
147 2.883960 1.344980
147 2.150270 1.427030
148 0.000000 1.500000
148 15.260900 -1.463580
148 17.441100 -4.941520
148 16.399800 -4.215100
148 11.327700 1.347100
148 8.199910 2.628820
148 12.776600 -0.469123
148 5.412750 2.773490
148 2.591480 2.145900
148 2.084990 1.888740
148 1.389110 1.237050
149 0.000000 1.500000
149 4.484850 4.239680
149 3.841910 2.920250
149 2.573270 2.091330
149 2.420240 2.221620
150 0.000000 1.500000
150 7.630470 3.550220
150 7.630470 2.312450
150 5.971670 5.586320
150 6.659320 4.477860
150 6.138480 0.992383
150 4.675690 1.027510
150 2.591480 1.577820
150 2.162970 1.729430
151 0.000000 1.500000
151 14.650500 -8.695160
151 13.734800 -8.768920
151 20.731800 -1.397460
151 15.475900 13.934400
151 15.697000 7.750630
151 19.277000 0.242976
151 17.168600 2.512130
151 16.399800 -8.277420
151 18.012900 14.501100
151 18.012900 7.966250
151 16.399800 10.272600
151 16.158600 12.034300
151 15.475900 5.249800
151 11.212100 -6.838790
151 9.723780 -4.598780
151 8.452210 -2.922780
151 7.228860 -1.144890
151 19.621200 -7.408690
151 5.971670 0.291261
151 4.559280 1.416690
151 2.817400 1.804930
151 2.167230 1.844480
152 0.000000 1.500000
152 19.621200 6.376420
152 14.087000 11.217100
152 19.621200 8.010850
152 19.277000 11.525500
152 19.621200 8.053860
152 6.954350 6.322660
152 12.629700 10.679600
152 14.848500 10.879500
152 5.844610 4.621880
152 4.971890 3.130680
152 3.924240 2.131210
152 15.475900 14.104100
152 1.714180 1.402530
153 0.000000 1.500000
153 2.038570 1.737210
154 0.000000 1.500000
155 0.000000 1.500000

156 0.000000 1.500000
156 15.260900 1.430120
156 14.270000 10.799700
156 17.168600 11.111700
156 12.345900 1.535840
156 6.243110 1.666200
156 9.810600 8.629140
156 2.077100 1.792810
156 10.667800 1.549240
156 11.445700 9.226810
156 5.282630 1.728310
156 13.734800 1.467760
156 3.614430 1.828260
156 8.517730 1.657100
156 9.810600 1.639800
157 0.000000 1.500000
157 15.260900 1.430120
157 13.734800 1.467760
157 17.168600 11.111700
157 14.457700 10.957700
157 12.345900 1.535840
157 10.565300 1.534340
157 9.810600 1.639800
157 9.810600 8.629140
157 6.243110 1.666200
157 8.517730 1.657100
157 3.614430 1.832220
157 5.282630 1.728310
157 11.327700 9.131690
157 2.077100 1.792810
158 0.000000 1.500000
158 15.260900 1.430120
158 14.457700 10.957700
158 12.345900 1.535840
158 17.168600 11.111700
158 10.667800 1.549240
158 11.445700 9.239360
158 9.810600 1.639800
158 9.723780 8.552770
158 6.243110 1.666200
158 8.517730 1.657100
158 3.614430 1.824300
158 5.282630 1.728310
158 2.081040 1.798490
159 0.000000 1.500000
159 15.260900 1.430120
159 12.345900 1.535840
159 14.270000 10.815400
159 17.168600 11.130500
159 10.667800 1.549240
159 9.810600 1.650560
159 9.810600 8.629140
159 14.270000 10.815400
159 13.734800 1.467760
159 6.243110 1.666200
159 8.517730 1.657100
159 3.614430 1.828260
159 5.282630 1.722520
159 2.084990 1.797330
160 0.000000 1.500000
160 15.260900 1.430120
160 12.345900 1.535840
160 17.168600 11.130500
160 10.565300 1.534340
160 9.723780 1.635950
160 14.270000 10.799700
160 9.810600 8.639890
160 11.327700 9.131690
160 13.734800 1.467760
160 6.243110 1.666200
160 8.452210 1.644350
160 3.614430 1.828260
160 5.282630 1.728310
160 2.081040 1.796210
161 0.000000 1.500000
161 15.260900 1.413400
161 12.345900 1.535840
161 10.565300 1.545920
161 9.810600 1.650560
161 14.270000 10.799700
161 9.723780 8.542110
161 17.168600 11.111700
161 11.327700 9.131690
161 13.734800 1.467760
161 6.243110 1.666200
161 8.517730 1.657100
161 3.614430 1.828260
161 5.282630 1.734100
161 2.077100 1.792810
162 0.000000 1.500000
162 15.260900 1.430120
162 17.168600 11.092900
162 12.208700 1.518780
162 10.565300 1.534340
162 9.810600 1.650560
162 9.810600 8.629140
162 13.734800 1.467760
162 6.243110 1.666200
162 8.517730 1.657100
162 3.614430 1.832220
162 5.282630 1.722520
162 2.077100 1.792810
163 0.000000 1.500000
163 14.270000 10.799700
163 15.475900 1.382420
163 17.168600 11.111700
163 12.345900 1.535840
163 10.565300 1.534340
163 9.810600 1.639800
163 9.810600 8.629140
163 13.734800 1.467760
163 6.243110 1.666200
163 8.517730 1.657100
163 3.614430 1.828260
163 5.282630 1.728310
163 2.084990 1.801900
164 0.000000 1.500000
164 15.260900 1.430120
164 11.445700 9.226810
164 12.345900 1.535840
164 17.168600 11.111700
164 14.087000 10.676700
164 10.667800 1.549240
164 9.810600 1.650560
164 9.810600 8.629140
164 13.734800 1.467760
164 6.243110 1.666200
164 8.517730 1.657100
164 3.614430 1.832220
164 5.282630 1.722520
164 2.084990 1.801900
165 0.000000 1.500000
165 14.087000 10.661300
165 11.327700 9.131690
165 15.260900 1.413400
165 17.168600 11.111700
165 12.345900 1.535840
165 10.667800 1.549240
165 9.810600 1.650560
165 9.810600 8.629140
165 13.734800 1.467760
165 6.243110 1.666200
165 8.452210 1.644350
165 3.614430 1.832220
165 5.282630 1.728310
165 2.081040 1.798490
166 0.000000 1.500000
166 15.260900 1.379940
166 12.345900 1.535840
166 14.270000 10.799700
166 17.168600 11.092900
166 10.667800 1.549240
166 9.723780 1.635950
166 9.810600 8.629140
166 13.734800 1.467760
166 6.243110 1.673040
166 8.517730 1.657100
166 3.614430 1.832220
166 5.282630 1.728310
166 2.081040 1.798490
167 0.000000 1.500000
167 11.327700 9.144110
167 13.734800 1.467760
167 15.260900 1.413400
167 12.345900 1.535840
167 17.168600 11.111700
167 10.667800 1.549240
167 9.810600 1.650560
167 9.723780 8.552770
167 6.243110 1.666200
167 8.517730 1.657100
167 3.614430 1.832220
167 5.282630 1.734100
167 2.081040 1.798490
168 0.000000 1.500000
168 15.475900 1.382420
168 11.445700 9.239360
168 17.168600 11.111700
168 12.345900 1.522310
168 14.270000 10.799700
168 10.667800 1.549240
168 9.810600 1.650560
168 9.723780 8.542110
168 13.734800 1.467760
168 6.243110 1.666200
168 8.517730 1.657100
168 3.614430 1.828260
168 5.282630 1.734100
168 2.081040 1.798490
169 0.000000 1.500000
169 14.270000 10.799700
169 15.475900 1.382420
169 17.168600 11.111700
169 12.345900 1.535840
169 10.667800 1.560930
169 9.723780 1.635950
169 9.723780 8.552770
169 13.734800 1.467760
169 6.243110 1.666200
169 5.282630 1.728310
169 8.517730 1.657100
169 3.614430 1.828260
169 2.081040 1.798490
170 0.000000 1.500000
170 15.475900 1.382420
170 14.087000 13.131700
170 12.345900 1.535840
170 17.168600 11.111700
170 10.667800 1.549240
170 9.723780 1.635950
170 9.810600 8.618380
170 13.734800 1.452710
170 6.243110 1.673040
170 5.282630 1.728310
170 8.517730 1.657100
170 3.614430 1.828260
170 2.081040 1.798490
171 0.000000 1.500000
171 14.270000 13.380400
171 13.565300 1.479380
171 12.208700 1.545540
171 17.168600 11.187000
171 10.667800 1.572630
171 9.723780 1.657270
171 9.723780 8.616720
171 13.734800 1.452710
171 6.207840 1.690800
171 5.207520 1.737980
171 8.324150 1.637690
171 3.533080 1.825840
171 2.019830 1.783230
172 0.000000 1.500000
172 12.486200 11.256200
172 15.260900 1.681020
172 11.689200 1.723200
172 10.464600 1.806470
172 9.006450 1.821280
172 7.630470 1.793930
172 18.313100 1.655930
172 13.238400 1.733920
172 4.292140 1.799420
172 3.270200 1.826190
172 6.501700 1.806470
172 1.941320 1.790520
173 0.000000 1.500000
173 12.486200 11.283600
173 17.441100 1.366800
173 11.445700 1.674750
173 8.517730 1.703780
173 9.391350 1.693250
173 15.260900 1.463580
173 7.228860 1.723280
173 5.722850 1.765700
173 4.193840 1.776600
173 3.052190 1.821530
173 13.565300 1.583450
173 1.972690 1.778370
174 0.000000 1.500000
174 15.260900 1.664300
174 12.208700 1.639210
174 17.168600 1.627710
174 18.944600 1.546920
174 9.988980 1.592980
174 7.630470 1.618300
174 15.051900 1.608500
174 5.493940 1.652920
174 3.212830 1.670900
174 2.016120 1.658420
174 1.792480 1.568750
175 0.000000 1.500000
175 17.168600 13.953100
175 19.621200 7.301160
175 13.080800 1.225820
175 18.944600 10.433900
175 19.621200 8.161390
175 18.623500 11.522600
175 17.441100 9.930820
175 11.445700 1.411310
175 9.156560 1.369910
175 6.037290 1.439220
175 13.080800 1.297510
175 3.289780 1.476550
175 1.604070 1.426720
176 0.000000 1.500000
176 9.554670 4.623520
176 9.080890 3.209850
176 7.737940 2.234770
176 8.584280 7.879800
176 9.810600 6.016200
176 9.156560 7.060300
176 5.813690 2.004010
176 3.555950 1.806470
176 1.965630 1.800010
177 0.000000 1.500000
177 3.477180 1.758830
177 9.898980 9.227660
177 9.006450 7.428260
177 8.079320 5.875470
177 6.867420 4.309190
177 5.110640 2.921170
177 1.986960 1.336070
177 1.554150 1.356770
178 0.000000 1.500000
178 7.683830 7.297480
178 6.314870 3.997080
178 7.043510 5.685760
178 4.675690 2.687930
178 3.052190 1.737890
178 1.597070 1.402990
179 0.000000 1.500000
179 13.238400 9.133930
179 20.347900 6.746400
179 15.260900 8.706200
179 14.087000 9.534160
179 11.943300 8.999640
179 15.260900 2.483900
179 19.621200 1.709700
179 19.621200 8.182890
179 7.737940 1.259440
179 9.006450 2.186520
179 9.988980 2.764450
179 13.080800 2.845910
179 16.399800 7.630330
179 11.327700 10.311200
179 5.634810 0.799789
179 17.168600 2.079330
179 3.175690 1.282630
179 1.840510 1.411090
179 10.565300 9.779270
179 1.958620 1.701280
180 0.000000 1.500000
180 6.782640 4.032970
180 6.004300 2.056550
180 3.712120 3.517330
180 2.788800 2.318460
180 4.949490 4.689780
180 1.849810 1.582440
181 0.000000 1.500000
181 13.238400 9.322560
181 11.814900 1.819420
181 11.445700 9.076270
181 13.734800 3.183910
181 8.584280 1.754730
181 6.867420 1.734970
181 5.333920 1.680780
181 1.887950 1.654380
182 0.000000 1.500000
182 15.260900 1.697750
182 12.074600 1.727070
182 5.017290 1.603000
182 9.810600 1.704320
182 7.276740 1.631010
182 4.466620 1.520080
182 1.934480 1.476770
182 3.077840 1.550090
182 1.760880 1.371260
182 2.441750 1.489340
183 0.000000 1.500000
183 8.720530 2.996450
183 7.630470 2.103370
183 9.156560 6.980010
183 9.311760 4.403920
183 9.810600 7.650630
183 9.391350 5.635580
183 5.722850 1.909970
183 8.517730 7.725360
183 3.370510 1.727050
183 1.914260 1.744580
183 2.109000 1.933610
184 0.000000 1.500000
184 3.349960 1.734880
184 11.445700 10.757300
184 8.651870 7.382360
184 9.156560 7.471770
184 7.904940 5.939270
184 6.699920 4.336270
184 4.971890 2.918150
184 1.081480 0.743807
184 1.780850 1.388770
185 0.000000 1.500000
185 5.466600 1.908330
185 7.228860 4.060600
185 7.525940 4.994610
185 7.577840 6.067260
185 7.374410 7.068280
185 6.579570 2.772810
185 8.079320 -0.278941
185 3.499320 1.689490
185 2.113050 1.684880
186 0.000000 1.500000
186 9.311760 3.311870
186 4.343030 2.263450
186 7.088950 2.886470
186 2.293920 2.055380
187 0.000000 1.500000
187 17.168600 1.721790
187 18.623500 1.704410
187 13.734800 12.050700
187 11.445700 1.649660
187 8.584280 1.679460
187 14.848500 1.749510
187 12.486200 11.653100
187 12.486200 1.676460
187 7.043510 1.609610
187 5.722850 1.583800
187 4.162070 1.571540
187 2.585380 1.545770
187 9.810600 1.661310
187 2.251610 1.560920
187 1.766540 1.503460
188 0.000000 1.500000
188 15.260900 8.973820
188 13.734800 11.147400
188 15.697000 1.298940
188 17.441100 4.195990
188 19.277000 8.208360
188 10.565300 1.325910
188 17.168600 5.823990
188 16.904400 14.053400
188 16.648300 1.268180
188 16.904400 5.975260
188 19.621200 3.516170
188 8.584280 1.331330
188 13.908700 13.041700
188 4.971890 1.326930
188 7.228860 1.398430
188 2.420240 1.367460
188 15.475900 7.454880
189 0.000000 1.500000
189 18.012900 9.012620
189 15.697000 8.421610
189 7.962230 -5.781590
189 3.626360 0.685625
189 12.926900 7.686370
189 7.228860 -4.116070
189 11.327700 7.356260
189 19.978000 6.536150
189 8.720530 8.387200
189 9.810600 6.951700
189 8.079320 6.468770
189 5.907460 5.442080
189 4.819240 4.587490
189 5.722850 -1.878610
189 4.927300 -0.688566
189 2.133570 1.705920
189 6.954350 6.040630
189 1.849810 1.631100
190 0.000000 1.500000
190 2.760770 2.431330
190 6.243110 1.967280
190 1.894460 1.552110
191 0.000000 1.500000
191 12.629700 0.159191
191 12.486200 7.875950
191 10.565300 0.677428
191 7.228860 0.923045
191 8.261560 7.891440
191 5.663850 1.139130
191 4.054570 1.215430
191 8.261560 0.828533
191 3.060690 1.373720
191 10.565300 7.810680
191 1.659800 1.432630
192 0.000000 1.500000
192 17.722400 1.447120
192 8.079320 1.368140
192 5.693200 1.363430
192 3.360210 1.335060
192 2.525950 1.313670
192 10.565300 1.476440
192 2.096920 1.256030
192 1.085760 0.722946
193 0.000000 1.500000
193 4.377640 4.119140
193 5.257360 3.235520
193 3.712120 2.805320
193 2.447190 2.002280
194 0.000000 1.500000
194 19.621200 13.021700
194 17.168600 15.044500
194 15.475900 10.898200
194 15.924500 11.999500
194 16.648300 7.618210
194 15.260900 8.890190
194 18.944600 11.056900
194 15.475900 5.385500
194 13.908700 11.898300
194 13.734800 2.401100
194 15.260900 3.805300
194 12.345900 1.170490
194 9.988980 0.235389
194 8.387690 -0.501032
194 5.333920 -0.038000
194 3.815230 0.574977
195 0.000000 1.500000
195 15.260900 3.035880
195 18.313100 5.449530
195 17.441100 2.379960
195 3.855390 2.410740
195 9.810600 4.510810
195 19.277000 8.102720
195 16.648300 5.428540
195 13.734800 3.966710
195 11.566200 4.392580
195 4.905300 2.841430
195 3.112710 2.007760
195 8.139170 4.134820
195 1.955140 1.633970
195 1.969150 1.242090
196 0.000000 1.500000
196 12.486200 10.572000
196 19.621200 9.946360
196 19.621200 2.462400
196 13.734800 3.259180
196 17.168600 10.133200
196 12.486200 3.660850
196 19.621200 12.462500
196 13.080800 10.286900
196 16.648300 2.983420
196 14.848500 3.360690
196 8.079320 2.811550
196 6.867420 1.847870
196 9.006450 3.420450
196 2.137720 1.709240
196 2.081040 1.821300
196 4.616750 1.302990
197 0.000000 1.500000
197 14.087000 5.365380
197 12.074600 4.863580
197 9.233510 4.174620
197 6.824770 3.616690
197 7.630470 0.497616
197 4.039660 2.858040
197 7.792820 3.779500
198 0.000000 1.500000
198 10.174000 1.655930
198 5.939390 1.650240
198 7.848480 1.673140
198 15.260900 1.697750
198 12.486200 1.676460
198 12.776600 11.392000
198 3.521750 1.596100
198 2.373190 1.580180
198 4.777340 1.578700
198 1.741340 1.510640
198 2.469190 1.535840
198 1.859200 1.566020
199 0.000000 1.500000
199 6.278780 3.127780
199 6.867420 4.580160
199 7.525940 6.982560
199 6.867420 5.761900
199 5.134520 2.191970
199 3.148390 1.934150
199 2.201980 1.688210
199 1.969150 1.719060
200 0.000000 1.500000
200 8.584280 6.826020
200 6.540400 3.967790
200 7.792820 5.205890
200 9.156560 8.706200
200 2.803030 1.851020
200 1.700910 1.361850
201 0.000000 1.500000
201 10.565300 6.617950
201 4.736150 2.826510
201 19.621200 7.301160
201 12.629700 7.080540
201 19.277000 10.067700
201 15.051900 7.217640
201 8.079320 6.185400
201 17.168600 6.821320
201 19.277000 8.884470
201 6.278780 4.022410
201 7.525940 5.134840
201 3.241260 1.980550
201 2.038570 1.187560
202 0.000000 1.500000
202 4.883500 2.700340
202 7.577840 3.625400
202 2.463650 2.067050
202 8.584280 0.550410
203 0.000000 1.500000
203 16.648300 1.231690
203 17.722400 1.019780
203 7.276740 1.399720
203 12.486200 11.393100
203 13.908700 1.257670
203 13.080800 11.362100
203 9.233510 1.381420
203 17.722400 1.000360
203 11.445700 1.298400
203 6.243110 1.392490
203 4.971890 1.419570
203 3.370510 1.449980
203 2.289140 1.486580
203 1.979800 1.489660
203 1.760880 1.456180
204 0.000000 1.500000
204 6.243110 1.809890
204 6.867420 3.210250
204 6.540400 5.630890
204 9.810600 7.403320
204 5.063540 0.935148
204 6.867420 4.369410
204 2.977740 0.762080
204 2.284380 0.401856
204 2.146070 0.857369
205 0.000000 1.500000
205 19.621200 -4.483920
205 15.475900 -8.455650
205 3.148390 -2.179160
205 20.347900 -2.999640
205 2.817400 -0.449302
206 0.000000 1.500000
206 8.139170 7.078700
206 3.103920 -2.114360
206 14.457700 10.054500
206 19.978000 -2.945100
206 15.260900 -8.354940
206 18.944600 -6.239600
206 17.168600 -7.272940
206 19.621200 -4.505430
206 2.817400 -0.452390
207 0.000000 1.500000
207 18.623500 -6.133840
207 20.347900 -3.021940
207 17.168600 -7.272940
207 15.475900 -8.472610
207 13.565300 -9.047230
207 19.621200 -4.526940
207 11.445700 -9.063730
207 9.810600 -8.715160
207 3.112710 -2.144230
207 2.817400 -0.452390

208 0.000000 1.500000
208 12.208700 1.906830
208 9.810600 1.822600
208 7.737940 1.759830
208 6.699920 1.744050
208 5.086980 1.764660
208 3.614430 1.685650
208 2.603760 1.690890
209 0.000000 1.500000
209 18.623500 1.786060
209 15.260900 1.731200
209 11.689200 1.710380
209 10.365900 1.732620
209 12.629700 11.108800
209 8.861190 1.714210
209 7.683830 1.705410
209 17.168600 11.525700
209 6.388300 1.669940
209 12.926900 1.693130
209 4.292140 1.648880
209 3.270200 1.654140
209 15.475900 13.442500
209 1.769380 1.604780
210 0.000000 1.500000
210 12.486200 10.804600
210 16.648300 1.359420
210 13.734800 1.392490
210 7.737940 1.530840
210 9.723780 1.540030
210 6.824770 1.522220
210 5.493940 1.520450
210 4.024860 1.559430
210 2.514390 1.583250
210 1.716860 1.530800
210 11.689200 1.441340
210 1.672430 1.500350
211 0.000000 1.500000
211 9.810600 1.414000
211 6.824770 1.432460
211 15.260900 1.296310
211 4.736150 1.445700
211 12.486200 1.375380
211 2.357910 1.538990
211 15.475900 1.263680
211 1.690440 1.516510
212 0.000000 1.500000
212 15.260900 7.652420
212 15.260900 0.510161
212 8.651870 7.183220
212 20.347900 -6.701790
212 11.445700 4.459730
212 10.772400 7.255410
212 15.697000 8.301180
212 4.616750 3.989930
212 6.867420 5.084470
212 19.621200 12.828100
212 15.260900 11.482800
212 12.629700 10.250500
212 18.623500 9.338550
212 18.944600 0.155730
212 15.697000 -2.572070
212 20.731800 15.849200
212 17.722400 10.013300
212 12.486200 2.894460
212 20.731800 12.190900
212 3.166530 2.507540
212 1.719540 1.463460
212 9.080890 4.951630
213 0.000000 1.500000
213 11.445700 10.330800
213 4.430590 1.784620
213 10.269000 9.178690
213 9.006450 5.947540
213 9.810600 7.446330
213 7.683830 4.290900
213 6.004300 2.931820
213 2.977740 1.362610
213 1.615860 1.389390
214 0.000000 1.500000
214 7.737940 7.281020
214 5.040310 2.809150
214 7.325250 5.889100
214 6.579570 4.114140
214 3.412380 1.808340
214 1.615860 1.423040
214 1.583270 1.364830
215 0.000000 1.500000
215 12.486200 4.126150
215 13.565300 6.207430
215 11.445700 8.223220
215 12.345900 7.232660
215 12.486200 -0.239495
215 12.486200 4.933590
215 11.689200 2.825020
215 9.810600 8.650640
215 9.156560 1.701100
215 9.311760 8.516960
215 5.439540 1.767720
215 8.720530 8.310730
215 3.614430 1.733180
215 2.452650 1.751370
215 10.667800 8.178820
215 2.042360 1.765060
216 0.000000 1.500000
216 19.621200 1.215070
216 17.168600 1.288990
216 17.168600 1.270180
216 14.650500 1.356860
216 17.168600 11.695000
216 14.848500 11.969900
216 15.475900 11.305300
216 17.168600 11.450400
216 7.683830 1.385380
216 6.243110 1.413020
216 5.086980 1.458000
216 10.269000 9.313750
216 3.674870 1.443970
216 9.311760 1.372720
216 1.801290 1.412600
216 10.879100 1.341440
216 1.962120 1.463460
216 12.776600 11.406000
217 0.000000 1.500000
217 18.623500 11.155200
217 19.277000 14.335600
217 19.621200 10.828100
217 11.445700 1.248220
217 19.978000 6.864600
217 6.243110 1.399330
217 12.926900 1.197230
217 3.309600 1.438290
217 2.746970 1.524960
217 9.233510 1.259980
217 2.158720 1.532010
218 0.000000 1.500000
218 6.579570 5.722300
218 5.333920 4.235570
218 3.938310 2.885610
218 1.969150 1.773020
219 0.000000 1.500000
219 8.452210 7.767840
219 14.457700 11.718300
219 16.648300 12.490200
219 19.978000 15.886000
219 7.525940 6.330910
219 5.207520 3.524480
219 3.841910 2.179140
219 6.388300 4.764750
219 1.825230 1.543400
219 1.594760 1.442910
220 0.000000 1.500000
220 13.734800 8.016230
220 15.697000 -0.387101
220 10.772400 8.589600
220 12.208700 8.610860
220 19.621200 6.806530
220 2.647680 2.221450
220 17.441100 -0.888900
220 19.978000 9.317020
220 13.734800 0.248390
220 17.168600 0.385757
220 11.445700 0.997324
220 9.391350 1.662370
220 7.228860 2.365050
220 5.521540 2.829230
220 17.168600 1.702980
220 2.953730 2.309890
220 3.802030 2.689920
220 4.054570 2.766370
221 0.000000 1.500000
221 6.782640 2.048080
221 8.584280 4.200990
221 8.517730 7.314580
221 8.861190 5.142620
221 8.020350 2.958050
221 9.006450 8.366040
221 8.861190 6.172120
221 8.199910 -0.139305
221 4.756660 1.822110
221 2.109000 1.808780
221 2.019830 1.798730
222 0.000000 1.500000
222 13.734800 2.732290
222 11.445700 2.402360
222 12.486200 9.655050
222 10.565300 10.149800
222 10.667800 2.636630
222 6.998650 2.074950
222 5.971670 2.058460
222 9.156560 4.190010
222 3.203460 1.831050
222 8.584280 2.234570
222 2.228780 2.016560
223 0.000000 1.500000
223 12.486200 1.375380
223 10.269000 1.457560
223 8.079320 1.518680
223 5.549430 1.529720
223 15.051900 1.410530
223 4.636230 1.521910
223 3.638370 1.545270
223 3.533080 1.488940
223 2.573270 1.547000
223 2.525950 1.526850
224 0.000000 1.500000
224 6.243110 3.349500
224 6.782640 4.791240
224 5.086980 2.383540
224 7.737940 7.162290
224 3.279960 2.338530
224 2.817400 2.595450
224 6.867420 6.047920
225 0.000000 1.500000
225 19.978000 -1.061990
225 18.012900 15.863400
225 18.623500 13.421000
225 15.924500 12.209000
225 17.168600 -3.697630
225 15.475900 -4.265990
225 13.565300 -4.616540
225 11.445700 -4.484820
225 9.233510 -4.154380
225 18.944600 -3.270340
225 20.731800 0.761218
225 3.815230 0.721335
225 2.585380 1.755470
225 2.224270 1.966150
226 0.000000 1.500000
226 7.904940 6.277170
226 6.782640 4.456710
226 3.638370 2.251110
226 1.881490 1.648720
227 0.000000 1.500000
227 13.399800 6.117040
227 12.486200 7.027450
227 14.270000 4.230740
227 12.345900 2.740160
227 12.776600 4.782250
227 9.988980 8.424740
227 10.565300 8.123340
227 11.566200 7.967500
227 9.006450 1.633720
227 11.327700 8.113610
227 5.634810 1.658250
227 3.828530 1.651210
227 8.933230 8.484060
227 2.313240 1.697450
227 1.868690 1.672320
228 0.000000 1.500000
228 7.630470 1.543030
228 11.814900 1.482730
228 15.260900 1.363220
228 14.087000 1.443630
228 11.689200 1.428520
228 16.904400 1.454440
228 12.486200 11.488900
228 9.638490 1.547650
228 6.540400 1.508980
228 5.207520 1.515380
228 17.722400 1.291730
228 3.614430 1.519260
228 2.023550 1.520370
228 1.724940 1.500200
228 1.664830 1.431490
229 0.000000 1.500000
229 11.445700 10.757300
229 15.260900 6.180480
229 11.566200 1.489550
229 13.734800 1.452710
229 12.345900 1.508780
229 16.648300 4.497940
229 17.168600 5.842810
229 13.734800 7.143100
229 15.260900 1.363220
229 15.260900 10.780300
229 19.277000 7.447740
229 8.651870 1.455610
229 13.734800 8.919460
229 12.776600 8.689280
229 6.867420 1.494100
229 5.308150 1.533030
229 13.734800 7.474280
229 3.130450 1.514830
229 1.807220 1.553920
229 3.139390 1.567330
230 0.000000 1.500000
230 8.584280 3.325980
230 9.156560 4.792170
230 7.525940 2.412760
230 8.584280 7.710440
230 8.452210 7.916060
230 8.584280 7.117690
230 5.663850 2.331030
230 9.156560 6.026600
230 3.662620 2.603330
230 2.585380 2.393050
230 2.224270 1.922270
231 0.000000 1.500000
231 15.475900 8.167290
231 17.168600 -1.702980
231 19.621200 11.086200
231 6.867420 5.701680
231 20.347900 9.801790
231 19.621200 9.129140
231 15.697000 10.451700
231 3.069240 2.709710
231 17.722400 -2.884530
231 13.908700 7.660360
231 11.445700 5.312790
231 12.629700 3.273800
231 9.080890 5.280080
231 10.772400 7.633240
231 2.001430 1.819640
231 13.565300 5.211270
232 0.000000 1.500000
232 5.722850 3.496910
232 6.867420 4.407040
232 6.278780 4.043060
232 3.724700 2.133070
232 1.625430 1.445710
232 7.848480 6.008670
232 1.613490 1.401500
233 0.000000 -1.500000
233 18.012900 -1.115470
233 14.087000 -1.227480
233 12.208700 -1.344820
233 9.554670 -1.356160
233 6.659320 -1.397740
233 4.466620 -1.485810
233 2.452650 -1.595450
233 2.005090 -1.609780
234 0.000000 1.500000
234 13.399800 1.417270
234 12.629700 10.527400
234 18.313100 1.294640
234 14.650500 5.997490
234 17.722400 3.486690
234 17.441100 5.878210
234 13.238400 7.349230
234 6.540400 1.458800
234 19.621200 1.193560
234 11.445700 1.486580
234 15.697000 4.309730
234 14.650500 7.474790
234 15.475900 1.365460
234 19.621200 6.139860
234 12.345900 10.818500
234 8.517730 1.461050
234 5.063540 1.517880
234 15.260900 9.910510
234 11.689200 8.654420
234 16.904400 1.324750
234 3.433710 1.473400
235 0.000000 1.500000
235 6.910610 3.366780
235 7.325250 4.740990
235 9.810600 9.306560
235 8.584280 7.663400
235 7.525940 6.083440
235 5.752810 2.386560
235 3.995590 2.345130
235 2.706370 2.531730
235 2.853990 2.378910
236 0.000000 1.500000
236 14.270000 13.098900
236 19.621200 12.914100
236 15.697000 4.757050
236 18.012900 12.349200
236 16.648300 6.760590
236 11.566200 0.779636
236 15.697000 8.266770
236 15.260900 11.934400
236 15.475900 9.914400
236 14.848500 3.100300
236 13.238400 1.864510
236 7.630470 -0.171448
236 9.554670 0.047125
236 5.634810 0.602158
236 3.175690 1.787330
236 2.034790 1.847730
236 2.088950 1.928970
237 0.000000 1.500000
237 7.276740 5.993660
237 5.783090 3.540050
237 3.412380 1.830780
237 6.579570 4.236740
237 1.752450 1.387750
237 5.086980 2.902070
237 1.682680 1.358310
238 0.000000 1.500000
238 2.753850 2.521820
238 1.887950 1.617140
239 0.000000 1.500000
239 8.584280 0.973802
239 4.994490 2.882150
239 7.577840 3.949320
239 2.706370 2.137220
240 0.000000 1.500000
240 12.486200 10.065600
240 10.565300 9.675050
240 8.452210 2.190930
240 6.699920 2.059820
240 19.621200 13.387300
240 11.566200 2.478350
240 1.649830 1.478270
241 0.000000 1.500000
241 11.689200 2.620030
241 11.098900 9.871740
241 10.565300 2.541800
241 8.079320 2.235950
241 7.228860 2.206590
241 5.466600 2.064110
241 2.922310 1.833700
242 0.000000 1.500000
242 11.689200 2.620030
242 10.464600 2.529060
242 10.987900 9.905500
242 8.079320 2.244810
242 7.228860 2.222440
242 5.439540 2.053890
242 3.855390 1.852960
243 0.000000 1.500000
243 11.566200 2.592450
243 10.464600 2.529060
243 8.079320 2.244810
243 7.181620 2.207910
243 5.439540 2.053890
244 0.000000 1.500000
244 10.879100 9.807420
244 11.689200 2.607220
244 10.464600 2.517590
244 8.079320 2.244810
244 7.181620 2.207910
244 5.439540 2.053890
245 0.000000 1.500000
245 11.689200 2.620030
245 10.464600 2.529060
245 8.079320 2.244810
245 7.181620 2.207910
245 5.439540 2.053890
246 0.000000 1.500000
246 11.566200 2.592450
246 10.565300 2.553380
246 10.772400 9.723080
246 8.079320 2.244810
246 7.181620 2.207910
246 5.412750 2.049710
246 2.868900 1.822200
247 0.000000 1.500000
247 10.879100 9.807420
247 11.566200 2.592450
247 10.464600 2.540530
247 8.079320 2.235950
247 7.181620 2.207910
247 5.412750 2.043780
247 2.868900 1.822200
248 0.000000 1.500000
248 8.079320 2.244810
248 11.566200 2.592450
248 10.565300 2.553380
248 7.181620 2.207910
248 5.412750 2.049710
248 2.876410 1.823810
249 0.000000 1.500000
249 11.445700 2.577990
249 10.464600 2.540530
249 8.079320 2.235950
249 7.134980 2.193570
249 5.439540 2.059860
249 2.876410 1.826970
250 0.000000 1.500000
250 11.445700 2.577990
250 10.464600 2.540530
250 8.079320 2.244810
250 7.181620 2.215780
250 5.412750 2.061570
250 2.876410 1.823810
251 0.000000 1.500000
251 11.566200 2.605120
251 10.464600 2.529060
251 8.079320 2.244810
251 7.181620 2.207910
251 5.439540 2.059860
251 3.882640 1.870310
251 2.861430 1.820590
252 0.000000 1.500000
252 11.445700 2.577990
252 10.464600 2.529060
252 8.079320 2.235950
252 7.181620 2.207910
252 5.412750 2.049710
252 3.868970 1.863720
252 2.853990 1.809600
253 0.000000 1.500000
253 11.445700 2.577990
253 10.464600 2.540530
253 8.079320 2.244810
253 7.088950 2.179420
253 5.412750 2.049710
253 3.896410 1.872670
253 2.861430 1.817450
254 0.000000 1.500000
254 11.566200 2.605120
254 10.464600 2.540530
254 8.079320 2.244810
254 7.088950 2.187190
254 5.412750 2.049710
254 3.896410 1.872670
254 2.861430 1.817450
255 0.000000 1.500000
255 10.464600 2.529060
255 8.079320 2.244810
255 11.566200 2.605120
255 7.134980 2.193570
255 5.386210 2.033760
255 3.855390 1.852960
255 2.853990 1.815860
256 0.000000 1.500000
256 8.079320 2.244810
256 11.566200 2.605120
256 10.464600 2.540530
256 7.134980 2.193570
256 5.439540 2.059860
256 2.846600 1.808030
257 0.000000 1.500000
257 11.566200 2.605120
257 10.464600 2.540530
257 8.079320 2.244810
257 7.134980 2.201400
257 5.412750 2.049710
258 0.000000 1.500000
258 12.208700 2.669570
258 10.464600 2.529060
258 8.079320 2.235950
258 7.181620 2.207910
258 5.439540 2.059860
259 0.000000 1.500000
259 11.445700 2.577990
259 10.464600 2.529060
259 8.079320 2.253660
259 7.181620 2.215780
259 5.439540 2.059860
259 2.861430 1.817450
260 0.000000 1.500000
260 11.689200 2.607220
260 10.464600 2.529060
260 8.079320 2.244810
260 7.181620 2.215780
260 5.439540 2.059860
260 2.861430 1.820590

261 0.000000 1.500000
261 12.629700 -0.906697
261 19.621200 -13.021700
261 16.648300 -13.110600
261 10.667800 -0.602158
261 14.457700 -12.019400
261 12.208700 -11.608300
261 14.848500 -1.407750
261 17.168600 -12.654700
261 11.327700 -10.485000
261 14.087000 -13.764700
261 8.324150 -0.050180
261 13.399800 -0.345139
261 6.037290 -0.440038
261 4.840470 -1.318380
261 19.621200 -0.526888
261 3.712120 -1.906150
261 2.399100 -2.136480
261 2.125310 -1.738920

262 0.000000 1.500000
262 19.621200 0.483877
262 13.734800 8.934520
262 11.445700 1.612030
262 9.391350 1.610900
262 13.734800 1.633350
262 7.792820 1.567320
262 15.697000 0.748396
262 6.540400 1.573500
262 5.282630 1.502500
262 11.566200 9.754960
262 15.475900 8.964520
262 3.423010 1.521340
262 2.597610 1.464820
263 0.000000 1.500000
263 19.621200 0.483877
263 13.734800 8.934520
263 11.445700 1.612030
263 9.311760 1.597250
263 13.734800 1.633350
263 7.737940 1.564760
263 15.475900 0.754817
263 6.540400 1.566330
263 5.282630 1.508290
263 11.566200 9.754960
263 15.475900 8.947560
263 3.423010 1.517590
263 2.591480 1.461370
264 0.000000 1.500000
264 19.621200 0.483877
264 13.734800 8.934520
264 11.566200 1.616320
264 9.311760 1.597250
264 13.734800 1.633350
264 7.737940 1.564760
264 15.697000 0.765601
264 6.540400 1.566330
264 5.282630 1.508290
264 11.566200 9.742280
264 15.260900 8.823280
264 2.597610 1.464820
265 0.000000 1.500000
265 19.621200 0.483877
265 13.734800 8.949570
265 11.566200 1.616320
265 9.311760 1.597250
265 13.734800 1.633350
265 7.792820 1.567320
265 15.697000 0.748396
265 6.540400 1.573500
265 5.282630 1.508290
265 11.566200 9.754960
265 15.260900 8.840010
265 3.423010 1.521340
265 2.591480 1.461370
266 0.000000 1.500000
266 13.734800 8.949570
266 19.621200 0.483877
266 11.445700 1.599480
266 9.311760 1.597250
266 13.734800 1.633350
266 7.848480 1.587120
266 15.924500 0.759242
266 6.540400 1.566330
266 5.282630 1.508290
266 11.566200 9.754960
266 15.260900 8.823280
266 3.412380 1.516610
266 2.597610 1.467670
267 0.000000 1.500000
267 13.734800 8.949570
267 19.621200 0.483877
267 11.445700 1.599480
267 9.311760 1.597250
267 13.734800 1.633350
267 7.737940 1.564760
267 15.475900 0.754817
267 6.540400 1.573500
267 5.282630 1.508290
267 11.566200 9.742280
267 15.260900 8.823280
267 3.423010 1.521340
267 2.597610 1.467670
268 0.000000 1.500000
268 10.565300 9.837170
268 19.277000 0.581029
268 12.486200 8.957100
268 18.012900 -0.187557
268 10.565300 1.708040
268 8.139170 1.654820
268 12.486200 1.703830
268 6.659320 1.631300
268 14.848500 0.854413
268 5.333920 1.593090
268 4.130780 1.537090
268 14.457700 9.103670
268 2.224270 1.529770
268 1.565220 1.404180
269 0.000000 1.500000
269 19.621200 4.569950
269 18.313100 3.602910
269 12.486200 9.983500
269 15.475900 0.686969
269 16.904400 1.917640
269 12.629700 9.807560
269 13.399800 -0.007343
269 10.772400 9.050080
269 19.978000 4.718730
269 6.699920 1.758740
269 4.412800 1.709740
269 8.933230 1.777100
269 2.876410 1.672490
269 10.879100 0.912180
269 1.708850 1.562990
270 0.000000 1.500000
270 15.260900 6.381200
270 16.648300 7.599960
270 11.445700 4.321740
270 8.933230 1.238580
270 13.080800 5.455260
270 6.540400 0.369180
270 9.810600 2.457020
270 4.275440 1.141050
270 2.104960 1.837620
271 0.000000 1.500000
271 19.978000 15.338600
271 18.313100 5.449530
271 16.904400 6.012310
271 14.087000 5.998420
271 11.445700 6.379110
271 9.080890 5.648340
271 7.181620 4.876300
271 4.798200 3.910080
271 2.922310 2.413440
271 19.277000 4.341870
271 1.558560 1.346950
272 0.000000 1.500000
272 12.486200 -7.698040
272 13.734800 -9.190430
272 1.813180 1.567000
272 14.087000 6.060180
272 11.445700 10.820000
272 19.621200 3.838760
272 5.813690 0.207091
272 9.723780 -3.213280
272 7.630470 -1.191770
272 12.486200 7.711730
272 11.098900 -5.528900
272 16.904400 4.900640
272 3.270200 1.517940
273 0.000000 1.500000
273 15.260900 5.862680
273 15.260900 9.943970
273 14.457700 11.544000
273 15.924500 8.665840
273 11.445700 3.543950
273 12.486200 4.098780
273 15.697000 7.234500
273 13.908700 5.068800
273 13.734800 3.635530
273 9.156560 2.644480
273 6.540400 1.451630
273 4.412800 1.288960
273 1.795400 1.423730
274 0.000000 1.500000
274 5.971670 1.947190
274 7.792820 5.718360
274 8.079320 7.575680
274 7.630470 4.328010
274 6.867420 2.991970
274 2.733300 1.667170
274 4.559280 1.756500
274 1.846700 1.632400
275 0.000000 1.500000
275 5.783090 5.454280
275 4.115310 3.574610
275 1.597070 -1.145680
275 2.746970 2.268630
275 1.941320 1.745830
276 0.000000 1.500000
276 4.819240 3.826870
276 6.243110 5.826560
276 4.069580 2.642800
276 3.194150 1.783720
276 1.601730 1.329840
277 0.000000 1.500000
277 9.554670 3.660070
277 17.168600 5.108930
277 17.441100 5.591460
277 6.824770 2.793860
277 19.621200 4.161340
277 4.292140 2.227510
277 2.693110 1.716440
277 1.786650 1.569530
278 0.000000 1.500000
278 5.086980 2.701350
278 19.621200 14.053900
278 6.954350 5.796720
278 17.441100 13.295300
278 6.243110 4.232210
278 3.203460 1.785410
278 1.338350 1.205050
279 0.000000 1.500000
279 6.540400 4.440910
279 7.962230 0.397075
279 5.308150 2.946790
279 3.231730 1.850750
279 6.910610 6.245020
279 1.604070 1.460120
280 0.000000 1.500000
280 7.904940 7.594120
280 16.648300 0.593034
280 14.848500 0.284804
280 10.879100 -3.893160
280 9.233510 5.136050
280 8.079320 -2.519320
280 10.565300 3.097640
280 7.630470 -1.517940
280 6.867420 -0.267208
280 5.844610 1.008930
280 4.430590 1.653510
280 2.628680 1.989430
280 8.584280 -3.711740
281 0.000000 1.500000
281 15.697000 0.473124
281 19.978000 3.120270
281 13.565300 9.121580
281 15.051900 12.133900
281 18.623500 0.112267
281 11.566200 8.335130
281 18.012900 2.122360
281 15.260900 -0.677428
281 10.365900 -0.085211
281 8.079320 0.951941
281 8.861190 8.337940
281 12.629700 -1.211240
281 5.783090 1.099730
281 3.499320 1.236920
281 2.184470 1.310860
281 2.100930 1.327510
281 1.620630 1.409480
282 0.000000 1.500000
282 8.020350 6.685270
282 11.566200 8.956300
282 17.168600 9.662750
282 14.848500 9.724030
282 4.559280 3.430550
282 3.444470 2.097170
282 5.971670 5.278700
282 2.023550 1.305230
283 0.000000 1.500000
283 20.347900 1.393880
283 13.908700 -10.907400
283 12.486200 11.461500
283 13.734800 8.272140
283 18.313100 2.759890
283 12.629700 -9.115420
283 13.734800 -10.138800
283 14.270000 9.532860
283 10.565300 -4.521970
283 8.651870 -2.233200
283 6.910610 -0.640029
283 4.559280 0.936967
283 2.188820 1.392640
283 14.087000 5.952100
283 15.697000 4.258120
283 1.807220 1.468750
284 0.000000 1.500000
284 15.260900 5.996490
284 15.260900 10.144700
284 13.565300 3.843400
284 13.908700 5.190750
284 13.734800 13.119500
284 15.475900 7.251340
284 15.697000 14.426000
284 14.087000 11.464200
284 15.697000 13.737800
284 15.260900 2.400270
284 11.814900 3.114390
284 9.006450 2.680100
284 6.540400 1.501810
284 4.292140 1.310160
284 1.693050 1.414930
284 1.819180 1.554240
285 0.000000 1.500000
285 6.243110 5.655490
285 5.844610 4.154250
285 5.282630 2.961570
285 4.275440 1.904880
285 2.795900 1.739060
285 1.837440 1.666510
286 0.000000 1.500000
286 19.621200 -4.311880
286 19.277000 10.448000
286 14.087000 9.688560
286 13.734800 -1.392490
286 19.621200 -3.215090
286 11.445700 0.219537
286 9.311760 0.933855
286 12.074600 10.289600
286 16.399800 -2.938890
286 6.463460 1.037840
286 3.924240 1.120440
286 2.180130 1.124270
287 0.000000 1.500000
287 10.565300 9.478200
287 8.584280 5.809880
287 6.172960 2.845030
287 4.466620 1.882350
287 7.737940 4.049720
287 2.641320 1.564740
287 11.445700 11.008200
287 9.006450 7.586200
287 1.795400 1.465050
288 0.000000 1.500000
288 8.324150 4.365640
288 1.772240 1.494710
288 8.452210 5.072020
288 6.867420 4.512420
288 5.493940 3.248640
288 8.517730 0.471457
288 1.708850 1.467470
289 0.000000 1.500000
289 9.391350 8.507410
289 8.020350 4.654640
289 6.824770 3.130470
289 4.756660 1.983730
289 9.638490 6.449430
289 2.420240 1.558450
289 1.783750 1.563070
290 0.000000 1.500000
290 19.621200 3.903270
290 12.486200 -2.784980
290 14.270000 4.246390
290 19.277000 4.532030
290 10.464600 7.013700
290 16.904400 3.066370
290 10.365900 -0.971405
290 11.327700 -2.116860
290 9.810600 -0.059140
290 12.208700 5.198630
290 8.651870 1.047850
290 7.525940 2.165290
290 5.971670 2.542810
290 4.069580 2.544670
290 1.941320 1.747960
290 1.532480 1.277380
291 0.000000 1.500000
291 19.621200 3.709720
291 17.168600 1.025550
291 10.772400 8.695870
291 16.158600 1.018360
291 15.051900 12.892800
291 17.441100 1.003600
291 17.722400 2.709710
291 15.260900 12.687100
291 13.565300 9.760900
291 15.260900 -0.175629
291 12.629700 -0.782113
291 9.988980 0.322976
291 8.079320 1.323860
291 9.723780 8.915130
291 11.445700 8.975910
291 3.289780 1.451310
291 1.652310 1.442460
291 5.722850 1.408170
291 1.868690 1.502320
291 1.801290 1.507370
292 0.000000 1.500000
292 13.734800 -9.039890
292 15.475900 -9.880480
292 18.944600 4.163190
292 14.650500 -11.392800
292 13.734800 6.360290
292 16.158600 5.109490
292 13.908700 9.733610
292 11.689200 7.719150
292 10.772400 9.723080
292 10.667800 -5.244030
292 9.156560 -2.975660
292 15.475900 -10.881200
292 7.424240 -1.078190
292 5.493940 0.286025
292 2.883960 1.550440
292 12.486200 -7.588560
292 1.639980 1.487420
293 0.000000 1.500000
293 12.486200 5.439950
293 13.080800 10.559300
293 15.260900 12.787500
293 13.734800 9.295810
293 13.908700 6.318850
293 6.867420 2.916700
293 4.430590 1.697210
293 2.228780 1.444930
293 1.724940 1.449150
293 13.908700 7.950010
294 0.000000 1.500000
294 4.430590 3.629940
294 5.971670 5.651770
294 2.647680 1.571410
294 3.724700 2.492320
294 1.733100 1.579480
295 0.000000 1.500000
295 7.962230 7.108080
295 8.139170 5.348050
295 7.683830 4.088780
295 7.683830 3.676110
295 5.333920 2.288780
295 3.270200 1.862030
295 1.763700 1.516510
296 0.000000 1.500000
296 3.924240 3.692520
296 17.168600 13.275700
296 1.672430 1.516850
297 0.000000 1.500000
297 7.228860 5.241150
297 7.848480 7.066750
297 6.314870 3.547190
297 4.655880 2.390770
297 2.922310 1.542230
297 1.608770 1.363890
297 1.708850 1.325120
298 0.000000 1.500000
298 6.138480 5.385780
298 5.466600 3.550030
298 4.010170 2.177880
298 1.108770 0.835486
298 1.695660 1.333480
299 0.000000 1.500000
299 9.898980 7.057720
299 4.258870 2.789060
299 6.501700 5.127250
299 9.898980 5.267520
299 9.156560 3.617960
299 5.439540 3.860370
299 8.020350 2.175680
299 2.497240 1.917330
299 6.659320 5.930340
300 0.000000 1.500000
300 8.020350 7.546750
300 14.087000 2.894990
300 16.648300 0.337573
300 14.848500 0.056961
300 8.584280 -3.871690
300 9.638490 5.181730
300 10.772400 -3.890410
300 10.667800 2.975710
300 7.577840 -1.607140
300 6.867420 -0.357531
300 5.875870 0.949928
300 8.079320 -2.643300
300 4.430590 1.614660
300 2.641320 1.984520
301 0.000000 1.500000
301 6.388300 3.112320
301 8.584280 0.954985
301 7.737940 0.597917
301 2.781740 1.513780
301 1.587840 1.285240
301 3.924240 1.989270
302 0.000000 1.500000
302 15.260900 1.480300
302 18.944600 4.370830
302 16.904400 3.270180
302 20.347900 5.296760
302 13.565300 10.102900
302 9.006450 0.577479
302 11.566200 -0.450034
302 6.579570 1.467530
302 13.734800 0.233336
302 9.723780 8.957760
302 4.412800 1.511440
302 9.810600 9.134520
302 1.620630 1.430790
302 2.001430 1.505940
302 1.780850 1.439520
303 0.000000 1.500000
303 20.731800 5.351250
303 18.623500 6.256320
303 19.978000 -7.171150
303 19.621200 4.828010
303 15.475900 -8.116410
303 13.734800 7.760310
303 15.697000 5.892540
303 9.810600 -3.596820
303 19.621200 -8.763550
303 13.565300 -6.980570
303 15.924500 6.937900
303 9.723780 9.085650
303 18.623500 -8.930310
303 11.689200 -5.528320
303 10.667800 10.131500
303 8.079320 -1.616090
303 5.722850 0.021954
303 3.614430 1.051800
303 1.786650 1.649810
303 10.667800 8.272360
304 0.000000 1.500000
304 11.445700 10.443700
304 6.619200 2.796770
304 12.486200 7.396960
304 13.734800 10.500100
304 12.345900 8.978240
304 12.345900 6.041870
304 4.430590 2.022570
304 2.049980 1.205440
304 1.265880 0.948329
305 0.000000 1.500000
305 17.168600 6.915410
305 17.441100 8.975020
305 6.910610 3.578860
305 4.466620 2.773350
305 19.621200 6.204380
305 2.883960 2.094120
305 2.019830 1.843000
306 0.000000 1.500000
306 19.978000 11.616200
306 18.313100 11.370700
306 6.104370 5.041400
306 5.110640 3.509320
306 3.724700 2.100410
306 1.667360 1.371530
306 1.574190 1.344930
307 0.000000 1.500000
307 11.814900 7.957550
307 16.648300 12.417200
307 13.734800 12.080800
307 14.087000 7.665930
307 13.565300 12.362800
307 16.904400 7.161050
307 18.012900 3.405650
307 9.810600 1.930130
307 9.554670 7.440580
307 14.650500 12.372300
307 7.577840 3.392850
307 6.501700 1.614070
307 9.156560 0.687463
307 4.949490 0.615720
307 8.079320 5.769200
307 3.260500 0.741530
307 1.587840 1.365300
308 0.000000 1.500000
308 7.043510 1.092380
308 10.772400 8.672250
308 11.212100 7.170590
308 11.212100 10.033900
308 10.565300 3.421880
308 11.327700 5.332510
308 11.445700 10.656900
308 11.689200 10.845200
308 9.233510 2.019000
308 4.736150 0.931787
308 2.719770 1.232630
308 2.008750 1.619330
309 0.000000 1.500000
309 3.802030 3.039960
309 9.156560 4.922640
309 7.683830 2.564430
309 5.971670 0.494162
309 4.883500 4.370330
309 2.141890 1.846380
309 1.632670 1.368050
310 0.000000 1.500000
310 19.978000 5.616490
310 19.277000 5.123620
310 17.168600 3.979890
310 15.260900 3.052610
310 13.734800 1.332270
310 12.208700 0.073597
310 12.486200 11.311000
310 7.228860 0.479349
310 9.723780 -0.559527
310 5.110640 1.425570
310 2.846600 1.486670
310 1.690440 1.451660
310 1.647360 1.483280
311 0.000000 1.500000
311 18.623500 3.296560
311 20.347900 14.396000
311 16.904400 4.789470
311 14.457700 5.474880
311 11.445700 5.852220
311 9.006450 5.256540
311 6.954350 4.493320
311 4.655880 3.743070
311 2.666960 2.328250
311 1.599400 1.426070
312 0.000000 1.500000
312 20.731800 6.919130
312 19.621200 -7.000080
312 17.168600 7.893910
312 14.457700 -7.217970
312 19.277000 -4.384130
312 13.908700 8.056720
312 9.638490 9.016520
312 11.814900 8.708630
312 9.638490 8.942570
312 12.926900 -5.561100
312 11.327700 -4.463420
312 10.269000 9.786470
312 9.156560 -2.674580
312 7.228860 -0.851736
312 19.621200 7.301160
312 17.441100 -6.470810
312 4.883500 0.553985
312 1.813180 1.672330
312 2.679970 1.393770
313 0.000000 1.500000
313 8.139170 3.626330
313 6.540400 3.057380
313 12.208700 7.861500
313 11.943300 6.368470
313 11.689200 9.307820
313 4.308970 2.179570
313 2.008750 1.319900
313 1.131600 0.879981
314 0.000000 1.500000
314 3.095180 2.705470
314 2.088950 1.713750
314 1.948200 1.288660
315 0.000000 1.500000
315 4.777340 2.191330
315 6.314870 4.315460
315 5.722850 3.158190
315 6.243110 5.990790
315 3.060690 1.655510
315 1.881490 1.601290
316 0.000000 1.500000
316 9.156560 3.617960
316 6.501700 2.804130
316 17.168600 6.087440
316 3.995590 2.261920
316 19.621200 4.182850
316 2.368080 1.745480
316 1.825230 1.631430
317 0.000000 1.500000
317 19.621200 9.086130
317 18.944600 4.993760
317 19.621200 7.086110
317 16.904400 1.361800
317 11.689200 10.870900
317 15.475900 -0.059368
317 8.079320 -0.394059
317 9.898980 -0.927648
317 6.004300 0.720615
317 18.623500 2.643370
317 4.039660 1.879530
317 2.414920 1.999690
317 2.077100 1.535560
318 0.000000 1.500000
318 12.486200 4.358800
318 9.156560 6.478210
318 10.174000 9.149450
318 8.651870 4.509070
318 7.474740 2.978020
318 5.386210 1.803520
318 3.103920 1.376120
318 1.576450 1.383150
319 0.000000 1.500000
319 16.904400 5.122970
319 9.810600 8.113000
319 14.087000 7.712250
319 11.689200 6.912000
319 4.193840 3.224530
319 17.722400 9.197470
319 13.238400 -1.240590
319 11.689200 -0.595752
319 10.565300 0.422668
319 13.734800 0.986033
319 9.898980 1.242290
319 9.080890 2.274270
319 18.623500 5.970550
319 7.630470 3.207330
319 6.037290 3.397890
319 14.087000 5.859460
320 0.000000 1.500000
320 8.720530 4.000050
320 8.720530 1.381140
320 4.695670 2.663390
320 6.172960 3.156250
320 19.621200 7.150620
320 3.370510 2.166660
320 2.210840 1.791930
320 7.088950 0.431223
321 0.000000 1.500000
321 19.978000 -0.514571
321 17.168600 0.498662
321 15.260900 1.480300
321 14.087000 9.858400
321 12.629700 1.488090
321 15.924500 10.027200
321 10.365900 1.494030
321 7.228860 1.461820
321 5.971670 1.430120
321 8.584280 1.472460
321 1.669890 1.399240
322 0.000000 1.500000
322 18.944600 13.174800
322 16.904400 0.657742
322 13.908700 1.562560
322 11.814900 1.586330
322 12.345900 10.453200
322 9.311760 1.556420
322 15.260900 10.261800
322 13.565300 10.251500
322 6.425660 1.517720
322 5.110640 1.453580
322 7.737940 1.530840
322 2.378330 1.435010
323 0.000000 1.500000
323 13.908700 1.562560
323 16.648300 0.647776
323 13.908700 1.547320
323 11.814900 1.573380
323 12.345900 10.453200
323 15.260900 10.261800
323 9.311760 1.556420
323 13.734800 10.364600
323 6.501700 1.528550
323 5.110640 1.453580
323 7.683830 1.528550
323 2.373190 1.431910
324 0.000000 1.500000
324 16.648300 0.647776
324 13.734800 1.543030
324 11.814900 1.573380
324 12.208700 10.337000
324 15.260900 10.278500
324 9.311760 1.556420
324 13.565300 10.251500
324 6.501700 1.542810
324 5.110640 1.453580
324 18.944600 13.174800
324 7.737940 1.530840
324 2.373190 1.434510
325 0.000000 1.500000
325 13.734800 1.543030
325 16.648300 0.647776
325 11.689200 1.569450
325 12.208700 10.323700
325 9.311760 1.556420
325 15.260900 10.261800
325 13.565300 10.251500
325 6.463460 1.533730
325 5.110640 1.464780
325 7.737940 1.530840
325 3.212830 1.491310
325 2.378330 1.437620
326 0.000000 1.500000
326 18.623500 12.971900
326 16.399800 0.656082
326 13.908700 1.547320
326 11.689200 1.569450
326 9.311760 1.546220
326 12.345900 10.439700
326 15.260900 10.261800
326 13.734800 10.394700
326 6.501700 1.542810
326 5.134520 1.466000
326 7.737940 1.522360
326 3.231730 1.500080
326 2.368080 1.431420
327 0.000000 1.500000
327 13.734800 1.543030
327 12.345900 10.439700
327 11.689200 1.569450
327 15.260900 10.278500
327 9.391350 1.580020
327 13.734800 10.379700
327 6.463460 1.533730
327 5.110640 1.464780
327 7.737940 1.522360
327 3.222250 1.495680
327 2.378330 1.437620
328 0.000000 1.500000
328 12.208700 10.337000
328 15.260900 10.278500
328 9.233510 1.543350
328 13.734800 10.379700
328 6.463460 1.526650
328 5.110640 1.453580
328 7.683830 1.520130
328 3.250850 1.508960
328 2.373190 1.434510
329 0.000000 1.500000
329 16.399800 0.656082
329 12.345900 10.453200
329 15.260900 10.278500
329 13.565300 10.251500
329 5.086980 1.480300
329 3.241260 1.504510
329 2.378330 1.437620
330 0.000000 1.500000
330 18.313100 12.735600
330 16.648300 0.647776
330 13.908700 1.547320
330 11.814900 1.573380
330 9.311760 1.556420
330 12.208700 10.323700
330 15.260900 10.278500
330 7.683830 1.528550
330 6.463460 1.533730
330 13.565300 10.236700
330 5.086980 1.452430
330 2.368080 1.431420
331 0.000000 1.500000
331 18.944600 13.174800
331 16.648300 0.647776
331 13.908700 1.547320
331 11.814900 1.573380
331 12.208700 10.337000
331 9.311760 1.556420
331 7.737940 1.530840
331 6.314870 1.512320
331 13.565300 10.251500
331 5.110640 1.453580
331 2.373190 1.434510
332 0.000000 1.500000
332 18.944600 13.195600
332 16.158600 0.628724
332 13.908700 1.547320
332 11.814900 1.573380
332 12.345900 10.439700
332 15.260900 10.278500
332 9.311760 1.556420
332 7.737940 1.522360
332 6.278780 1.496790
332 13.734800 10.379700
332 5.086980 1.458000
332 3.121560 1.476310
332 2.362980 1.425750
333 0.000000 1.500000
333 16.648300 0.647776
333 13.908700 1.562560
333 11.814900 1.573380
333 9.311760 1.556420
333 7.630470 1.509580
333 6.463460 1.533730
333 5.110640 1.453580
334 0.000000 1.500000
334 13.734800 1.543030
334 16.648300 0.647776
334 11.689200 1.556640
334 9.233510 1.543350
334 7.630470 1.509580
334 6.463460 1.540820
334 5.110640 1.453580
334 2.399100 1.444920
335 0.000000 1.500000
335 13.908700 1.547320
335 16.158600 0.628724
335 11.689200 1.556640
335 9.311760 1.556420
335 7.577840 1.490860
335 6.463460 1.540820
335 5.086980 1.452430
335 2.373190 1.447520
336 0.000000 1.500000
336 13.734800 1.527980
336 16.399800 0.638107
336 11.814900 1.573380
336 9.233510 1.543350
336 7.630470 1.509580
336 6.463460 1.540820
336 5.110640 1.453580
336 2.373190 1.444920
337 0.000000 1.500000
337 13.908700 1.562560
337 16.399800 0.638107
337 11.689200 1.569450
337 9.311760 1.556420
337 7.630470 1.501210
337 6.425660 1.531800
337 5.110640 1.453580
338 0.000000 1.500000
338 2.388670 1.388890
338 16.158600 0.646434
338 13.734800 1.543030
338 11.814900 1.573380
338 9.233510 1.553470
338 7.630470 1.509580
338 6.463460 1.540820
338 5.110640 1.453580
339 0.000000 1.500000
339 16.648300 0.647776
339 13.734800 1.527980
339 11.689200 1.556640
339 7.630470 1.501210
339 6.388300 1.522900
339 5.110640 1.459180
339 9.233510 1.543350
340 0.000000 1.500000
340 2.399100 1.394960
340 13.908700 1.562560
340 16.904400 0.657742
340 11.689200 1.569450
340 9.233510 1.543350
340 7.630470 1.509580
340 6.463460 1.540820
340 5.086980 1.452430
