1 -0.001608 -1.578050
2 -0.000727 -1.576480
2 4.173800 1.018670

3 -0.003142 -1.575040
3 2.310090 -0.750925

4 -0.002976 -1.574920
4 14.559500 6.840270
4 14.950500 -0.474471
4 17.586600 4.272310
4 11.739800 -0.680151
4 11.614700 6.564860
4 2.036700 -1.345690
4 3.550320 -1.235460
4 5.403020 -1.086140
4 7.312900 -1.000750
4 9.222590 6.493380
4 9.210700 -0.882900
5 -0.002938 -1.574950
5 15.152400 -0.479962
5 11.864600 -0.686651
5 11.614600 6.564800
5 9.210540 -0.892973
5 9.146310 6.449020
5 7.312750 -1.000770
5 5.402890 -1.080120
5 3.538210 -1.231530
5 2.036550 -1.345650
5 14.368700 6.751610
6 -0.002939 -1.574970
6 15.152600 -0.480255
6 14.373100 6.766680
6 11.864700 -0.686889
6 11.618300 6.564470
6 9.213410 -0.893245
6 9.222750 6.493150
6 7.310640 -1.008900
6 5.401340 -1.086220
6 17.586600 4.271750
6 3.551400 -1.235570
6 2.032470 -1.345590
7 -0.003013 -1.575030
7 11.614800 6.564660
7 14.950400 -0.490798
7 11.868200 -0.686893
7 9.146470 6.448910
7 9.216130 -0.893239
7 17.591700 4.271940
7 14.559700 6.855670
7 7.361890 -1.015150
7 5.374430 -1.081130
7 3.551360 -1.235520
7 2.032430 -1.345540
8 -0.002995 -1.575090
8 15.148000 -0.480044
8 11.868100 -0.686936
8 9.213300 -0.893211
8 9.222580 6.493190
8 7.312760 -1.000910
8 11.614700 6.564620
8 5.401230 -1.086220
8 14.368700 6.766880
8 3.551300 -1.231520
8 2.032370 -1.343150
9 -0.003030 -1.575100
9 15.152400 -0.480110
9 14.372700 6.751420
9 11.732600 -0.692823
9 9.213240 -0.883137
9 9.222490 6.503260
9 7.312660 -1.008910
9 5.374290 -1.075180
9 11.614600 6.564670
9 3.538150 -1.227580
9 2.027450 -1.340520
10 -0.002983 -1.575250
10 14.950400 -0.474587
10 14.372800 6.751490
10 11.864600 -0.699503
10 9.222490 6.503330
10 9.210540 -0.893026
10 7.361830 -1.007050
10 5.402880 -1.086220
10 11.618000 6.564660
10 3.539340 -1.227600
10 2.036550 -1.348230
11 -0.003073 -1.575130
11 15.152400 -0.480219
11 11.868100 -0.686982
11 11.614700 6.564570
11 9.222570 6.493140
11 14.368500 6.751490
11 9.293500 -0.900213
11 7.310540 -1.000900
11 5.376000 -1.081290
11 14.364400 6.751510
11 3.551290 -1.231570
11 2.048510 -1.353680
12 -0.003072 -1.575080
12 15.152500 -0.464053
12 17.586500 4.290690
12 14.368800 6.766730
12 11.868100 -0.687054
12 11.614800 6.564500
12 9.213330 -0.893299
12 9.222690 6.493100
12 7.310580 -1.000920
12 5.376030 -1.081290
12 3.550210 -1.231510
12 2.033080 -1.340700
13 -0.003038 -1.575110
13 14.372900 6.751350
13 15.152500 -0.480095
13 11.868200 -0.699703
13 11.614700 6.564630
13 9.210640 -0.893117
13 9.146400 6.448870
13 7.312830 -1.008950
13 5.402980 -1.086290
13 3.550270 -1.235600
13 2.032460 -1.343200
14 -0.003087 -1.575140
14 11.614600 6.564740
14 14.950400 -0.490646
14 11.868100 -0.699624
14 14.368500 6.766910
14 9.222520 6.503290
14 9.216140 -0.883184
14 7.312820 -1.000880
14 5.372780 -1.081150
14 14.368500 6.767040
14 3.551370 -1.231560
14 2.033120 -1.343230
15 1.660290 -1.490300
15 17.895300 -0.201513
15 17.813700 7.206620
15 20.953300 11.761000
15 15.056900 -0.492515
15 18.246800 -0.242251
15 11.777900 -0.685003
15 18.600600 7.959100
15 11.851000 6.658010
15 14.964100 7.021250
15 9.270970 6.495980
15 9.215870 -0.904318
15 7.359550 -1.007320
15 18.804000 4.499490
15 5.377210 -1.085600
15 22.022300 13.471400
15 22.076400 0.112578
15 3.521030 -1.216470
16 5.589660 -1.132300
16 9.196640 -0.881705
16 17.993000 -0.270375
16 11.952300 -0.714887
16 11.823800 6.559750
16 7.290670 -1.004290
16 14.776300 6.853690
16 17.572600 7.145630
16 16.127900 6.873250
16 22.398400 13.508100
16 21.029900 -0.096365
16 21.297700 10.175200
16 14.835600 -0.498184
16 23.579600 0.104671
17 32.895800 -3.384920
17 53.799800 4.784120
17 55.632700 4.052170
17 54.605600 6.071900
17 41.213300 -2.013220
17 38.836700 -3.648520
17 36.313400 -4.744740
17 33.936600 -4.539400
17 43.370000 0.175588
17 44.617200 2.278140
18 44.040300 1.308490
18 48.929700 4.752820
18 68.463400 3.680000
18 66.893300 2.502570
18 61.854600 1.975020
18 47.544800 19.530400
18 57.665400 3.184570
18 50.849700 19.288000
18 52.403000 20.308600
18 68.753500 5.072670
18 54.294100 4.901650
18 55.790700 4.038060
18 60.946900 1.922300
18 47.523600 19.490000
18 59.284600 2.592190
18 52.720500 5.284930
18 62.150600 2.051060
18 46.690400 3.604510
18 53.751400 20.450000
18 44.831400 2.308880
19 68.103800 12.951200
19 52.146100 21.250300
19 53.954200 22.071900
19 54.587900 21.592300
19 56.004600 21.681900
19 56.271400 21.458200
19 58.034700 20.412700
19 60.489100 18.906100
19 62.440500 17.702800
19 64.654700 16.424300
19 66.766100 15.047900
19 53.204900 17.282900
20 33.604300 25.344500
20 23.758500 14.061700
20 25.022000 19.087100
20 24.772900 16.974400
20 25.426300 21.214200
20 26.365600 23.012000
20 27.718400 24.692000
20 12.222600 7.618650
20 29.863500 25.743400
20 32.560200 26.090000
20 35.155500 25.602700
21 -0.571920 9.862190
21 -12.207900 9.677200
21 -13.268400 5.799250
21 -10.509500 11.348500
21 -8.343370 11.829000
21 -13.006400 7.851890
21 -13.097900 7.856270
21 -5.866960 11.781000
21 -3.780890 11.065900
21 -1.541440 10.255100
21 0.380579 9.299730
22 -5.217510 -1.330860
22 14.976900 -0.703106
22 9.208170 6.586940
22 7.048930 6.752050
22 12.046200 -0.911022
22 12.319700 6.888770
22 14.977600 6.937300
22 9.427760 -1.049950
22 7.334650 -1.096620
22 5.196520 -1.124900
22 9.571620 6.740910
22 3.350470 -1.245790
22 0.462630 -1.460430
22 1.732440 -1.342630
22 -1.184050 -1.426620
22 -3.486040 -1.427960
22 -6.546420 -1.266710
23 37.924800 -3.479680
23 53.281500 4.980600
23 56.299600 3.663110
23 44.993600 1.908420
23 43.438100 -0.297851
23 41.244700 -2.457300
23 38.827200 -4.090290
24 63.259800 1.602930
24 70.581600 7.703270
24 70.432100 6.107500
24 68.226300 3.023760
24 66.930700 1.904630
24 64.791600 1.188760
24 69.625200 4.535800
24 63.355700 1.144540
25 68.660400 11.925500
25 54.361400 21.533800
25 53.155300 20.316000
25 55.054300 20.967800
25 60.769300 18.354700
25 56.577000 20.961500
25 58.533000 19.690000
25 62.728800 17.119100
25 64.938600 15.790200
25 56.363300 21.140300
25 67.037500 14.398800
25 68.926100 13.198700
25 69.982200 11.633000
26 56.956200 19.686500
26 40.819500 23.296700
26 42.041200 22.743600
26 42.104000 22.684700
26 44.134400 21.761400
26 46.232100 20.609800
26 49.770700 19.235200
26 51.488200 19.540400
26 53.031200 20.437800
26 54.865000 21.176400
26 56.782400 20.807000
26 58.726000 19.570600
27 43.905800 21.702500
27 35.471600 25.251900
27 25.941900 18.859000
27 25.989100 16.803000
27 28.431900 24.294300
27 27.547900 22.630100
27 26.484600 20.924000
27 30.467700 25.326800
27 25.418600 14.023000
27 32.929100 25.779100
27 25.122800 13.918600
27 37.124000 24.463400
27 38.539700 24.071000
27 25.457200 15.319600
27 40.729600 23.297600
27 42.572400 22.505500
27 44.497200 21.594200
28 31.173400 21.198300
28 21.523800 5.922220
28 28.285900 16.827300
28 25.008600 8.941460
28 29.211600 19.412100
28 30.981900 21.340300
28 21.063600 4.163120
28 23.514800 7.738120
29 -3.713680 11.124300
29 -13.364100 5.952120
29 -12.946400 8.048890
29 -12.156600 9.829710
29 -10.446600 11.544900
29 -8.134330 11.982000
29 -5.484530 11.818200
29 -3.399000 11.025400
30 -1.879510 -1.377880
30 15.259900 6.824140
30 14.873400 6.686170
30 12.549600 6.834510
30 7.315550 6.712980
30 11.986700 -0.961795
30 15.376700 -0.856219
30 9.293370 -1.085140
30 9.390360 6.507050
30 7.289280 -1.127310
30 5.195210 -1.143770
30 3.301760 -1.234120
30 17.785400 -0.685676
30 0.529562 -1.436310
30 1.767360 -1.320850
30 -1.165490 -1.375650
30 -3.315030 -1.366310
31 12.166800 -0.773492
31 32.524700 -4.726140
31 19.436300 7.437870
31 31.387000 -3.763060
31 22.475400 10.962800
31 23.659500 13.406700
31 24.207700 14.032500
31 26.038400 -0.895283
31 20.759400 8.269140
31 26.000400 -0.861981
31 24.205600 -0.460289
31 29.450300 -2.257420
31 20.444500 -0.544998
31 17.827700 -0.652530
31 22.483700 10.930200
31 16.567400 6.655910
31 14.843500 -0.826553
31 31.301800 -1.266280
31 18.114400 6.946290
31 23.563700 12.561300
31 11.738700 -0.945065
32 28.107400 -1.725410
32 47.873600 3.535560
32 50.089200 4.179120
32 46.691800 2.662520
32 41.275400 -2.812840
32 46.994700 2.698180
32 43.457500 -0.724550
32 28.675100 -2.078160
32 39.063200 -4.462200
32 36.435100 -5.418350
32 44.438300 1.426870
32 34.125400 -5.204210
32 32.656800 -4.682450
32 27.497200 -1.009300
32 30.889700 -3.644410
33 42.983600 -1.039620
33 51.960800 19.171400
33 49.851900 18.181300
33 58.604900 2.144130
33 54.826400 3.870120
33 48.347300 18.975000
33 56.318500 2.993370
33 51.541100 4.434480
33 47.150300 2.736970
33 60.396800 1.513270
33 61.603700 0.778169
33 58.532100 2.188720
33 54.810900 3.909660
33 52.961600 19.127600
33 51.165500 4.256610
33 53.245800 4.315740
33 45.214500 1.467190
33 43.463200 -0.800163
34 55.087700 3.346890
34 70.645100 7.070060
34 69.272600 10.604300
34 69.710600 3.864060
34 68.118900 12.015900
34 67.374500 1.190240
34 70.643300 8.967060
34 64.175500 14.239800
34 68.868900 2.293560
34 65.104300 0.555235
34 70.160800 5.385270
34 66.344100 13.135300
34 61.202700 0.823813
34 59.199100 1.453360
34 57.696500 2.091820
34 63.579600 0.571516
34 55.826600 3.143980
34 54.361700 3.842430
35 68.977600 3.411200
35 69.209700 12.492000
35 70.248000 10.929300
35 70.946800 9.035010
35 71.004200 7.080740
35 70.650700 5.377220
35 69.705100 3.850830
35 68.460900 2.320320
36 66.246300 14.606500
36 48.204300 19.265300
36 48.667900 19.121200
36 52.130100 18.904700
36 55.199400 20.658100
36 56.983100 20.380400
36 59.030000 19.041900
36 61.184800 17.728300
36 49.965100 18.861600
36 63.171500 16.416900
36 65.356700 15.107500
36 53.077900 20.072900
36 67.422200 13.672900
37 52.975600 19.458100
37 32.591800 -1.756530
37 48.398900 19.253800
37 42.272100 22.418000
37 44.693800 21.302300
37 46.489100 20.197100
37 50.121700 18.786900
37 51.916500 19.094400
37 53.451800 19.936400
37 37.688500 24.288000
38 38.689500 24.045600
38 26.006100 18.677500
38 26.463600 20.757100
38 30.637800 25.107900
38 28.451100 24.100700
38 26.971300 22.471900
38 33.246300 25.504400
38 35.814400 24.948600
38 37.465900 24.175200
38 38.986700 23.639700
39 2.135390 8.792030
39 -12.904200 5.982230
39 -12.644200 4.028520
39 -11.714400 2.130990
39 -12.109000 9.914710
39 -10.128600 0.674170
39 -5.471390 11.878100
39 -10.171100 11.550600
39 -8.134450 -0.552097
39 -3.468070 11.180600
39 -1.224080 10.363300
39 0.738962 9.311810
39 2.586290 8.156090
39 -8.011480 12.015700
39 3.715170 7.573160
40 1.320090 -1.254880
40 7.233100 6.586390
40 20.004200 4.320960
40 17.870500 6.842990
40 15.288900 6.788450
40 15.205300 -0.857356
40 18.645000 7.097240
40 12.043600 -0.990880
40 9.436780 6.450590
40 9.251200 -1.104360
40 7.284800 -1.137460
40 16.333500 6.609110
40 5.233590 -1.149190
40 3.303780 -1.239700
40 12.330500 6.667570
40 1.785280 -1.221650
40 0.467260 -1.347650
41 15.977000 -0.576622
41 35.047000 -5.142780
41 31.442900 -3.890830
41 29.055900 -2.295440
41 26.382000 -0.961793
41 33.228200 -5.032670
41 23.853900 -0.512489
41 20.579400 -0.623075
41 17.775000 -0.715280
41 20.850800 8.223610
41 14.753900 -0.855946
42 46.223600 1.073680
42 56.471800 19.099000
42 48.124100 17.760400
42 46.462500 19.017300
42 55.041800 20.137100
42 68.346900 4.837150
42 67.906500 0.971881
42 68.527100 2.084860
42 61.245300 0.537841
42 59.161400 1.202440
42 57.799600 1.856030
42 46.507500 19.455300
42 52.009900 19.059600
42 68.385500 1.003610
42 70.119700 3.575190
42 54.562900 3.600440
42 48.210900 18.136400
42 53.294500 4.113120
42 58.435300 18.057300
42 51.487700 17.872900
42 49.171600 3.538900
42 51.335800 4.137670
42 56.062200 2.744410
42 46.989500 2.450660
42 44.604800 1.037710
43 64.549600 15.728800
43 44.340800 21.241700
43 46.512500 20.010800
43 49.819800 18.630000
43 51.729800 18.876000
43 55.143700 20.492400
43 53.395700 19.700500
43 45.193800 20.913900
43 56.913100 20.253000
43 58.923000 18.952300
43 61.223300 17.491600
43 63.225300 16.153600
43 65.338900 14.838000
44 36.313700 24.438200
44 27.186400 22.305200
44 30.707200 24.933400
44 28.626700 23.928900
44 33.301200 25.340300
44 26.286000 20.560000
44 35.965100 24.671300
44 25.952000 18.517300
45 16.072700 7.297690
45 -0.180015 -0.735855
45 3.877580 7.584340
45 9.725010 6.982310
45 -0.846074 -0.975766
45 0.745361 -1.055360
45 -2.473940 -0.788456
45 3.604500 -0.800368
45 5.284900 -0.809048
45 2.297890 8.236940
45 7.554010 -0.626586
45 -1.598470 10.402400
45 9.372910 -0.614418
45 12.128700 -0.436438
45 15.657300 7.164940
45 -5.030770 11.747500
45 4.468590 2.424630
45 12.470500 7.065910
45 0.533891 9.363090
45 7.585840 7.080070
46 -5.401240 -1.130220
46 12.758500 6.567510
46 16.207300 6.811200
46 15.098400 -1.039480
46 12.055900 6.336680
46 12.400100 -1.187160
46 9.851100 -1.298460
46 7.628550 -1.289610
46 10.011600 6.506150
46 5.471310 -1.293240
46 3.636590 -1.368600
46 0.851543 -1.550670
46 -0.870996 -1.468310
46 2.024250 -1.434940
46 -3.147440 -1.432460
46 -6.225550 -1.197660
47 7.633680 -1.093530
47 18.473600 6.822020
47 23.250500 10.375200
47 24.791200 16.862000
47 22.629400 10.620400
47 24.893500 15.187600
47 24.052900 13.431200
47 22.035300 9.583290
47 23.420400 6.049580
47 18.218400 -0.924822
47 16.790400 6.501060
47 24.326900 -0.754940
47 15.064500 -1.035170
47 15.433600 6.568350
47 19.541800 7.108360
47 22.464200 10.517900
47 11.971000 -1.145340
47 9.213740 -1.255790
47 21.313000 -0.873394
47 7.210090 -1.189920
48 38.833800 -4.104410
48 54.066400 4.033980
48 47.397300 2.282530
48 57.078600 2.661240
48 44.264000 4.496740
48 51.630300 3.832240
48 45.169700 0.343207
48 43.773300 -1.197120
48 51.435700 3.775230
48 44.771500 4.918040
48 41.558200 -3.311680
49 68.458400 11.808900
49 53.155600 19.643500
49 51.706600 18.664000
49 55.495400 20.021000
49 53.656800 19.290200
49 57.401000 19.646200
49 59.142100 18.576100
49 63.451600 15.761000
49 61.451600 17.115100
49 65.633300 14.394900
49 67.712600 12.941900
49 69.552100 11.826600
50 55.774700 18.746000
50 37.777400 23.895700
50 44.761300 20.815300
50 46.918100 19.583700
50 50.405000 18.172200
50 52.196700 18.442900
50 42.915900 21.726200
50 53.772700 19.312800
50 55.569100 19.953800
50 48.836500 18.627200
51 41.414500 22.573300
51 27.296600 22.052700
51 26.688100 20.286000
51 25.881000 14.622400
51 26.946300 16.239700
51 31.112300 24.630900
51 33.434800 25.117200
51 36.141600 24.467300
51 37.739200 23.685400
51 39.284100 23.180100
51 41.528400 22.285100
51 29.036400 23.650700
51 41.494600 22.348500
52 27.660600 20.273800
52 16.533100 6.516440
52 14.620100 6.051020
52 23.131100 11.156200
52 20.563400 -0.906448
52 19.623400 7.297210
52 23.622400 -1.667640
52 17.978000 6.472210
52 27.851300 -0.788570
52 22.666300 10.321200
52 24.160900 12.792000
52 24.840300 14.328300
52 28.988100 -1.385650
52 25.388000 15.907700
52 25.989800 18.257400
52 11.790800 6.328450
52 26.486900 20.383600
53 5.382380 7.515940
53 2.803530 8.064960
53 -3.010790 10.962100
53 -3.580140 11.265500
53 -12.022700 8.003440
53 -10.117400 0.511789
53 -8.106200 -0.713173
53 -7.662390 11.939400
53 -12.975100 3.897880
53 -10.111600 11.566900
53 -5.203630 11.807700
53 -11.381400 2.032390
53 -11.754500 7.961780
53 -5.398430 -0.642092
53 -2.695260 -0.902314
53 -0.955223 10.239800
53 0.913432 9.263610
53 5.656070 7.108000
54 4.215730 -1.581150
54 23.494500 10.683500
54 21.206200 -1.194470
54 15.382100 6.184290
54 18.568300 6.403560
54 18.640800 -1.244430
54 18.869400 6.538870
54 15.806200 6.411510
54 17.371000 6.415510
54 23.823300 11.820800
54 15.506600 -1.347040
54 22.957200 10.398500
54 12.545600 6.142140
54 9.790720 6.036840
54 16.140200 6.528160
54 9.397490 -1.477630
54 7.543970 6.217350
54 7.491540 -1.511010
54 12.134000 -1.391700
54 5.336190 -1.469040
54 3.406800 -1.481570
55 19.704400 -0.863843
55 31.557800 -4.589500
55 39.395100 -5.407700
55 27.960800 -1.826610
55 27.768700 -1.755450
55 36.834400 -6.397960
55 29.206800 -2.943560
55 24.103100 -1.093400
55 20.764900 -1.177920
55 26.295800 -1.526940
55 33.101900 -5.606080
55 20.705600 -1.130370
56 49.148400 2.088820
56 60.968200 -0.304332
56 62.591300 -0.450235
56 59.390800 0.282224
56 69.376900 3.821880
56 65.171100 -0.724842
56 70.458700 5.462670
56 58.958000 16.854800
56 49.548700 2.623140
56 62.972000 14.323900
56 67.114900 -0.061171
56 61.402300 15.836500
56 57.165100 18.090800
56 69.006600 2.382630
56 55.324500 18.370400
56 65.744800 13.522300
56 58.171900 0.832438
56 56.452500 1.747540
56 54.976400 2.608480
56 68.656300 0.971184
56 53.552800 3.123580
56 52.010500 16.460500
56 51.709900 3.193550
56 47.461800 1.568520
57 63.177000 -0.426998
57 71.127600 3.946880
57 70.313900 2.412260
57 71.463500 5.597760
57 68.968600 0.943702
57 67.603200 -0.128745
57 65.501700 -0.822093
57 63.988200 -0.740957
57 61.552100 -0.456765
58 61.219100 16.857300
58 50.847000 17.656300
58 43.731000 21.203500
58 45.538600 20.265100
58 47.043700 19.199000
58 52.511300 17.942500
58 42.546500 17.611400
58 54.066200 18.825700
58 55.963300 19.501800
58 57.841500 19.139600
58 59.795100 17.815800
58 62.027900 16.422000
59 46.418300 19.754500
59 24.745600 11.371100
59 24.814900 10.546800
59 27.764800 19.925100
59 25.171100 10.684500
59 26.884000 17.888300
59 39.729900 22.785200
59 28.223900 21.709600
59 29.269600 23.371300
59 31.564700 24.289100
59 26.538500 15.736800
59 33.781200 24.795800
59 38.199400 23.293500
59 41.851300 21.962400
59 25.896500 14.245800
59 43.621200 21.220600
59 45.572000 20.201500
59 26.167300 13.029700
59 45.585800 20.189100
60 31.362400 22.873400
60 23.137800 10.308300
60 24.503600 12.603500
60 21.379300 0.223025
60 18.290300 6.419880
60 22.364100 9.202840
60 23.359300 10.913600
60 26.320900 17.913000
60 16.647200 6.144060
60 16.035000 6.970810
60 18.976100 7.102360
60 25.747800 15.634300
60 26.780000 20.032600
60 27.859400 21.805700
60 19.509400 1.274800
60 29.256300 23.445100
60 26.360000 17.937400
61 -4.721900 11.185800
61 -11.661600 9.804980
61 -12.664000 7.988220
61 -13.120000 5.881660
61 -9.853510 11.452900
61 -7.530100 11.842100
61 -4.874930 11.576800
61 -2.829130 10.805600
62 1.012730 -1.809550
62 18.916900 6.254170
62 12.503600 5.885920
62 19.269900 -1.538670
62 16.875900 5.918880
62 7.695120 6.092120
62 15.454800 -1.596940
62 15.915000 6.130030
62 18.450400 6.118990
62 12.318400 -1.644430
62 13.111900 6.186520
62 9.865520 5.876090
62 9.476730 -1.682680
62 7.544440 -1.716710
62 5.525390 -1.678420
62 3.567150 -1.726040
62 0.694163 -1.817110
62 1.983530 -1.670170
62 17.407600 6.116830
63 15.890200 -1.309100
63 33.213400 -6.039790
63 31.420600 -4.851300
63 29.558500 -3.339170
63 35.801900 -6.443650
63 26.956400 -1.955110
63 24.232400 -1.405930
63 19.949000 6.555880
63 20.868500 -1.445440
63 19.924500 6.563210
63 18.545300 6.063870
63 21.426500 7.501330
63 18.118000 -1.483720
63 15.049400 -1.558170
64 31.454500 -4.333600
64 47.351300 1.195630
64 43.981600 -2.130070
64 45.333100 -0.598644
64 41.561900 -4.181310
64 39.362700 -5.798980
64 36.809800 -6.778100
64 53.857600 1.938780
64 34.459000 -6.532650
64 52.855200 1.852870
64 32.868900 -5.861550
64 55.182600 2.171900
64 31.083600 -4.660640
65 57.806200 0.773161
65 71.211900 6.946260
65 71.293500 5.037790
65 69.052400 0.404209
65 70.536800 1.858030
65 69.308700 10.275900
65 67.713500 -0.702291
65 65.581100 -1.368950
65 64.116900 -1.345880
65 61.666500 -1.008160
65 70.118300 8.692480
65 71.176000 3.388350
65 59.610900 -0.284034
65 58.124400 0.393137
66 70.223200 3.841720
66 68.105700 11.858400
66 69.992900 10.674400
66 70.997700 9.024540
66 71.632100 7.035640
66 71.643800 5.066520
66 66.128100 13.116600
67 63.563100 15.224500
67 45.870900 19.868800
67 45.593400 19.967700
67 47.539400 18.786700
67 51.020200 17.276000
67 52.623200 17.557300
67 54.159200 18.437100
67 56.108100 19.068300
67 57.992200 18.669100
67 59.846700 17.426000
67 62.130500 15.910400
67 64.063200 14.590000
68 33.801500 23.438200
68 17.442300 6.924670
68 24.672700 12.628100
68 16.260400 7.173930
68 25.864400 15.591800
68 13.524600 7.231070
68 26.919100 19.944800
68 29.368200 23.307000
68 31.576400 24.208900
68 26.302900 17.756800
68 28.011600 21.674300
69 11.930100 6.536950
69 -1.422010 10.464800
69 -3.189750 -1.112230
69 0.791172 -1.206640
69 5.501660 7.139170
69 -0.742470 10.222100
69 2.657980 8.073820
69 3.620820 -1.030350
69 5.588180 -0.901484
69 -7.840560 12.184800
69 -0.605310 -1.022000
69 -6.328930 11.707300
69 -5.748180 -0.802064
69 7.675370 -0.849113
69 0.669499 9.355450
69 7.844620 6.822230
69 9.452650 -0.990680
69 10.102800 6.614640
69 12.873200 6.627390
70 -3.841200 11.309400
70 -12.695000 8.281520
70 -11.697800 10.083400
70 -9.880370 11.708600
70 -7.600560 12.091300
70 -13.079200 6.206260
70 -4.915160 11.828200
70 -2.852760 10.992600
71 0.228744 -1.604580
71 17.674900 6.132800
71 19.253700 6.252140
71 18.711100 -1.649740
71 16.306400 6.229720
71 16.840100 5.865580
71 12.789900 6.021650
71 19.803300 3.327940
71 15.501700 -1.665630
71 12.316900 -1.699050
71 13.092900 6.114410
71 9.999110 5.979630
71 9.302710 -1.675310
71 5.333340 -1.598900
71 5.393110 6.372630
71 15.409300 5.888890
71 7.545870 -1.690710
71 0.589428 -1.704850
71 1.849690 -1.632510
71 -1.047880 -1.602690
71 3.465140 -1.634410
72 30.972100 -4.420750
72 55.733100 0.595250
72 55.458800 1.601850
72 43.622500 -2.551960
72 45.288500 -1.029430
72 47.179600 0.710197
72 39.159100 -6.125510
72 36.594100 -7.039110
72 41.690500 -4.603980
72 34.279800 -6.760120
72 32.748000 -6.125870
72 30.956500 -4.940120
73 45.916500 -0.655634
73 47.250000 16.642600
73 49.552400 1.701180
73 69.792200 1.023100
73 68.071700 -1.476120
73 61.917000 -1.740550
73 56.514800 0.686074
73 53.697900 16.562000
73 58.269000 -0.295623
73 70.034500 1.038620
73 55.874000 17.926900
73 48.996600 16.149100
73 52.509700 16.320000
73 63.777500 1.566810
73 55.046400 1.590990
73 57.464000 17.239600
73 53.696100 2.129980
73 51.655700 2.191090
73 47.359200 0.696335
73 45.311900 -1.059340
74 62.668500 15.062600
74 52.914100 16.859000
74 45.324600 19.542700
74 47.880900 18.108500
74 54.452700 17.689000
74 51.194600 16.654000
74 56.140100 18.470400
74 58.030100 18.068900
74 59.985500 16.693000
74 62.244700 15.187600
74 64.122600 13.835300
75 47.550000 18.483300
75 25.301100 10.973400
75 28.808300 21.117500
75 24.976800 10.016400
75 27.690500 15.323000
75 27.349000 0.913923
75 27.070400 19.504900
75 27.275600 17.386400
75 31.288800 23.971700
75 29.826500 22.760800
75 34.699700 23.889800
75 37.240300 23.226800
75 40.080600 22.011400
75 26.775800 13.830200
75 42.100700 21.238900
75 43.911900 20.406300
75 45.879700 19.340900
75 47.764900 18.067700
76 32.359200 22.526700
76 21.604600 0.335211
76 17.154700 6.272900
76 18.811200 6.555560
76 26.457700 17.344800
76 23.225400 9.858160
76 15.814600 6.452910
76 24.610100 12.055800
76 25.894100 15.085300
76 26.985100 19.508800
76 22.325400 8.636350
76 28.244600 21.276200
76 29.653100 22.881400
76 22.679300 9.517030
76 24.054100 6.068450
77 24.094700 11.133300
77 15.840700 6.498760
77 12.250100 -1.089610
77 9.708990 2.148780
77 18.085300 -1.188680
77 20.896700 -0.929296
77 9.091590 -1.479090
77 24.062400 -1.057750
77 28.865600 -2.285300
77 27.754500 -1.022850
77 18.757600 6.558950
77 17.291300 6.424740
77 21.747000 8.033670
77 11.819500 -1.478080
77 26.191200 -1.244550
77 22.963700 9.580620
77 23.764300 10.734000
77 24.839300 12.310200
78 -4.259980 11.274200
78 -12.465900 8.320070
78 -12.973200 6.223120
78 -11.585100 10.119500
78 -12.740200 6.246250
78 -9.632510 11.737600
78 -7.279010 12.070500
78 -4.629700 11.783200
78 -2.604980 10.924100

79 0.000000 -1.500000
79 19.277000 6.560350
79 15.260900 -0.008363
79 3.130450 -1.984890
79 16.904400 2.529060
79 18.313100 3.281760
79 11.445700 -3.719580
79 8.790300 -3.848990
79 13.399800 -2.107550
79 7.424240 -3.714660
79 5.493940 -3.043910
79 1.758060 -1.187940
79 1.547590 -1.418890
80 0.000000 -1.500000
80 19.978000 0.426985
80 19.978000 -6.623740
80 9.080890 -7.838000
80 19.277000 2.503710
80 15.260900 -10.479200
80 17.722400 3.875180
80 14.457700 8.200440
80 13.565300 10.206900
80 11.445700 10.669500
80 19.978000 -2.923200
80 10.565300 9.651890
80 7.904940 -6.285830
80 8.517730 -7.071850
80 17.168600 -10.660100
80 6.579570 -4.647790
80 5.577600 -3.279770
80 4.578280 -2.275650
80 17.168600 6.030990
80 11.445700 -4.861170
80 1.580990 -1.180920
81 0.000000 -1.500000
81 8.199910 7.140510
81 8.651870 5.675460
81 8.261560 3.825740
81 7.525940 2.000320
81 6.579570 0.530043
81 4.927300 -0.801977
81 3.626360 -1.281820
81 2.084990 -1.705920
82 0.000000 -1.500000
82 19.621200 4.935540
82 19.277000 5.208140
82 16.648300 4.370210
82 13.908700 4.138880
82 10.772400 3.571620
82 9.638490 2.477300
82 8.651870 0.877159
82 7.630470 -0.681609
82 5.971670 -1.397400
82 3.737370 -1.349730
82 1.775100 -1.298680
82 1.397950 -1.293950
83 0.000000 -1.500000
83 20.731800 3.965150
83 19.978000 9.295130
83 19.978000 0.492675
83 2.016120 -1.477220
83 19.621200 6.354920
83 18.012900 -2.754130
83 8.079320 -3.032930
83 19.621200 18.957200
83 17.441100 -6.413460
83 6.172960 -2.696180
83 19.621200 -1.344100
83 15.475900 -3.672310
83 10.365900 -3.345950
83 4.039660 -2.171750
83 11.814900 -3.619420
83 1.608770 -1.127610
84 0.000000 -1.500000
84 15.051900 14.031100
84 10.464600 9.846710
84 19.978000 18.469800
84 9.311760 7.128940
84 9.233510 6.482050
84 7.325250 0.493769
84 8.324150 2.239840
84 3.762970 -2.051870
84 2.188820 -2.081160
84 5.907460 -1.136330
85 0.000000 -1.500000
85 9.723780 5.760470
85 9.472300 3.618140
85 6.867420 0.011291
85 8.584280 1.359560
85 4.578280 -0.970979
85 2.436340 -1.192300
85 1.526090 -1.435980
85 9.233510 7.534560
86 0.000000 -1.500000
86 5.308150 -0.061088
86 6.243110 1.837270
86 3.802030 -1.560610
86 2.555320 -2.415630
86 2.357910 -2.128230
87 0.000000 -1.500000
87 14.270000 -3.448720
87 15.475900 -4.910550
87 19.621200 -9.150650
87 15.051900 -3.472720
87 12.208700 -1.184240
87 17.168600 12.805300
87 19.621200 12.333500
87 17.168600 -4.431500
87 17.168600 -6.896590
87 13.734800 -2.340890
87 17.441100 11.154300
87 7.577840 -0.419434
87 17.168600 -8.063270
87 12.486200 -1.074300
87 4.883500 -0.923309
87 2.803030 -1.466990
87 2.125310 -2.006800
88 0.000000 -1.500000
88 16.399800 8.583000
88 15.260900 6.949900
88 15.260900 5.310700
88 14.848500 3.458340
88 15.260900 9.877060
88 13.565300 2.222780
88 10.879100 1.448760
88 8.584280 0.635088
88 6.278780 -0.030968
88 3.981110 -0.848693
88 1.574190 -1.443280
88 2.137720 -1.852160
89 0.000000 -1.500000
89 12.486200 5.316780
89 13.734800 7.263530
89 12.208700 3.298490
89 10.565300 1.360650
89 12.486200 11.256200
89 8.584280 -0.145835
89 6.037290 -0.810597
89 4.395150 -0.855064
89 2.831930 -1.109650
89 1.547590 -1.291670
89 1.554150 -1.443650
90 0.000000 -1.500000
90 8.861190 1.325720
90 16.158600 11.998900
90 15.475900 1.755590
90 17.441100 1.137410
90 19.277000 10.722600
90 12.074600 4.307740
90 9.311760 1.974870
90 18.623500 0.091855
90 5.844610 0.086480
90 7.228860 0.756659
90 3.775900 -1.086370
90 2.274920 -2.120640
90 2.373190 -2.238260
91 0.000000 -1.500000
91 8.452210 5.257300
91 8.139170 6.846760
91 8.079320 3.502260
91 7.276740 1.694810
91 6.278780 0.237422
91 4.597440 -1.045590
91 3.270200 -1.482100
91 2.215300 -1.831970
92 0.000000 -1.500000
92 12.208700 11.300500
92 9.311760 7.537180
92 8.139170 4.875250
92 6.782640 2.865820
92 5.282630 0.906132
92 3.981110 -0.909782
92 2.357910 -1.833610
92 2.092930 -1.980810
93 0.000000 -1.500000
93 19.621200 1.967770
93 17.168600 1.458350
93 19.277000 3.644640
93 15.475900 1.653810
93 12.629700 1.903370
93 9.156560 1.901810
93 7.630470 0.974325
93 6.540400 -0.448034
93 5.282630 -1.832530
93 3.444470 -2.221750
93 1.914260 -1.656460
93 1.669890 -1.236350
94 0.000000 -1.500000
94 15.051900 12.942300
94 9.898980 -1.632880
94 20.347900 13.035600
94 8.452210 -1.607300
94 16.648300 8.256860
94 16.904400 4.048350
94 17.168600 6.125070
94 19.621200 7.795790
94 15.475900 11.712400
94 16.158600 1.974720
94 14.650500 0.216777
94 15.475900 10.033100
94 12.486200 -1.156420
94 4.578280 -1.869200
94 15.697000 14.167900
94 2.666960 -1.889780
94 2.201980 -1.927150
94 6.867420 -1.757550
95 0.000000 -1.500000
95 9.233510 4.387150
95 19.277000 15.011700
95 18.623500 15.298900
95 12.208700 6.014890
95 19.621200 6.785030
95 8.933230 3.696170
95 11.445700 6.667640
95 18.012900 7.985990
95 13.399800 10.787400
95 19.621200 14.290500
95 17.168600 7.781010
95 7.792820 2.558100
95 6.243110 0.776647
95 10.269000 4.766610
95 4.905300 -0.905925
95 3.130450 -1.964300
95 2.654080 -2.485720
96 0.000000 -1.500000
96 19.621200 -9.666780
96 17.441100 -5.935550
96 19.277000 -10.469100
96 10.269000 3.247150
96 9.311760 -7.741300
96 9.156560 5.173540
96 15.475900 -3.621430
96 7.630470 7.188260
96 16.904400 -11.311300
96 2.706370 -1.454970
96 6.540400 -4.046640
96 7.474740 -5.337490
96 11.445700 1.060050
96 6.425660 -3.130520
96 4.448530 -2.118520
96 1.635100 -1.456110
96 5.577600 -2.955770
96 1.891200 -1.648940
97 0.000000 -1.500000
97 6.540400 -2.548420
97 7.325250 -2.412650
97 14.848500 6.794620
97 18.623500 1.092050
97 17.168600 -6.219160
97 11.566200 6.611060
97 19.621200 -5.774260
97 10.667800 6.354810
97 9.006450 -3.943640
97 20.731800 -0.102253
97 7.962230 6.575740
97 6.351370 6.101630
97 3.938310 -1.815110
97 1.652310 -1.511280
97 14.087000 -5.921220
97 17.168600 6.783680
97 19.621200 18.914200
97 1.735840 -1.532510
98 0.000000 -1.500000
98 7.474740 4.444500
98 6.579570 2.116570
98 5.722850 0.254035
98 4.039660 -1.476610
98 2.109000 -1.841150
98 1.878270 -1.645900
99 0.000000 -1.500000
99 17.168600 11.506900
99 9.311760 5.046900
99 8.199910 3.275920
99 6.540400 0.835136
99 4.430590 -1.163040
99 2.937930 -2.403800
99 2.654080 -2.520630
100 0.000000 -1.500000
100 7.228860 2.681980
100 7.630470 4.336370
100 7.630470 6.025760
100 6.243110 0.961400
100 5.086980 -0.398651
100 3.260500 -1.499140
100 2.180130 -1.728810
100 2.233310 -1.851760
101 0.000000 -1.500000
101 9.156560 0.687463
101 15.260900 -1.195950
101 13.399800 -0.712309
101 11.098900 -0.042577
101 7.276740 0.490499
101 5.722850 -0.191311
101 4.430590 -1.425270
101 2.868900 -2.576860
101 2.628680 -2.459050
101 17.722400 -0.534172
101 1.924320 -1.762180
102 0.000000 -1.500000
102 13.908700 9.474460
102 12.629700 11.053400
102 12.776600 12.232200
102 13.734800 12.336700
102 12.776600 3.605940
102 12.486200 7.533810
102 10.987900 1.728190
102 9.080890 0.104507
102 6.540400 -0.706102
102 4.883500 -0.843021
102 3.309600 -1.166230
102 12.629700 5.627060
102 1.760880 -1.498640
102 2.154480 -1.892660
103 0.000000 -1.500000
103 10.080600 2.038500
103 15.260900 1.881740
103 20.347900 11.095300
103 19.621200 -0.892484
103 15.260900 13.239100
103 18.012900 10.493300
103 18.012900 0.207300
103 17.168600 1.288990
103 11.814900 3.930210
103 5.257360 0.077791
103 8.861190 1.966720
103 3.289780 -1.101550
103 6.619200 0.758138
103 2.184470 -2.057870
103 2.480330 -2.320280
104 0.000000 -1.500000
104 20.731800 10.236700
104 20.347900 9.110420
104 2.154480 -1.597490
104 13.565300 1.598320
104 6.138480 -2.815680
104 19.621200 3.344130
104 15.260900 4.323830
104 11.943300 -0.674155
104 15.697000 6.133410
104 17.168600 8.627790
104 9.988980 -2.436000
104 7.737940 -2.896290
104 6.278780 -2.886920
104 4.275440 -2.387540
104 2.393870 -1.014090
104 1.722240 -1.531820
105 0.000000 -1.500000
105 17.441100 7.464840
105 17.441100 9.586730
105 10.365900 -3.209610
105 19.978000 6.952190
105 15.475900 -12.831900
105 12.486200 -7.438020
105 20.347900 10.136300
105 19.621200 -10.527000
105 18.623500 12.032900
105 13.734800 -9.747430
105 17.168600 -4.845490
105 12.208700 -2.161080
105 13.734800 -10.786200
105 12.486200 -6.001050
105 11.445700 -4.484820
105 8.452210 -2.153870
105 6.104370 -1.388310
105 3.401820 -1.325490
105 1.457280 -1.310530
106 0.000000 -1.500000
106 14.848500 3.474610
106 12.486200 8.341250
106 14.650500 5.146440
106 13.399800 8.804720
106 13.734800 0.067743
106 12.486200 -1.306960
106 11.445700 9.741160
106 13.734800 6.826960
106 2.233310 -2.074510
106 14.650500 1.838590
106 10.565300 -2.426000
106 9.156560 -2.714730
106 10.667800 9.172680
106 6.910610 -2.965340
106 4.905300 -2.755410
106 5.110640 -3.559730
106 3.360210 -2.428890
106 1.635100 -1.500910
107 0.000000 -1.500000
107 20.731800 6.987300
107 16.904400 6.160540
107 16.399800 6.408040
107 14.650500 5.467590
107 12.926900 3.960070
107 12.486200 2.360730
107 11.566200 0.627512
107 9.898980 -0.265817
107 7.737940 -0.496144
107 5.282630 -0.825072
107 2.945810 -1.041260
107 1.667360 -1.296600
108 0.000000 -1.500000
108 9.638490 7.252300
108 8.199910 0.930199
108 9.723780 4.854560
108 9.233510 2.889350
108 6.540400 -0.562731
108 4.039660 -1.556310
108 1.714180 -1.520890
108 2.113050 -1.075780
109 0.000000 -1.500000
109 18.944600 -7.340100
109 15.260900 -13.506700
109 16.158600 -12.902100
109 19.621200 -5.193610
109 19.277000 -2.545970
109 17.168600 15.797200
109 5.783090 -1.841340
109 16.648300 3.184140
109 16.904400 11.070400
109 17.722400 0.087410
109 15.697000 8.249560
109 15.260900 6.899720
109 14.087000 -10.723000
109 10.667800 -3.782490
109 17.722400 -11.547800
109 12.629700 -7.648100
109 11.689200 -4.977410
109 16.648300 14.241900
109 15.475900 5.164990
109 12.345900 -6.353100
109 17.168600 -9.211130
109 2.237860 -1.308560
109 3.910280 -1.425040
109 1.509320 -1.193560
110 0.000000 -1.500000
110 9.156560 3.206490
110 9.156560 5.153470
110 8.517730 1.022270
110 4.292140 -1.272530
110 2.162970 -1.456800
110 1.931080 -1.647730
110 6.741030 -0.336174
111 0.000000 -1.500000
111 13.399800 10.200000
111 19.978000 10.236700
111 19.978000 13.411700
111 11.566200 5.622250
111 12.486200 7.766470
111 10.772400 2.945850
111 9.233510 0.490835
111 7.630470 -1.492850
111 5.359940 -2.170710
111 3.924240 -2.350570
111 2.458140 -2.108230
111 1.856060 -1.620330
112 0.000000 -1.500000
112 20.731800 6.328340
112 3.815230 -1.365310
112 17.722400 -15.918300
112 15.051900 9.741760
112 17.441100 7.350150
112 13.734800 -12.803400
112 18.944600 -16.414000
112 19.277000 8.483030
112 16.904400 9.458510
112 20.347900 9.534170
112 10.565300 -5.668390
112 11.943300 -10.688300
112 10.667800 -7.383740
112 9.080890 -0.990326
112 11.445700 -9.339720
112 9.311760 -4.312060
112 8.020350 -3.045950
112 15.260900 -12.352600
112 19.621200 -16.634600
112 6.037290 -2.014910
112 19.277000 7.067430
112 1.727650 -1.294260
112 1.816180 -1.434230
113 0.000000 -1.500000
113 9.898980 2.696150
113 10.565300 6.247390
113 10.565300 4.591450
113 10.080600 7.761760
113 9.156560 1.159150
113 7.683830 -0.282130
113 12.926900 5.716960
113 6.278780 -0.836139
113 3.995590 -1.504300
113 2.256240 -1.648210
113 1.849810 -1.622990
114 0.000000 -1.500000
114 19.621200 5.193610
114 14.270000 4.121260
114 10.772400 3.488970
114 9.723780 2.445930
114 8.790300 0.843021
114 7.683830 -0.736906
114 17.168600 4.337420
114 5.971670 -1.423580
114 3.712120 -1.352820
114 1.507250 -1.332350
114 1.558560 -1.217130
115 0.000000 -1.500000
115 20.731800 15.349300
115 15.924500 15.263400
115 16.158600 14.407500
115 16.904400 11.885700
115 17.441100 3.909250
115 17.168600 7.950360
115 17.168600 15.402100
115 13.734800 -1.106460
115 15.697000 0.232261
115 17.168600 9.643930
115 17.441100 5.839970
115 17.168600 1.985240
115 16.904400 10.218200
115 11.445700 -1.837840
115 8.020350 -1.665820
115 5.722850 -1.746880
115 3.828530 -1.764510
115 9.472300 -1.500200
115 1.604070 -1.504080
115 1.597070 -1.366230
116 0.000000 -1.500000
116 7.374410 3.592740
116 5.493940 -0.123442
116 6.540400 1.695360
116 3.775900 -1.769230
116 2.206400 -1.928600
116 6.954350 6.307410

117 0.000000 -1.500000
117 15.260900 11.315500
117 18.623500 -2.684190
117 19.978000 -1.959750
117 6.540400 -1.408620
117 11.327700 -1.235350
117 7.848480 6.765670
117 15.260900 -3.152960
117 7.737940 -1.327290
117 5.063540 -1.362490
117 9.156560 -1.249480
117 2.961690 -1.326050
117 13.565300 7.040040
117 11.943300 5.884130
117 13.734800 8.814090
117 19.978000 -0.448881
117 16.399800 -3.154590
117 17.168600 13.426200
118 0.000000 -1.500000
118 20.731800 0.329483
118 4.377640 -2.602950
118 19.277000 -1.172620
118 17.168600 0.178766
118 11.445700 1.198040
118 9.898980 0.135621
118 15.475900 1.043170
118 8.790300 -0.669599
118 7.374410 -1.588240
118 5.971670 -2.451170
118 3.002150 -2.074650
118 1.601730 -1.205190
119 0.000000 -1.500000
119 20.731800 -3.010790
119 15.697000 -3.914030
119 14.087000 -2.647950
119 12.629700 -1.031280
119 6.104370 0.899891
119 4.540440 0.057230
119 11.327700 0.155195
119 3.260500 -0.605731
119 1.669890 -1.338840
119 8.861190 0.849819
120 0.000000 -1.500000
120 8.651870 4.300450
120 8.933230 6.173340
120 8.079320 2.342220
120 6.782640 0.747122
120 9.233510 8.141780
120 5.282630 -0.645583
120 2.053810 -1.788460
121 0.000000 -1.500000
121 7.525940 3.567580
121 7.630470 5.423600
121 5.971670 0.539978
121 4.430590 -0.721132
121 6.867420 1.930670
121 3.002150 -1.623850
121 2.065390 -1.782700
122 0.000000 -1.500000
122 7.325250 3.785570
122 6.540400 0.369180
122 6.540400 5.372820
122 5.359940 -0.895893
122 7.228860 6.786160
122 3.349960 -1.264900
122 7.181620 1.900930
122 1.760880 -1.533380
123 0.000000 -1.500000
123 11.445700 4.572640
123 11.327700 2.886630
123 10.987900 6.148030
123 12.629700 5.973130
123 8.079320 -1.084770
123 9.638490 9.217240
123 10.269000 0.782242
123 6.207840 -1.935750
123 10.879100 7.386870
123 10.365900 8.719930
123 3.924240 -2.096800
123 1.840510 -1.705610
124 0.000000 -1.500000
124 6.243110 4.204840
124 5.634810 2.183210
124 4.756660 0.315416
124 3.555950 -0.882775
124 1.948200 -1.673020
125 0.000000 -1.500000
125 19.621200 1.688190
125 17.441100 2.360840
125 13.734800 4.057040
125 15.260900 3.403860
125 7.474740 1.863820
125 8.584280 3.128400
125 6.540400 0.842304
125 5.232320 -0.369897
125 3.868970 -1.482070
125 2.247010 -1.939470
125 1.828270 -1.694260
126 0.000000 -1.500000
126 19.978000 -5.047180
126 15.697000 -13.617400
126 16.648300 -14.132500
126 17.168600 -13.821400
126 2.171520 -1.148380
126 18.944600 -15.687200
126 9.898980 9.368710
126 11.445700 -7.696330
126 16.648300 -2.946920
126 13.734800 -0.790332
126 15.260900 -1.915200
126 19.277000 -4.447520
126 17.441100 -12.205600
126 13.908700 -10.526300
126 12.486200 0.431090
126 7.683830 -4.602510
126 12.629700 -9.212320
126 10.772400 1.883220
126 9.723780 -6.165460
126 8.079320 7.611100
126 8.079320 6.087990
126 15.260900 -12.269000
126 8.584280 4.558520
126 10.565300 3.086060
126 18.944600 -13.818500
126 6.243110 -3.342660
126 4.292140 -1.700630
126 1.695660 -1.435700
127 0.000000 -1.500000
127 7.848480 6.301150
127 8.651870 5.798730
127 6.741030 1.311450
127 7.577840 2.819760
127 5.308150 -0.107632
127 3.966740 -1.149970
127 7.962230 4.463820
127 1.887950 -1.733010
127 1.825230 -1.539400
128 0.000000 -1.500000
128 19.277000 16.004700
128 19.978000 -10.543200
128 19.621200 16.548600
128 14.457700 -10.609100
128 20.731800 12.077200
128 20.347900 9.065820
128 8.079320 -4.733140
128 17.441100 -10.963100
128 20.347900 10.827700
128 6.782640 -2.977340
128 10.667800 -8.190510
128 3.924240 -1.387110
128 2.049980 -1.493040
128 9.311760 -6.200180
128 1.543240 -1.431820
129 0.000000 -1.500000
129 17.722400 7.896040
129 5.939390 3.883100
129 5.752810 1.409240
129 4.430590 -0.672571
129 3.112710 -1.373190
129 1.642430 -1.527450
130 0.000000 -1.500000
130 10.565300 3.919820
130 16.648300 2.326520
130 18.944600 1.671510
130 15.051900 3.472720
130 6.867420 1.870450
130 5.844610 0.835974
130 8.079320 3.174610
130 4.578280 -0.363804
130 12.926900 3.988410
130 3.241260 -1.490300
130 2.081040 -1.892010
130 1.719540 -1.602930
131 0.000000 -1.500000
131 19.621200 9.000110
131 19.277000 9.476060
131 19.621200 12.204400
131 19.621200 10.161400
131 7.792820 -6.991010
131 17.168600 5.673460
131 18.012900 11.184300
131 18.944600 -1.962200
131 17.441100 -3.488690
131 15.260900 -6.230660
131 13.238400 -6.681770
131 11.327700 -6.971370
131 6.388300 -4.687730
131 4.927300 -2.989190
131 3.423010 -1.832740
131 1.438200 -1.126290
132 0.000000 -1.500000
132 6.579570 1.683880
132 5.971670 0.166902
132 6.824770 3.586770
132 4.861890 -1.100400
132 2.788800 -1.447320
132 6.172960 5.280720
132 1.749660 -1.657850
133 0.000000 -1.500000
133 6.172960 5.098040
133 4.430590 -0.619154
133 6.540400 2.655950
133 2.634980 -1.387710
133 1.703550 -1.498390
134 0.000000 -1.500000
134 10.667800 3.981260
134 17.168600 2.474490
134 15.260900 3.571130
134 19.621200 1.774210
134 13.080800 4.093240
134 6.954350 1.909370
134 8.199910 3.221990
134 5.971670 0.880328
134 4.736150 -0.324438
134 3.370510 -1.442590
134 2.242420 -1.896180
134 1.951660 -1.725190
135 0.000000 -1.500000
135 13.080800 4.781420
135 1.804250 -1.203330
135 12.074600 9.416160
135 13.908700 7.507920
135 12.776600 3.171830
135 11.814900 1.443880
135 11.814900 10.055400
135 10.667800 0.122770
135 8.720530 -0.941469
135 7.474740 -1.216600
135 12.776600 6.308650
135 5.110640 -1.375160
135 3.212830 -1.530040
135 1.576450 -1.158530
136 0.000000 -1.500000
136 12.776600 -8.563240
136 7.276740 -2.572130
136 9.233510 -2.939950
136 14.270000 5.982480
136 15.260900 7.100440
136 12.486200 -6.356870
136 12.486200 -10.790900
136 16.648300 -6.651110
136 11.689200 -5.041470
136 10.772400 4.032100
136 6.388300 4.617710
136 8.452210 4.432810
136 9.898980 -3.444780
136 5.086980 4.725270
136 17.168600 8.383170
136 4.905300 4.664030
136 3.069240 -1.878800
136 19.978000 5.923040
136 4.905300 -2.244650
136 1.755250 -1.665070
136 1.674980 -1.535690
137 0.000000 -1.500000
137 17.168600 5.203020
137 15.697000 10.451700
137 19.621200 12.806600
137 18.012900 5.912990
137 15.924500 13.395800
137 17.168600 7.065950
137 19.621200 10.677500
137 15.051900 13.981600
137 13.734800 5.893620
137 13.565300 12.972400
137 12.486200 4.044040
137 13.734800 13.194800
137 19.978000 3.755270
137 19.277000 5.651830
137 10.879100 1.734930
137 15.260900 13.490000
137 8.861190 -0.247662
137 6.867420 -1.268290
137 4.484850 -1.600020
137 1.997800 -1.323650
137 15.697000 12.843200
137 1.700910 -1.464380
138 0.000000 -1.500000
138 9.988980 3.169540
138 14.270000 2.353890
138 16.158600 1.160040
138 18.012900 0.286272
138 12.486200 3.086060
138 6.172960 1.363310
138 7.474740 2.576580
138 3.724700 -0.720548
138 2.237860 -1.745150
138 5.086980 0.404226
138 2.117120 -1.987470
139 0.000000 -1.500000
139 13.908700 9.611660
139 12.776600 9.949610
139 8.199910 4.057820
139 7.181620 2.058360
139 5.971670 0.533433
139 4.597440 -0.939769
139 2.591480 -1.691440
139 2.104960 -1.890680
140 0.000000 -1.500000
140 6.910610 1.738300
140 6.243110 0.249759
140 6.540400 5.301140
140 7.276740 3.680740
140 5.086980 -0.978506
140 3.018650 -1.258910
140 1.547590 -1.386660
141 0.000000 -1.500000
141 19.978000 4.674930
141 19.621200 1.645180
141 17.168600 2.286320
141 15.260900 3.353680
141 13.734800 4.041980
141 7.325250 1.866690
141 8.651870 3.181480
141 10.772400 3.795960
141 6.463460 0.860731
141 5.207520 -0.316775
141 3.815230 -1.432220
141 2.197570 -1.887160
141 1.941320 -1.675620
142 0.000000 -1.500000
142 13.908700 9.169570
142 9.080890 3.657740
142 4.756660 -0.550023
142 3.157430 -1.721690
142 10.565300 7.498020
142 6.243110 0.701377
142 7.630470 2.178640
143 0.000000 -1.500000
143 9.810600 4.919410
143 9.810600 6.586100
143 9.311760 3.250630
143 8.517730 1.591750
143 7.374410 0.238438
143 5.577600 -0.834462
143 9.156560 8.254580
143 4.275440 -1.145740
143 1.772240 -1.316010
143 1.576450 -1.419430
144 0.000000 -1.500000
144 5.722850 1.859790
144 4.883500 0.077611
144 3.762970 -1.185760
144 2.279640 -2.042590
144 5.521540 3.652280
144 1.792480 -1.470520
145 0.000000 -1.500000
145 11.327700 -1.272600
145 12.486200 5.754710
145 2.388670 -2.299980
145 11.098900 8.229490
145 12.486200 0.636371
145 12.486200 4.304060
145 12.629700 2.263280
145 10.987900 7.725680
145 10.565300 8.273880
145 9.554670 8.424970
145 8.651870 -2.726310
145 6.579570 -3.205500
145 4.360270 -3.008400
146 0.000000 -1.500000
146 6.278780 3.877900
146 5.549430 1.846010
146 4.597440 0.012597
146 3.309600 -1.148090
146 1.994170 -1.758390
147 0.000000 -1.500000
147 17.168600 14.254200
147 19.621200 -2.139810
147 8.452210 6.322660
147 9.638490 -4.315460
147 6.824770 5.494220
147 15.475900 -2.807240
147 9.233510 8.354310
147 1.760880 -1.597070
147 15.051900 -3.538710
147 13.734800 12.396900
147 6.910610 5.214910
147 7.276740 -2.300960
147 11.327700 10.671200
147 8.584280 -3.523560
147 19.621200 -2.354870
147 13.080800 -4.064570
147 5.134520 -1.831800
147 3.339780 -1.769870
147 2.609950 -1.797890
147 1.997800 -1.702460
148 0.000000 -1.500000
148 19.621200 -8.849570
148 13.908700 -6.928630
148 12.486200 -5.357840
148 9.898980 -1.914970
148 7.737940 -0.784501
148 5.017290 -0.206218
148 3.289780 -0.748190
148 1.887950 -1.159830
148 11.327700 -3.395670
148 1.724940 -1.362180
149 0.000000 -1.500000
149 8.584280 7.597540
149 8.452210 5.192450
149 7.374410 1.943880
149 8.079320 3.475690
149 6.138480 0.433957
149 4.798200 -0.686302
149 2.803030 -1.436270
149 1.642430 -1.428440
149 1.370060 -1.181040
150 0.000000 -1.500000
150 9.810600 -1.155930
150 10.565300 3.885080
150 10.667800 0.263079
150 8.517730 7.874730
150 13.238400 -0.950394
150 8.790300 8.367580
150 6.314870 -2.190610
150 9.156560 5.825880
150 8.651870 -2.470270
150 3.737370 -2.058400
150 7.683830 7.314320
150 1.958620 -1.815060
151 0.000000 -1.500000
151 17.722400 15.898900
151 19.978000 4.346480
151 20.347900 -10.961500
151 15.260900 -11.365700
151 19.621200 -12.161400
151 17.441100 14.633400
151 12.629700 -11.247200
151 19.277000 8.419640
151 8.861190 -8.532190
151 7.374410 -6.332760
151 6.314870 -4.917620
151 4.994490 -3.073740
151 20.347900 15.488800
151 2.247010 -1.385330
151 3.590810 -1.835990
151 19.621200 10.333500
151 1.597070 -1.459010
152 0.000000 -1.500000
152 16.399800 6.300190
152 10.667800 6.693890
152 17.722400 8.731290
152 20.731800 13.826900
152 13.908700 7.492670
152 19.621200 14.010900
152 16.904400 6.623740
152 17.441100 4.425380
152 9.638490 4.473930
152 8.079320 2.103120
152 19.621200 2.720460
152 6.004300 0.036195
152 15.260900 7.184080
152 4.039660 -1.020570
152 1.618240 -1.393210
152 1.511400 -1.223370
153 0.000000 -1.500000
153 7.228860 4.575610
153 5.722850 0.793468
153 3.466210 -0.970671
153 6.954350 2.946000
153 1.662310 -1.536820
154 0.000000 -1.500000
154 8.199910 -4.947580
155 0.000000 -1.500000
155 12.486200 1.443810

156 0.000000 -1.500000
156 20.731800 -1.624690
156 16.399800 -1.482930
156 13.734800 -1.422600
156 14.650500 13.656900
156 11.689200 -1.428520
156 9.810600 -1.370980
156 1.795400 -1.228910
156 3.521750 -1.202390
156 5.971670 -1.240310
156 7.683830 -1.259060
157 0.000000 -1.500000
157 16.399800 -1.482930
157 13.908700 -1.440610
157 20.731800 -1.624690
157 11.689200 -1.428520
157 9.810600 -1.370980
157 7.683830 -1.259060
157 5.971670 -1.240310
157 3.521750 -1.206250
157 1.798340 -1.230920
158 0.000000 -1.500000
158 16.399800 -1.482930
158 20.731800 -1.624690
158 13.734800 -1.422600
158 11.689200 -1.428520
158 9.810600 -1.370980
158 7.737940 -1.267920
158 5.971670 -1.240310
158 3.521750 -1.202390
158 1.798340 -1.232900
159 0.000000 -1.500000
159 16.158600 -1.461120
159 13.734800 -1.422600
159 20.731800 -1.624690
159 14.650500 13.656900
159 9.810600 -1.381740
159 7.683830 -1.259060
159 11.689200 -1.428520
159 5.971670 -1.233770
159 3.521750 -1.206250
159 1.795400 -1.226950
160 0.000000 -1.500000
160 16.399800 -1.482930
160 20.731800 -1.601970
160 13.734800 -1.422600
160 9.810600 -1.370980
160 14.270000 13.302200
160 7.737940 -1.259440
160 11.689200 -1.428520
160 5.971670 -1.240310
160 3.521750 -1.206250
160 1.798340 -1.228950
161 0.000000 -1.500000
161 20.731800 -1.624690
161 16.399800 -1.482930
161 13.734800 -1.422600
161 11.566200 -1.413490
161 9.810600 -1.370980
161 7.683830 -1.259060
161 5.971670 -1.233770
161 14.270000 13.302200
161 3.510500 -1.202390
161 1.798340 -1.228950
162 0.000000 -1.500000
162 20.731800 -1.624690
162 16.399800 -1.482930
162 13.734800 -1.422600
162 11.566200 -1.413490
162 9.810600 -1.381740
162 7.737940 -1.267920
162 5.971670 -1.233770
162 3.521750 -1.202390
162 1.798340 -1.230920
163 0.000000 -1.500000
163 20.731800 -1.601970
163 16.399800 -1.482930
163 13.734800 -1.422600
163 11.566200 -1.413490
163 9.810600 -1.381740
163 7.683830 -1.259060
163 5.971670 -1.240310
163 3.521750 -1.206250
163 1.798340 -1.230920
164 0.000000 -1.500000
164 16.399800 -1.482930
164 20.731800 -1.624690
164 13.734800 -1.422600
164 11.689200 -1.415710
164 9.810600 -1.381740
164 7.737940 -1.267920
164 14.087000 13.131700
164 5.971670 -1.233770
164 3.521750 -1.206250
164 1.795400 -1.228910
165 0.000000 -1.500000
165 16.648300 -1.523640
165 20.731800 -1.624690
165 13.734800 -1.422600
165 11.566200 -1.413490
165 9.810600 -1.370980
165 7.683830 -1.259060
165 5.971670 -1.240310
165 3.521750 -1.206250
165 1.795400 -1.226950
166 0.000000 -1.500000
166 14.270000 13.302200
166 20.731800 -1.624690
166 13.734800 -1.422600
166 16.648300 -1.523640
166 11.689200 -1.428520
166 9.810600 -1.370980
166 7.683830 -1.259060
166 5.971670 -1.240310
166 3.521750 -1.206250
166 1.795400 -1.228910
167 0.000000 -1.500000
167 20.731800 -1.624690
167 16.399800 -1.482930
167 13.908700 -1.440610
167 11.689200 -1.415710
167 9.810600 -1.370980
167 7.737940 -1.267920
167 5.971670 -1.240310
167 3.521750 -1.206250
167 1.795400 -1.228910
168 0.000000 -1.500000
168 16.648300 -1.523640
168 20.731800 -1.624690
168 13.734800 -1.422600
168 11.689200 -1.428520
168 9.810600 -1.370980
168 7.683830 -1.259060
168 5.971670 -1.240310
168 3.521750 -1.206250
168 1.801290 -1.234920
169 0.000000 -1.500000
169 20.731800 -1.601970
169 16.399800 -1.482930
169 13.734800 -1.422600
169 11.689200 -1.415710
169 9.810600 -1.370980
169 7.683830 -1.259060
169 5.971670 -1.240310
169 3.521750 -1.202390
169 1.801290 -1.230970
170 0.000000 -1.500000
170 20.731800 -1.601970
170 16.399800 -1.482930
170 13.734800 -1.422600
170 11.566200 -1.413490
170 9.810600 -1.370980
170 7.683830 -1.250640
170 5.971670 -1.240310
170 3.521750 -1.202390
170 1.795400 -1.226950
171 0.000000 -1.500000
171 17.722400 13.101800
171 14.457700 13.493100
171 16.399800 -1.482930
171 19.978000 -1.565610
171 13.734800 -1.422600
171 11.566200 -1.400810
171 9.638490 -1.346930
171 7.737940 -1.259440
171 5.939390 -1.233610
171 3.444470 -1.191100
171 1.722240 -1.214700
172 0.000000 -1.500000
172 17.441100 -1.175640
172 13.908700 13.072200
172 16.158600 13.433400
172 12.074600 -1.158000
172 9.898980 -1.188040
172 7.630470 -1.133230
172 5.939390 -1.129450
172 14.087000 -1.134840
172 4.039660 -1.126830
172 1.543240 -1.135810
173 0.000000 -1.500000
173 18.313100 -1.194280
173 15.475900 -1.399380
173 12.486200 -1.320640
173 9.638490 -1.241290
173 7.325250 -1.192270
173 5.086980 -1.190380
173 2.922310 -1.132250
173 1.507250 -1.082890
174 0.000000 -1.500000
174 15.260900 -1.313040
174 12.486200 -1.279590
174 18.012900 -1.312900
174 8.790300 -1.286210
174 6.501700 -1.300520
174 4.039660 -1.241950
174 1.538920 -1.242270
175 0.000000 -1.500000
175 19.621200 15.387300
175 19.621200 -2.010780
175 14.848500 -1.716960
175 9.156560 -1.590700
175 6.314870 -1.526160
175 17.441100 -1.749120
175 12.208700 -1.719490
175 3.444470 -1.515780
175 16.904400 14.257200
175 1.521870 -1.393640
176 0.000000 -1.500000
176 12.926900 4.030920
176 13.565300 5.910070
176 12.629700 2.374020
176 11.566200 0.881052
176 12.776600 7.568980
176 11.327700 9.975950
176 8.517730 -1.274330
176 10.464600 -0.361295
176 7.088950 -1.425750
176 4.636230 -1.369460
176 2.740120 -1.364990
176 1.436320 -1.151580
177 0.000000 -1.500000
177 11.566200 6.775860
177 13.238400 8.887270
177 12.486200 11.639400
177 12.345900 10.372000
177 9.898980 3.802820
177 12.208700 7.179060
177 11.327700 5.456670
177 8.584280 2.196930
177 6.867420 0.470436
177 4.927300 -0.807378
177 2.922310 -1.683160
177 1.669890 -1.576770
178 0.000000 -1.500000
178 19.978000 16.959000
178 12.776600 12.246200
178 6.037290 0.142268
178 11.445700 9.803880
178 10.464600 7.036640
178 10.772400 8.825740
178 9.810600 4.026930
178 7.630470 1.124860
178 10.365900 5.697780
178 4.395150 -0.739450
178 2.774720 -1.245370
178 8.651870 2.413370
178 1.657300 -1.336010
179 0.000000 -1.500000
179 9.810600 -1.026890
179 15.924500 12.017000
179 19.621200 -5.236620
179 7.630470 -1.860830
179 5.282630 -2.017810
179 19.621200 -3.451650
179 2.861430 -1.579100
179 1.601730 -1.426390
179 1.451500 -1.165340
180 0.000000 -1.500000
180 3.775900 -0.829778
180 5.086980 0.270413
180 6.867420 6.401690
180 1.887950 -1.600580
181 0.000000 -1.500000
181 18.313100 -1.033700
181 20.347900 -0.836330
181 15.697000 -1.126900
181 13.734800 -1.181730
181 11.566200 -1.197980
181 9.810600 -1.295710
181 6.998650 -1.338550
181 3.250850 -1.508960
181 5.282630 -1.479340
181 4.360270 1.727620
181 1.615860 -1.385850
181 1.662310 -1.372850
182 0.000000 -1.500000
182 19.978000 -1.061990
182 17.722400 -1.155750
182 15.260900 -1.262860
182 10.879100 -1.293750
182 8.452210 -1.357170
182 5.971670 -1.364670
182 3.175690 -1.425340
182 1.868690 -1.516660
182 1.560780 -1.430980
183 0.000000 -1.500000
183 12.486200 2.182820
183 12.776600 3.802000
183 11.445700 0.696245
183 12.486200 7.246420
183 9.988980 -0.552890
183 13.238400 8.379430
183 11.327700 10.348400
183 8.079320 -1.385850
183 6.867420 -1.569370
183 4.430590 -1.473830
183 2.491580 -1.432340
183 13.399800 5.676440
183 1.490890 -1.257420
184 0.000000 -1.500000
184 13.399800 6.954190
184 13.399800 11.874300
184 11.943300 10.308700
184 11.445700 6.931090
184 11.098900 5.541070
184 9.898980 3.943860
184 8.584280 2.272200
184 6.699920 0.480992
184 4.883500 -0.837668
184 2.810200 -1.704830
184 1.955140 -1.762540
185 0.000000 -1.500000
185 10.565300 4.973590
185 9.156560 0.998578
185 9.638490 9.069340
185 3.103920 -1.410140
185 9.810600 2.844120
185 5.971670 -1.299220
185 1.746880 -1.461840
185 1.741340 -1.401850
186 0.000000 -1.500000
186 18.313100 2.197880
186 19.277000 6.327940
186 16.399800 1.734570
186 14.848500 1.375200
186 10.365900 0.346525
186 17.168600 7.724560
186 6.659320 -0.551066
186 4.905300 -0.723127
186 8.199910 -0.103355
186 2.508650 -1.329420
186 12.776600 0.931244
186 1.560780 -1.446380
187 0.000000 -1.500000
187 19.621200 -1.258080
187 15.697000 -1.264530
187 19.277000 -1.489550
187 13.734800 -1.347330
187 11.212100 -1.345640
187 8.139170 -1.324750
187 6.004300 -1.372130
187 3.602580 -1.447150
187 1.724940 -1.445370
187 1.972690 -1.505930
188 0.000000 -1.500000
188 17.722400 8.148550
188 13.734800 -1.723680
188 18.623500 -1.684000
188 15.260900 -1.614120
188 19.277000 6.792760
188 14.848500 -1.798340
188 19.621200 -2.032280
188 10.269000 -1.648900
188 18.944600 8.399060
188 7.792820 -1.661270
188 4.927300 -1.612050
188 2.065390 -1.642350
188 13.734800 12.366800
188 20.731800 6.192000
189 0.000000 -1.500000
189 3.882640 -3.640610
189 12.486200 10.585700
189 17.168600 11.695000
189 15.051900 11.292500
189 2.585380 -2.169180
189 1.399730 -1.162130
190 0.000000 -1.500000
190 6.314870 4.190880
190 3.737370 -0.792636
190 1.958620 -1.531690
190 1.695660 -1.370650
191 0.000000 -1.500000
191 13.734800 11.704400
191 15.260900 12.302400
191 14.650500 11.714000
191 16.904400 -2.936680
191 18.623500 12.951500
191 11.566200 10.490200
191 20.347900 -2.375180
191 11.566200 -2.427650
191 13.734800 -2.611860
191 9.810600 -2.274220
191 13.734800 11.885100
191 8.079320 -2.173970
191 12.486200 11.228900
191 5.466600 -1.974240
191 1.884710 -1.736240
191 18.012900 13.020400
191 3.687210 -1.925690
191 2.861430 -1.773540
192 0.000000 -1.500000
192 19.621200 -1.408620
192 16.904400 -1.454440
192 13.734800 -1.527980
192 10.667800 -1.549240
192 6.867420 -1.607010
192 4.412800 -1.666210
192 1.831310 -1.687050
192 2.154480 -1.750980
193 0.000000 -1.500000
193 8.261560 4.975720
193 8.079320 3.351720
193 7.276740 1.662910
193 9.638490 7.780510
193 5.971670 0.284716
193 4.616750 -0.807094
193 8.517730 7.230560
193 2.591480 -1.518180
193 1.819180 -1.486450
193 1.659800 -1.241610
194 0.000000 -1.500000
194 4.578280 -3.133730
194 18.944600 9.312680
194 17.168600 11.638600
194 17.168600 13.859000
194 14.457700 13.271200
194 18.313100 5.590030
194 18.623500 7.317750
194 11.327700 -2.613490
194 20.731800 11.145600
194 15.697000 13.961500
194 7.088950 -3.756690
194 17.168600 2.399220
194 18.012900 4.057160
194 16.904400 1.139470
194 15.260900 -0.091996
194 13.565300 -1.375300
194 9.156560 -3.367070
194 2.922310 -2.157200
195 0.000000 -1.500000
195 12.776600 1.015270
195 13.734800 2.009700
195 13.565300 4.438130
195 16.904400 -0.398351
195 15.051900 0.189721
195 19.978000 15.272900
195 20.731800 18.666900
195 6.501700 0.488140
195 4.578280 -0.258426
195 3.360210 -1.062520
195 1.755250 -1.613130
195 1.708850 -1.606070
195 10.565300 1.233270
196 0.000000 -1.500000
196 17.168600 -0.348122
196 16.904400 12.348900
196 19.277000 -1.341650
196 8.933230 -0.416125
196 6.824770 -1.342700
196 4.377640 -1.542580
196 1.871870 -1.164310
196 1.486860 -1.043790
197 0.000000 -1.500000
197 12.926900 1.905650
197 15.051900 3.637690
197 19.277000 8.483030
197 12.776600 2.373620
197 9.988980 1.133150
197 6.243110 0.133433
197 4.736150 -0.106416
197 2.284380 -0.784933
197 1.578720 -1.070210
198 0.000000 -1.500000
198 17.441100 -1.309450
198 13.734800 -1.347330
198 11.445700 -1.373670
198 8.861190 -1.345140
198 5.971670 -1.345040
198 3.788920 -1.384960
198 1.783750 -1.467270
198 1.807220 -1.454880
199 0.000000 -1.500000
199 9.988980 7.439390
199 9.988980 2.370310
199 10.667800 5.828650
199 8.790300 0.871924
199 7.630470 -0.363804
199 5.722850 -1.276450
199 9.898980 8.891320
199 4.395150 -1.481310
199 10.667800 4.180030
199 1.907620 -1.433260
199 1.703550 -1.483460
200 0.000000 -1.500000
200 12.208700 10.738500
200 12.345900 7.733330
200 11.445700 5.676590
200 10.464600 3.974240
200 9.311760 2.617860
200 7.792820 1.430660
200 5.971670 0.206174
200 3.762970 -0.983662
200 12.486200 9.093950
200 1.840510 -1.637020
200 2.117120 -1.739180
201 0.000000 -1.500000
201 11.327700 3.495000
201 12.486200 4.167210
201 18.944600 3.540270
201 10.365900 3.573180
201 8.261560 2.041900
201 13.734800 7.594720
201 12.208700 5.038050
201 5.663850 -0.139676
201 6.579570 0.897828
201 4.292140 -1.079650
201 17.168600 3.791710
201 2.474750 -1.685770
201 2.206400 -1.834280
201 1.990560 -1.613390
202 0.000000 -1.500000
202 19.277000 4.172850
202 17.168600 3.490630
202 15.260900 2.851890
202 13.908700 2.340030
202 11.098900 1.392870
202 7.276740 0.083744
202 5.875870 -0.305909
202 3.360210 -1.125130
202 1.735840 -1.467820
203 0.000000 -1.500000
203 19.621200 -1.924750
203 15.260900 -1.781380
203 7.325250 -1.561600
203 5.158630 -1.552040
203 2.733300 -1.559320
203 15.051900 14.146600
203 1.807220 -1.502420
203 10.464600 -1.691780
203 12.629700 -1.723420
203 1.578720 -1.355720
204 0.000000 -1.500000
204 11.689200 7.629470
204 9.898980 0.851701
204 10.365900 2.493840
204 8.651870 -0.621123
204 7.424240 -1.786130
204 10.365900 6.061340
204 10.565300 4.174570
204 5.493940 -2.622400
204 4.084710 -2.719780
204 8.584280 8.077380
204 9.156560 7.542030
204 2.922310 -2.586400
205 0.000000 -1.500000
206 0.000000 -1.500000
206 19.978000 13.302200
206 19.978000 -7.368220
206 19.277000 -8.546410
207 0.000000 -1.500000
207 16.904400 -10.977800
207 20.347900 -7.504670
207 19.621200 -8.720530

208 0.000000 -1.500000
208 15.260900 -0.945053
208 13.399800 -1.035420
208 11.445700 -1.110230
208 9.638490 -1.135650
208 7.630470 -1.175040
208 5.158630 -1.274990
208 15.260900 14.025300
208 3.499320 -1.424850
208 2.706370 -1.363010
208 1.521870 -1.395300
209 0.000000 -1.500000
209 16.399800 14.029400
209 14.087000 13.317000
209 14.087000 -1.150280
209 12.486200 -1.211160
209 9.898980 -1.242290
209 17.168600 -1.138450
209 7.737940 -1.234000
209 5.971670 -1.259950
209 4.039660 -1.268520
209 1.565220 -1.314970
210 0.000000 -1.500000
210 12.629700 -1.446560
210 15.260900 -1.530480
210 18.623500 -1.541120
210 7.792820 -1.379410
210 5.722850 -1.383080
210 3.401820 -1.407520
210 10.565300 -1.430120
210 1.554150 -1.341440
211 0.000000 -1.500000
211 12.629700 -1.571150
211 3.349960 -1.400750
211 9.988980 -1.571080
211 1.583270 -1.361360
211 15.475900 -1.619890
211 6.998650 -1.461290
211 1.405100 -1.283630
212 0.000000 -1.500000
212 18.944600 11.389100
212 13.565300 7.649630
212 15.260900 10.696700
212 9.311760 1.035920
212 13.565300 12.689900
212 15.475900 -9.507310
212 17.441100 12.224800
212 20.731800 11.940900
212 20.347900 8.932010
212 13.908700 -7.782320
212 13.399800 -2.959390
212 13.734800 -5.020490
212 12.074600 1.621190
212 7.630470 1.200130
212 12.486200 -1.348010
212 5.971670 0.723244
212 19.621200 11.967900
212 4.578280 -0.358786
212 2.733300 -1.457460
212 1.924320 -1.736870
213 0.000000 -1.500000
213 13.565300 12.556100
213 13.399800 6.249220
213 12.486200 11.461500
213 15.051900 12.117400
213 13.238400 10.483300
213 9.898980 9.075770
213 12.074600 5.459120
213 10.879100 3.893160
213 9.723780 2.296730
213 7.737940 0.504625
213 5.971670 -0.795241
213 3.924240 -1.683890
213 1.840510 -1.699560
214 0.000000 -1.500000
214 10.667800 6.308040
214 10.772400 8.802130
214 10.565300 7.185360
214 9.080890 2.642530
214 10.080600 4.248250
214 8.079320 1.297300
214 6.501700 0.267230
214 4.777340 -0.641429
214 3.194150 -1.195560
214 1.613490 -1.374970
214 11.445700 9.904240
214 1.652310 -1.342860
215 0.000000 -1.500000
215 14.650500 8.968140
215 11.445700 -1.285860
215 14.848500 1.049710
215 8.517730 -1.367690
215 13.734800 10.304400
215 6.207840 -1.459470
215 4.010170 -1.342770
215 1.887950 -1.350200
215 12.345900 11.671000
215 1.574190 -1.408770
216 0.000000 -1.500000
216 19.978000 -1.828370
216 14.848500 -1.733240
216 17.722400 14.209000
216 16.399800 -1.698620
216 12.208700 -1.706110
216 15.475900 14.341500
216 9.723780 -1.657270
216 7.276740 -1.638990
216 4.949490 -1.570490
216 15.697000 14.340000
216 3.069240 -1.539030
216 1.924320 -1.534400
216 1.758060 -1.550190
217 0.000000 -1.500000
217 17.441100 -1.959400
217 12.345900 -1.860600
217 15.051900 -1.921960
217 9.156560 -1.691060
217 6.501700 -1.642570
217 3.455310 -1.565990
217 2.096920 -1.462880
217 1.775100 -1.397900
218 0.000000 -1.500000
218 9.233510 4.741360
218 10.565300 8.528640
218 8.452210 3.358190
218 6.954350 1.947480
218 5.308150 0.538160
218 3.241260 -0.900572
218 1.897730 -1.702470
219 0.000000 -1.500000
219 17.441100 8.879440
219 19.621200 9.365700
219 13.908700 9.474460
219 12.345900 6.826710
219 10.667800 5.653270
219 9.898980 4.974580
219 8.651870 3.437510
219 8.079320 2.191680
219 13.565300 7.902390
219 5.493940 -0.165593
219 7.228860 0.938891
219 2.137720 -1.306240
219 1.543240 -1.343860
219 4.039660 -1.011710
220 0.000000 -1.500000
220 11.327700 -2.439670
220 17.722400 8.556470
220 8.517730 -1.433040
220 14.270000 10.705900
220 2.891550 -1.031590
220 4.736150 -0.594371
220 1.727650 -1.430600
220 18.623500 10.257100
220 1.583270 -1.328390
221 0.000000 -1.500000
221 11.566200 7.422390
221 11.566200 4.937690
221 7.325250 -1.176210
221 10.565300 1.105890
221 4.430590 -1.260160
221 11.327700 3.023200
221 2.129430 -1.343190
221 1.649830 -1.255850
222 0.000000 -1.500000
222 13.399800 -0.521380
222 15.924500 -0.078542
222 14.848500 0.317353
222 11.445700 -0.671155
222 8.861190 -0.908093
222 4.949490 -1.234150
222 3.433710 -1.217490
222 6.243110 -1.125620
222 1.556360 -1.437160
223 0.000000 -1.500000
223 15.475900 -1.670780
223 11.566200 -1.603640
223 8.933230 -1.542110
223 6.463460 -1.477060
223 3.626360 -1.432860
223 18.313100 -1.676010
223 1.881490 -1.459000
223 1.887950 -1.474360
224 0.000000 -1.500000
224 10.565300 4.429330
224 10.565300 6.073690
224 9.810600 2.693580
224 9.988980 7.800680
224 7.630470 -0.137994
224 9.006450 1.298090
224 5.752810 -1.087670
224 4.377640 -1.297880
224 1.914260 -1.287190
224 1.580990 -1.349010
225 0.000000 -1.500000
225 8.720530 -7.106420
225 19.277000 -6.222300
225 15.475900 -8.811860
225 16.158600 -9.873620
225 6.699920 -6.385080
225 20.347900 -5.006830
225 18.944600 -4.661530
225 17.168600 14.536500
225 17.168600 -4.130430
225 3.788920 -3.050240
225 2.293920 -1.653110
225 2.016120 -1.194370
226 0.000000 -1.500000
226 11.445700 7.671240
226 10.772400 5.531590
226 10.464600 4.570660
226 9.156560 2.935520
226 8.079320 1.722350
226 6.540400 0.684596
226 4.484850 -0.371126
226 11.566200 9.450710
226 2.133570 -1.336440
226 11.445700 6.203480
226 1.695660 -1.580660
227 0.000000 -1.500000
227 8.651870 -1.484060
227 12.345900 11.224500
227 14.270000 8.406750
227 15.051900 0.849620
227 13.734800 10.153900
227 6.314870 -1.533080
227 4.177900 -1.412670
227 2.096920 -1.414610
227 1.567460 -1.457720
228 0.000000 -1.500000
228 18.944600 -1.588450
228 15.475900 -1.569000
228 15.475900 13.849600
228 12.629700 -1.529620
228 7.630470 -1.459400
228 5.493940 -1.478300
228 2.993970 -1.488170
228 10.565300 -1.511180
228 1.467010 -1.314460
228 1.511400 -1.410560
229 0.000000 -1.500000
229 11.566200 -1.552930
229 14.848500 -1.570490
229 16.904400 8.309780
229 19.621200 7.193630
229 15.475900 11.678500
229 14.457700 -1.513320
229 18.944600 8.336770
229 17.441100 -1.825590
229 16.904400 1.324750
229 17.168600 9.719200
229 16.399800 8.367300
229 8.584280 -1.538320
229 5.971670 -1.495580
229 3.712120 -1.434190
229 19.621200 6.957070
229 2.061510 -1.420100
229 3.052190 -1.433470
230 0.000000 -1.500000
230 11.566200 9.602830
230 11.445700 1.273310
230 12.345900 7.841580
230 9.898980 -0.146471
230 12.776600 6.014580
230 8.079320 -1.093620
230 6.824770 -1.320260
230 12.629700 4.312000
230 4.412800 -1.322810
230 12.345900 2.726620
230 2.452650 -1.342760
230 1.501080 -1.272590
231 0.000000 -1.500000
231 17.441100 -10.676400
231 12.486200 -1.019560
231 11.445700 0.558250
231 17.168600 13.445100
231 9.391350 1.343280
231 13.080800 -3.003620
231 12.208700 2.120930
231 15.260900 2.266450
231 19.621200 -5.645230
231 14.087000 -7.526970
231 20.731800 11.781800
231 13.399800 0.668248
231 19.621200 -9.473230
231 15.051900 10.995600
231 12.776600 10.593800
231 7.630470 1.501210
231 4.578280 -0.132977
231 5.907460 0.974460
231 2.673450 -1.255590
231 1.910930 -1.540480
231 1.749660 -1.663600
232 0.000000 -1.500000
232 11.566200 9.438030
232 10.565300 4.823050
232 11.445700 7.633600
232 11.445700 6.178390
232 9.233510 2.869100
232 8.079320 1.633800
232 6.540400 0.584236
232 4.616750 -0.473124
232 2.284380 -1.475980
232 2.049980 -1.762660
233 0.000000 1.500000
233 10.667800 1.677860
233 6.540400 1.595000
233 16.648300 1.815600
233 13.080800 1.741960
233 11.445700 1.662210
233 8.452210 1.662880
233 13.080800 11.663200
233 5.493940 1.526470
233 4.162070 1.484870
233 1.098790 0.759321
233 2.525950 1.432720
233 1.083620 0.793969
233 1.543240 1.359080
233 2.260880 1.247680
234 0.000000 -1.500000
234 13.734800 -1.543030
234 16.648300 -1.651370
234 14.457700 -1.497470
234 17.441100 9.452920
234 12.629700 -12.396100
234 17.168600 11.412800
234 20.347900 13.793900
234 13.565300 -12.794000
234 11.445700 -1.599480
234 18.313100 8.259600
234 15.697000 8.129130
234 8.139170 -1.538850
234 16.904400 8.458000
234 5.663850 -1.536430
234 20.347900 7.125530
234 2.706370 -1.469800
234 11.445700 10.506400
234 19.978000 7.302530
234 3.349960 -1.466840
235 0.000000 -1.500000
235 10.667800 7.898210
235 11.212100 4.467030
235 11.327700 6.201600
235 10.565300 2.761820
235 9.638490 1.315240
235 8.452210 -0.115800
235 12.629700 8.450970
235 11.445700 9.891700
235 6.540400 -1.078870
235 5.110640 -1.291140
235 2.699720 -1.315280
235 1.804250 -1.379330
235 1.749660 -1.295410
236 0.000000 -1.500000
236 10.464600 -2.884620
236 16.158600 15.647200
236 18.944600 8.170660
236 16.904400 13.553200
236 19.277000 10.553600
236 17.168600 15.289200
236 19.277000 6.475840
236 17.168600 -1.909970
236 17.168600 12.504200
236 15.697000 0.335488
236 12.629700 -1.820320
236 14.650500 -0.730618
236 16.904400 1.584140
236 17.441100 3.029910
236 18.944600 4.786120
236 6.037290 -3.589790
236 17.441100 11.689500
236 8.261560 -3.463540
236 3.638370 -2.781490
236 2.031030 -1.652870
236 17.441100 10.619000
236 1.373480 -1.188510
237 0.000000 -1.500000
237 10.987900 9.219040
237 10.667800 7.500660
237 10.080600 4.425030
237 9.156560 2.795020
237 8.079320 1.403560
237 6.540400 0.347674
237 4.883500 -0.602158
237 3.260500 -1.195380
237 1.703550 -1.369560
238 0.000000 -1.500000
238 6.278780 4.373390
238 6.243110 2.138340
238 3.828530 -0.656709
238 2.046160 -1.407280
238 1.505190 -1.338770
239 0.000000 -1.500000
239 19.277000 6.919530
239 17.168600 4.525590
239 15.475900 3.824970
239 13.908700 3.117500
239 11.327700 2.029950
239 7.630470 0.472527
239 6.172960 0.016914
239 3.815230 -0.993142
239 18.623500 5.174470
239 1.687850 -1.556730
240 0.000000 -1.500000
240 20.347900 0.345683
240 17.441100 0.066906
240 15.475900 -0.195065
240 13.734800 -0.383876
240 11.566200 -0.564127
240 9.638490 -0.776467
240 6.954350 -1.040440
240 5.110640 1.851280
240 3.260500 -1.466980
240 4.162070 1.845250
240 4.448530 -1.309140
240 1.706190 -1.427790
241 0.000000 -1.500000
241 18.623500 0.295976
241 16.904400 0.101904
241 14.087000 -0.192999
241 12.345900 -0.399183
241 10.365900 -0.562393
241 8.199910 -0.750450
241 5.722850 -1.031820
241 3.924240 1.868840
241 3.995590 -1.289710
241 3.212830 -1.301150
241 1.979800 -1.428900
242 0.000000 -1.500000
242 17.168600 0.141131
242 13.908700 -0.190556
242 12.074600 -0.377176
242 10.269000 -0.545881
242 8.139170 -0.735971
242 5.722850 -1.031820
242 3.938310 -1.284170
242 3.184890 -1.300310
242 1.948200 -1.427460
242 2.868900 1.815910
243 0.000000 -1.500000
243 17.168600 0.122313
243 13.908700 -0.190556
243 11.814900 -0.369064
243 10.174000 -0.563129
243 8.079320 -0.739414
243 5.722850 -1.038090
243 3.938310 -1.284170
243 3.841910 1.850690
243 3.194150 -1.304090
243 1.948200 -1.425320
243 2.868900 1.819050
244 0.000000 -1.500000
244 16.904400 0.120432
244 14.087000 -0.177559
244 11.814900 -0.369064
244 10.269000 -0.568392
244 8.139170 -0.735971
244 5.722850 -1.031820
244 3.938310 -1.284170
244 3.841910 1.850690
244 3.194150 -1.304090
244 1.958620 -1.430800
244 2.868900 1.819050
245 0.000000 -1.500000
245 16.904400 0.120432
245 13.908700 -0.190556
245 12.074600 -0.377176
245 10.080600 -0.546914
245 8.139170 -0.744891
245 5.722850 -1.031820
245 3.938310 -1.284170
245 3.855390 1.852960
245 3.194150 -1.304090
245 1.958620 -1.430800
245 2.868900 1.819050
246 0.000000 -1.500000
246 20.347900 0.412590
246 12.074600 -0.377176
246 16.904400 0.101904
246 10.080600 -0.546914
246 14.087000 -0.192999
246 8.139170 -0.744891
246 5.722850 -1.031820
246 3.938310 -1.284170
246 3.868970 1.859480
246 3.175690 -1.293070
247 0.000000 -1.500000
247 20.347900 0.412590
247 11.943300 -0.373076
247 17.168600 0.122313
247 10.080600 -0.546914
247 13.908700 -0.190556
247 8.079320 -0.748270
247 5.722850 -1.038090
247 3.938310 -1.284170
247 3.855390 1.857180
247 3.184890 -1.303800
248 0.000000 -1.500000
248 20.347900 0.412590
248 11.943300 -0.373076
248 16.904400 0.101904
248 9.988980 -0.552890
248 13.908700 -0.175312
248 8.079320 -0.739414
248 5.722850 -1.038090
248 3.938310 -1.284170
248 3.855390 1.857180
248 3.184890 -1.300310
249 0.000000 -1.500000
249 3.194150 -1.304090
249 19.978000 0.405088
249 11.814900 -0.369064
249 16.904400 0.120432
249 9.988980 -0.541942
249 14.087000 -0.177559
249 8.079320 -0.739414
249 5.722850 -1.031820
249 3.841910 1.859110
249 3.938310 -1.284170
250 0.000000 -1.500000
250 20.347900 0.434892
250 16.904400 0.101904
250 14.087000 -0.177559
250 12.208700 -0.394748
250 8.079320 -0.739414
250 5.722850 -1.031820
250 9.988980 -0.541942
250 3.938310 -1.275540
250 3.841910 1.854900
250 3.184890 -1.296820
251 0.000000 -1.500000
251 19.978000 0.405088
251 17.168600 0.103496
251 13.908700 -0.190556
251 11.814900 -0.369064
251 8.139170 -0.744891
251 5.693200 -1.032720
251 10.174000 -0.551978
251 3.938310 -1.288490
251 3.184890 -1.303800
251 1.941320 -1.407520
252 0.000000 -1.500000
252 20.347900 0.412590
252 16.904400 0.101904
252 13.908700 -0.175312
252 11.943300 -0.359986
252 8.079320 -0.739414
252 5.722850 -1.038090
252 9.988980 -0.552890
252 3.938310 -1.288490
252 3.194150 -1.307590
252 1.944760 -1.422800
253 0.000000 -1.500000
253 19.978000 0.405088
253 17.168600 0.103496
253 13.908700 -0.190556
253 11.943300 -0.373076
253 8.139170 -0.744891
253 5.722850 -1.038090
253 10.080600 -0.546914
253 3.938310 -1.288490
253 3.194150 -1.304090
253 1.951660 -1.429990
254 0.000000 -1.500000
254 19.978000 0.383191
254 16.904400 0.120432
254 13.908700 -0.175312
254 11.943300 -0.373076
254 8.079320 -0.730559
254 5.722850 -1.038090
254 9.988980 -0.541942
254 3.952470 -1.293120
254 3.194150 -1.304090
255 0.000000 -1.500000
255 20.347900 0.412590
255 17.168600 0.103496
255 13.908700 -0.175312
255 11.943300 -0.373076
255 8.079320 -0.730559
255 5.722850 -1.038090
255 9.988980 -0.541942
255 3.952470 -1.288790
255 3.194150 -1.300590
256 0.000000 -1.500000
256 1.941320 -1.413900
256 19.978000 0.405088
256 16.904400 0.101904
256 12.074600 -0.363942
256 14.087000 -0.192999
256 8.079320 -0.739414
256 5.722850 -1.031820
256 9.988980 -0.541942
256 3.952470 -1.293120
256 3.868970 1.859480
256 3.194150 -1.307590
257 0.000000 -1.500000
257 20.347900 0.434892
257 16.904400 0.101904
257 13.908700 -0.190556
257 12.074600 -0.377176
257 8.079320 -0.748270
257 5.722850 -1.031820
257 9.988980 -0.541942
257 3.938310 -1.284170
257 3.855390 1.857180
257 3.184890 -1.300310
257 2.861430 1.808040
257 1.941320 -1.416030
258 0.000000 -1.500000
258 19.978000 0.405088
258 16.904400 0.101904
258 14.087000 -0.177559
258 12.208700 -0.394748
258 8.079320 -0.739414
258 5.722850 -1.038090
258 9.988980 -0.541942
258 3.952470 -1.293120
258 3.855390 1.857180
258 3.194150 -1.304090
258 1.944760 -1.420670
258 2.861430 1.811180
259 0.000000 -1.500000
259 20.347900 0.412590
259 16.904400 0.101904
259 13.908700 -0.175312
259 12.074600 -0.377176
259 8.139170 -0.744891
259 5.722850 -1.038090
259 10.080600 -0.546914
259 3.938310 -1.292800
259 3.868970 1.863720
259 3.194150 -1.304090
259 1.941320 -1.420280
260 0.000000 -1.500000
260 20.347900 0.434892
260 16.904400 0.101904
260 13.734800 -0.188174
260 11.814900 -0.369064
260 8.079320 -0.748270
260 5.722850 -1.038090
260 9.988980 -0.552890
260 3.938310 -1.292800
260 3.868970 1.867960
260 3.184890 -1.300310

261 0.000000 -1.500000
261 17.441100 2.704930
261 19.978000 -15.010200
261 19.277000 -15.328600
261 17.441100 -14.748100
261 8.720530 2.786170
261 16.158600 -13.327200
261 15.260900 1.814840
261 15.260900 -14.543800
261 11.327700 2.315510
261 4.242420 1.927370
261 6.314870 2.668180
261 2.436340 1.277750
261 13.080800 2.100380
261 1.088990 0.788355

262 0.000000 -1.500000
262 19.277000 -3.116430
262 13.908700 12.386200
262 15.475900 14.375500
262 17.168600 -3.001380
262 12.486200 -1.293270
262 10.464600 -1.370630
262 7.630470 -1.350670
262 3.510500 -1.329360
262 4.597440 -1.358000
262 2.699720 -1.327110
263 0.000000 -1.500000
263 19.277000 -3.095300
263 17.168600 -2.982560
263 12.486200 -1.293270
263 10.565300 -1.383800
263 7.630470 -1.350670
263 3.510500 -1.325520
263 4.578280 -1.347330
263 2.693110 -1.323860
264 0.000000 -1.500000
264 18.944600 -3.062700
264 15.697000 14.580800
264 13.399800 11.903600
264 10.565300 -1.372220
264 17.168600 -2.982560
264 12.486200 -1.306960
264 7.630470 -1.350670
264 3.521750 -1.333630
264 4.578280 -1.347330
264 3.423010 1.521340
264 2.706370 -1.327420
265 0.000000 -1.500000
265 18.944600 -3.062700
265 13.399800 11.888900
265 17.168600 -2.982560
265 12.486200 -1.293270
265 7.630470 -1.350670
265 10.464600 -1.370630
265 3.521750 -1.333630
265 4.578280 -1.347330
265 2.699720 -1.324160
266 0.000000 -1.500000
266 16.158600 15.027400
266 14.087000 12.560400
266 15.697000 14.580800
266 17.168600 -2.982560
266 12.486200 -1.293270
266 7.630470 -1.342310
266 10.464600 -1.370630
266 3.521750 -1.333630
266 4.578280 -1.352350
266 2.693110 -1.320910
267 0.000000 -1.500000
267 17.168600 -2.982560
267 12.486200 -1.293270
267 15.924500 14.792100
267 7.630470 -1.350670
267 10.464600 -1.370630
267 3.499320 -1.325130
267 4.578280 -1.347330
267 2.693110 -1.320910
268 0.000000 -1.500000
268 20.347900 1.773020
268 17.722400 -2.903950
268 15.924500 -2.853700
268 11.445700 -1.235680
268 6.540400 -1.315430
268 9.156560 -1.269550
268 2.308380 -1.284010
268 3.433710 -1.330390
268 1.657300 -1.292410
269 0.000000 -1.500000
269 20.731800 1.192950
269 16.904400 -2.529060
269 13.908700 -2.843100
269 18.012900 -1.411620
269 12.486200 -2.894460
269 7.630470 -1.183410
269 5.282630 -1.218790
269 20.731800 2.147320
269 9.988980 -1.735310
269 2.603760 -1.262820
270 0.000000 -1.500000
270 17.168600 4.017520
270 17.168600 2.587400
270 13.734800 2.024760
270 17.441100 3.546040
270 12.629700 0.643686
270 11.445700 -0.696245
270 9.898980 -1.860720
270 7.737940 -2.446800
270 5.722850 -2.512130
270 15.697000 3.294660
270 3.499320 -1.574430
270 1.349860 -1.190260
271 0.000000 -1.500000
271 10.667800 3.455100
271 19.978000 3.164070
271 17.441100 5.228260
271 15.697000 2.864550
271 17.722400 1.913310
271 6.867420 1.170440
271 9.233510 2.342850
271 5.386210 0.014759
271 3.724700 -1.034890
271 11.566200 3.162910
271 2.121210 -1.791360
272 0.000000 -1.500000
272 2.861430 -1.532050
272 20.731800 -16.735400
272 1.657300 -1.526740
272 18.944600 -15.396600
272 16.904400 -16.313800
272 11.327700 9.566240
272 6.172960 -3.318630
272 8.651870 -6.671150
272 7.474740 -4.886900
272 9.988980 -8.610860
272 11.445700 -10.631800
272 12.926900 12.319400
272 18.012900 7.137050
272 13.734800 10.500100
272 4.695670 -2.287680
272 14.848500 -9.675210
272 15.697000 8.628060
272 14.457700 -12.780000
272 17.168600 -14.442400
272 19.621200 6.010830
272 19.621200 -15.602300
273 0.000000 -1.500000
273 17.441100 10.122000
273 19.621200 7.064600
273 18.944600 12.385800
273 18.623500 5.174470
273 17.168600 3.641170
273 15.475900 2.434070
273 14.457700 1.830240
273 17.168600 12.071400
273 12.486200 0.910079
273 15.260900 14.242700
273 8.079320 -1.084770
273 6.004300 -1.345810
273 3.521750 -1.283450
273 10.667800 0.181232
273 1.441980 -1.203530
274 0.000000 -1.500000
274 11.327700 10.634000
274 10.565300 5.158870
274 9.810600 1.446250
274 10.565300 7.104300
274 10.565300 3.271340
274 8.584280 0.004704
274 6.579570 -0.818502
274 4.578280 -1.267040
274 3.194150 -1.339100
274 1.528220 -1.396100
274 1.480850 -1.302510
275 0.000000 -1.500000
275 10.772400 7.090110
275 9.311760 5.342870
275 5.333920 1.294930
275 4.039660 -0.068628
275 2.641320 -1.344720
275 7.630470 3.608770
275 1.983370 -1.798860
276 0.000000 -1.500000
276 7.577840 4.256630
276 7.577840 6.931040
276 7.474740 1.863820
276 5.971670 -0.258535
276 3.966740 -1.484740
276 1.587840 -1.356600
277 0.000000 -1.500000
277 20.347900 0.568705
277 12.629700 1.446560
277 10.174000 0.864208
277 18.012900 1.372130
277 7.630470 0.255081
277 2.883960 -0.940378
277 5.086980 -0.370773
277 1.623020 -1.356410
278 0.000000 -1.500000
278 11.327700 10.100100
278 20.731800 10.986500
278 15.697000 11.260400
278 13.908700 11.456200
278 10.565300 6.305290
278 19.621200 11.021600
278 9.233510 3.334640
278 17.441100 10.905700
278 9.810600 4.747370
278 8.452210 1.931540
278 7.134980 0.629529
278 12.208700 11.755500
278 3.924240 -0.991410
278 10.772400 8.270810
278 2.125310 -1.461720
278 5.752810 -0.419304
278 1.846700 -1.446190
279 0.000000 -1.500000
279 10.565300 4.301950
279 10.565300 5.679970
279 10.772400 8.790320
279 9.810600 2.682830
279 9.156560 1.570630
279 6.278780 -0.691621
279 4.578280 -1.472780
279 3.103920 -1.512200
279 1.399730 -1.238830
280 0.000000 -1.500000
280 13.565300 -9.567620
280 3.841910 -1.505390
280 16.648300 4.570920
280 17.722400 -9.683090
280 14.457700 4.888570
280 10.464600 -8.309780
280 12.629700 5.668590
280 8.651870 -7.401320
280 11.566200 7.612540
280 16.904400 -10.996300
280 14.848500 -3.360690
280 5.663850 -4.646550
280 4.798200 -3.000270
280 7.134980 -6.768410
280 2.215300 -0.970008
280 10.269000 8.964830
280 1.576450 -1.348590
281 0.000000 -1.500000
281 13.080800 -4.193600
281 11.445700 -4.083380
281 17.168600 -2.982560
281 15.697000 -3.982840
281 6.579570 -1.936280
281 4.209910 -1.815700
281 10.565300 -2.923940
281 1.907620 -1.636070
281 19.621200 -0.548394
282 0.000000 -1.500000
282 17.168600 7.385840
282 19.621200 7.086110
282 12.208700 5.881070
282 14.087000 8.237210
282 10.772400 4.823170
282 8.584280 3.118990
282 7.577840 1.698500
282 6.207840 0.275564
282 13.565300 6.623740
282 4.578280 -0.991051
282 2.414920 -1.668840
282 1.772240 -1.620970
283 0.000000 -1.500000
283 16.648300 -16.577600
283 19.978000 4.959590
283 20.731800 -19.825800
283 13.734800 12.637800
283 17.722400 6.652870
283 15.260900 11.198500
283 19.978000 -18.163300
283 15.924500 8.770560
283 15.051900 14.196100
283 10.365900 -10.015100
283 8.139170 -5.910070
283 9.156560 -7.873210
283 6.910610 -4.154510
283 11.566200 -6.877280
283 3.841910 -2.040180
283 2.125310 -1.825110
283 2.053810 -1.837990
284 0.000000 -1.500000
284 17.722400 10.460100
284 18.012900 5.143020
284 17.168600 12.278400
284 15.260900 14.510300
284 17.168600 3.791710
284 19.978000 6.404770
284 13.908700 1.836960
284 12.486200 0.992192
284 15.260900 2.500630
284 10.565300 0.272129
284 8.079320 -1.022780
284 5.971670 -1.312310
284 3.444470 -1.255280
284 1.414140 -1.222140
285 0.000000 -1.500000
285 8.861190 4.938660
285 8.079320 1.288440
285 8.790300 6.797160
285 6.782640 -0.107794
285 4.777340 -0.871820
285 2.733300 -1.262730
285 1.571940 -1.293050
285 8.720530 3.034680
285 1.501080 -1.228170
286 0.000000 -1.500000
286 17.441100 12.779100
286 17.168600 -5.635820
286 17.441100 -5.247380
286 13.734800 11.975400
286 17.168600 -3.810530
286 8.720530 -2.356060
286 3.724700 -1.696250
286 5.971670 -1.835930
286 19.978000 -7.214940
286 1.613490 -1.443940
287 0.000000 -1.500000
287 19.277000 13.997500
287 13.238400 5.825700
287 18.944600 14.192200
287 11.689200 6.873570
287 11.327700 4.066120
287 20.731800 14.099600
287 10.174000 2.469960
287 9.156560 1.159150
287 7.424240 0.207500
287 12.486200 8.724450
287 13.399800 5.676440
287 17.168600 14.498800
287 5.722850 -0.624111
287 4.162070 -1.106240
287 2.327940 -1.261720
287 1.385610 -1.226340
288 0.000000 -1.500000
288 19.621200 -8.742040
288 19.621200 -5.473180
288 6.243110 -0.167646
288 4.360270 -1.178030
288 2.323020 -1.350720
288 1.907620 -1.642340
288 2.073180 -1.675820
289 0.000000 -1.500000
289 12.345900 6.109530
289 10.565300 1.765940
289 11.327700 2.923880
289 11.689200 4.426500
289 9.311760 0.586849
289 7.792820 -0.525287
289 4.695670 -1.402460
289 2.158720 -1.214960
289 6.243110 -1.358280
289 1.569700 -1.169050
290 0.000000 -1.500000
290 12.208700 9.627830
290 13.734800 -6.360290
290 13.565300 -3.873140
290 13.734800 8.106550
290 12.345900 -5.405890
290 9.988980 -5.337310
290 8.199910 -3.491620
290 7.228860 -2.071900
290 4.258870 -0.767868
290 2.485940 -1.548990
290 15.697000 7.630200
290 1.856060 -1.703740
291 0.000000 -1.500000
291 20.731800 1.102060
291 15.924500 -3.516950
291 13.399800 -3.811220
291 9.233510 -2.272010
291 6.540400 -1.645180
291 4.115310 -1.576440
291 17.441100 -2.456420
291 11.445700 -3.669400
291 1.492920 -1.344220
291 20.347900 0.078058
292 0.000000 -1.500000
292 20.731800 -15.167600
292 18.944600 6.281130
292 19.621200 -15.193700
292 15.260900 -14.861600
292 19.621200 -18.355100
292 19.277000 -15.349700
292 13.734800 12.698000
292 18.012900 7.670110
292 17.168600 -16.587600
292 15.260900 8.957100
292 13.734800 11.162500
292 2.549390 -1.504700
292 14.848500 10.602900
292 11.445700 -10.544000
292 8.584280 -6.647260
292 7.276740 -4.789350
292 5.907460 -3.234170
292 17.168600 -14.178900
292 9.898980 -8.479030
292 4.395150 -2.218350
292 14.848500 -13.418400
292 1.700910 -1.594880
293 0.000000 -1.500000
293 15.697000 12.258200
293 16.904400 7.661300
293 16.648300 5.902970
293 15.697000 11.071100
293 13.399800 2.959390
293 12.486200 2.360730
293 15.260900 4.323830
293 10.464600 1.359160
293 6.004300 -0.799587
293 3.924240 -1.120440
293 8.584280 0.569227
293 1.703550 -1.173510
293 15.260900 14.175800
293 1.419620 -1.192650
294 0.000000 -1.500000
294 6.314870 0.557169
294 7.228860 2.262050
294 7.630470 4.202560
294 7.683830 6.017370
294 4.819240 -0.678748
294 2.868900 -1.262490
294 1.523980 -1.360490
294 1.667360 -1.228990
295 0.000000 -1.500000
295 10.080600 8.678810
295 1.563000 -1.068120
295 11.327700 3.979210
295 10.667800 6.179420
295 9.988980 1.527290
295 8.452210 -0.032424
295 5.875870 -0.460474
295 3.433710 -0.758342
295 2.357910 -0.890315
296 0.000000 -1.500000
296 18.012900 10.809200
296 12.486200 8.491790
296 11.566200 10.338100
296 20.731800 15.372100
296 20.347900 11.139900
296 10.772400 6.806740
296 9.080890 4.782430
296 6.867420 2.909170
296 5.308150 1.439940
296 3.250850 -0.407971
296 1.979800 -1.799960
297 0.000000 -1.500000
297 19.621200 13.709800
297 19.277000 14.018700
297 11.327700 8.051530
297 20.731800 13.713300
297 9.810600 3.328000
297 10.565300 6.224230
297 17.168600 13.482700
297 8.651870 1.834920
297 7.577840 0.593852
297 10.565300 4.962010
297 5.783090 -0.275725
297 4.099950 -1.026810
297 2.452650 -1.418030
297 1.849810 -1.389830
298 0.000000 -1.500000
298 9.810600 7.188260
298 9.810600 4.360270
298 8.452210 1.357170
298 9.311760 2.862800
298 7.630470 0.330350
298 6.243110 -0.694534
298 4.559280 -1.571610
298 2.746970 -2.142180
298 2.197570 -1.836580
298 1.503130 -1.391310
299 0.000000 -1.500000
299 6.004300 -0.009871
299 3.712120 -1.161590
299 1.976240 -1.725250
300 0.000000 -1.500000
300 16.904400 -11.737400
300 16.648300 -10.993900
300 10.772400 9.298020
300 2.180130 -1.286750
300 15.260900 4.909260
300 12.926900 5.575270
300 17.168600 4.375050
300 18.313100 -10.186500
300 10.565300 8.945520
300 10.565300 -8.656020
300 8.584280 -7.578720
300 6.910610 -6.744920
300 17.168600 4.582040
300 5.521540 -4.644780
300 4.736150 -3.049720
300 3.521750 -1.762080
300 1.819180 -1.552250
301 0.000000 -1.500000
301 15.697000 3.879620
301 15.697000 3.741980
301 17.441100 4.712120
301 12.486200 2.566010
301 9.723780 1.358850
301 6.243110 -0.304500
301 4.292140 -1.079650
301 2.753850 -1.815530
301 1.775100 -1.602190
302 0.000000 -1.500000
302 19.621200 0.655922
302 10.464600 -2.253790
302 14.650500 -3.091080
302 12.345900 -3.430270
302 16.158600 -1.974720
302 9.988980 -3.300920
302 5.282630 -1.485130
302 2.868900 -1.495180
302 1.509320 -1.368920
303 0.000000 -1.500000
303 19.621200 8.333430
303 19.621200 -12.053900
303 19.978000 -11.835100
303 14.650500 10.284900
303 12.208700 11.447700
303 15.475900 -10.525000
303 12.486200 11.461500
303 11.327700 -8.759220
303 17.168600 -11.130500
303 9.311760 -6.863580
303 7.683830 -5.259410
303 6.207840 -3.677590
303 4.559280 -2.346170
303 2.883960 -1.588370
303 1.706190 -1.295010
304 0.000000 -1.500000
304 15.260900 5.176880
304 12.926900 2.075670
304 15.260900 7.050260
304 9.810600 0.564523
304 11.098900 1.052260
304 14.848500 3.523440
304 7.630470 -0.087815
304 5.875870 -0.602158
304 2.985840 -1.549570
304 1.804250 -1.428770
305 0.000000 -1.500000
305 18.623500 3.337380
305 19.621200 6.935570
305 10.565300 2.032280
305 12.926900 3.705040
305 5.466600 0.266627
305 3.339780 -0.532608
305 8.020350 1.138390
305 1.530340 -1.300760
306 0.000000 -1.500000
306 14.087000 10.105400
306 17.722400 9.100350
306 11.445700 9.164090
306 15.475900 9.405530
306 13.734800 10.274300
306 17.441100 10.657200
306 9.810600 5.112960
306 8.079320 2.253660
306 10.464600 7.185750
306 5.493940 -0.213766
306 4.024860 -1.087410
306 8.584280 3.514160
306 2.109000 -1.441250
306 1.766540 -1.509270
306 6.998650 0.924331
307 0.000000 -1.500000
307 19.978000 2.769930
307 19.277000 1.933240
307 16.904400 4.178050
307 20.731800 5.328530
307 8.517730 -0.508800
307 7.525940 -1.670370
307 6.278780 -2.480890
307 4.412800 -2.386870
307 2.514390 -1.836790
308 0.000000 -1.500000
308 16.648300 5.154840
308 13.565300 11.381500
308 13.565300 9.240520
308 13.734800 1.332270
308 13.734800 12.818400
308 12.776600 0.287075
308 11.445700 -0.796605
308 9.810600 -1.704320
308 15.051900 4.429570
308 8.139170 -2.350650
308 6.619200 -2.238140
308 4.258870 -1.827480
308 2.023550 -1.502620
308 1.403300 -1.228160
309 0.000000 -1.500000
309 4.024860 -1.528550
309 2.579310 -2.198020
309 2.531770 -2.174150
309 2.337850 -2.253610
310 0.000000 -1.500000
310 6.243110 -2.206770
310 17.722400 0.417626
310 15.051900 -2.251900
310 13.080800 -3.261690
310 10.667800 -3.618790
310 8.584280 -3.485930
310 16.904400 -0.991244
310 3.712120 -1.515570
310 1.828270 -1.479850
310 15.697000 -0.903237
311 0.000000 -1.500000
311 19.978000 0.251811
311 17.441100 1.003600
311 15.697000 2.141960
311 19.277000 5.060240
311 11.566200 2.681190
311 13.734800 2.611860
311 10.464600 2.529060
311 6.579570 0.876194
311 4.971890 -0.198903
311 3.279960 -1.155780
311 9.156560 1.992140
311 1.934480 -1.763010
312 0.000000 -1.500000
312 19.621200 9.752810
312 20.731800 -14.190500
312 20.347900 -10.136300
312 16.648300 9.972100
312 15.475900 -9.083250
312 12.486200 11.228900
312 11.566200 11.048000
312 19.277000 -10.004300
312 17.168600 -9.512210
312 12.074600 11.269000
312 7.228860 -4.504300
312 9.156560 -6.096850
312 5.549430 -3.044240
312 3.855390 -1.895210
312 10.772400 -7.420710
312 2.146070 -1.292520
312 1.482840 -1.247380
313 0.000000 -1.500000
313 15.260900 7.685870
313 13.908700 12.355700
313 14.650500 10.846900
313 15.475900 5.860440
313 14.087000 3.852270
313 12.776600 2.513660
313 10.879100 1.436830
313 9.810600 0.919366
313 7.577840 0.195182
313 5.907460 -0.359352
313 2.985840 -1.395760
313 1.417790 -1.310760
314 0.000000 -1.500000
314 6.207840 2.561720
314 6.782640 4.412110
314 5.493940 0.773773
314 4.242420 -0.713755
314 2.491580 -1.628970
314 1.783750 -1.574800
315 0.000000 -1.500000
315 9.156560 2.493940
315 9.156560 4.912600
315 7.630470 0.271807
315 5.722850 -1.056910
315 9.006450 7.596070
315 3.212830 -1.118040
315 2.100930 -0.947564
316 0.000000 -1.500000
316 20.347900 0.524100
316 17.441100 1.309450
316 7.228860 0.265425
316 9.810600 0.865602
316 4.736150 -0.350394
316 2.561280 -0.908149
316 1.521870 -1.386960
317 0.000000 -1.500000
317 20.731800 2.897170
317 12.486200 -4.044040
317 13.908700 -0.891803
317 17.168600 -2.361590
317 10.565300 -3.942980
317 9.006450 -3.647500
317 4.448530 -1.835730
317 1.654800 -1.163510
317 1.505190 -1.243080
318 0.000000 -1.500000
318 12.486200 5.782080
318 13.399800 3.958090
318 9.988980 0.465304
318 12.486200 11.639400
318 13.399800 10.185300
318 11.943300 2.794800
318 11.445700 1.699840
318 6.867420 -1.494100
318 5.386210 -1.567380
318 8.584280 -0.663314
318 2.883960 -1.405030
318 1.615860 -1.382310
319 0.000000 -1.500000
319 15.260900 10.044300
319 15.260900 -4.741990
319 13.734800 10.138800
319 11.212100 -4.049200
319 9.156560 -8.354940
319 9.898980 -2.142810
319 6.867420 -1.117760
319 5.412750 -0.507236
319 3.077840 -0.996849
319 1.597070 -1.478260
320 0.000000 -1.500000
320 9.006450 1.001950
320 16.904400 3.585150
320 12.074600 1.991750
320 14.848500 2.856180
320 5.439540 -0.307041
320 3.433710 -0.897591
320 1.834370 -1.464680
321 0.000000 -1.500000
321 14.650500 10.477500
321 19.978000 -3.470620
321 19.277000 -3.581250
321 13.734800 -1.603250
321 8.261560 -1.525770
321 11.445700 -1.612030
321 5.232320 -1.499660
321 4.054570 -1.424290
321 4.039660 1.467760
321 3.260500 -1.424090
321 3.184890 1.429470
321 1.680100 -1.545910
322 0.000000 -1.500000
322 17.441100 -3.240180
322 12.776600 -1.477390
322 10.565300 -1.522760
322 19.621200 -3.365630
322 7.630470 -1.484490
322 15.697000 13.909800
322 4.430590 -1.449550
322 3.279960 -1.389460
322 3.212830 1.480740
322 2.447190 -1.369270
323 0.000000 -1.500000
323 14.650500 13.560600
323 17.168600 -3.189550
323 12.776600 -1.477390
323 19.621200 -3.387140
323 10.667800 -1.525860
323 7.630470 -1.484490
323 15.697000 13.909800
323 4.430590 -1.449550
323 3.212830 1.484270
323 3.279960 -1.393050
323 2.458140 -1.378090
324 0.000000 -1.500000
324 18.313100 12.755700
324 17.441100 -3.221070
324 12.776600 -1.477390
324 14.270000 13.192700
324 10.565300 -1.522760
324 19.621200 -3.365630
324 7.630470 -1.492850
324 15.697000 13.927000
324 4.430590 -1.449550
324 3.279960 -1.393050
324 3.212830 1.491310
324 2.452650 -1.375020
325 0.000000 -1.500000
325 17.441100 -3.240180
325 18.012900 12.526900
325 14.650500 13.544500
325 12.629700 -1.460410
325 14.650500 13.544500
325 10.565300 -1.522760
325 19.621200 -3.387140
325 7.630470 -1.492850
325 15.697000 13.927000
325 4.430590 -1.449550
325 3.270200 -1.392490
325 2.452650 -1.372330
326 0.000000 -1.500000
326 14.457700 13.366300
326 17.441100 -3.240180
326 12.776600 -1.477390
326 19.621200 -3.365630
326 10.464600 -1.508260
326 7.630470 -1.476120
326 15.697000 13.909800
326 4.412800 -1.443730
326 3.279960 -1.389460
326 2.458140 -1.383480
327 0.000000 -1.500000
327 19.621200 -3.387140
327 17.168600 -3.189550
327 12.776600 -1.477390
327 14.270000 13.208400
327 10.464600 -1.519730
327 14.270000 13.208400
327 7.630470 -1.484490
327 4.430590 -1.444690
327 3.270200 -1.385320
327 2.452650 -1.377700
328 0.000000 -1.500000
328 19.621200 -3.387140
328 17.168600 -3.189550
328 12.776600 -1.477390
328 14.270000 13.208400
328 10.464600 -1.519730
328 15.697000 13.909800
328 7.630470 -1.492850
328 4.412800 -1.443730
328 3.279960 -1.393050
328 2.452650 -1.375020
329 0.000000 -1.500000
329 14.650500 13.528500
329 19.621200 -3.387140
329 17.441100 -3.240180
329 12.776600 -1.477390
329 10.464600 -1.508260
329 15.697000 13.909800
329 7.630470 -1.484490
329 4.430590 -1.449550
329 3.279960 -1.393050
329 2.452650 -1.375020
330 0.000000 -1.500000
330 14.650500 13.528500
330 19.621200 -3.387140
330 17.441100 -3.240180
330 12.776600 -1.477390
330 10.464600 -1.519730
330 7.630470 -1.484490
330 4.430590 -1.444690
330 3.279960 -1.396650
330 2.452650 -1.380390
331 0.000000 -1.500000
331 19.621200 -3.387140
331 17.441100 -3.240180
331 12.776600 -1.477390
331 10.464600 -1.519730
331 7.630470 -1.484490
331 4.412800 -1.434050
331 3.279960 -1.393050
331 2.452650 -1.380390
332 0.000000 -1.500000
332 14.270000 13.208400
332 19.621200 -3.387140
332 17.441100 -3.240180
332 12.776600 -1.477390
332 10.464600 -1.508260
332 7.630470 -1.484490
332 4.412800 -1.438890
332 3.279960 -1.396650
332 2.452650 -1.380390
333 0.000000 -1.500000
333 19.621200 -3.387140
333 17.441100 -3.240180
333 12.776600 -1.477390
333 10.464600 -1.519730
333 7.630470 -1.484490
333 4.430590 -1.449550
333 3.279960 -1.393050
333 3.212830 1.487790
333 2.452650 -1.377700
334 0.000000 -1.500000
334 19.621200 -3.387140
334 17.441100 -3.240180
334 12.629700 -1.460410
334 10.464600 -1.508260
334 7.630470 -1.484490
334 4.430590 -1.449550
334 3.279960 -1.393050
334 3.212830 1.487790
334 2.452650 -1.380390
335 0.000000 -1.500000
335 19.621200 -3.387140
335 17.441100 -3.240180
335 12.776600 -1.477390
335 10.565300 -1.534340
335 7.630470 -1.492850
335 4.430590 -1.444690
335 3.270200 -1.392490
335 3.203460 1.483450
335 2.447190 -1.374640
336 0.000000 -1.500000
336 19.621200 -3.365630
336 17.441100 -3.240180
336 12.776600 -1.477390
336 10.464600 -1.508260
336 7.630470 -1.484490
336 4.430590 -1.444690
336 3.270200 -1.388910
336 3.203460 1.483450
336 2.452650 -1.380390
337 0.000000 -1.500000
337 19.621200 -3.365630
337 17.441100 -3.240180
337 12.776600 -1.477390
337 10.464600 -1.508260
337 7.630470 -1.484490
337 4.430590 -1.444690
337 3.270200 -1.385320
337 3.203460 1.486960
337 2.452650 -1.375020
338 0.000000 -1.500000
338 19.621200 -3.365630
338 17.441100 -3.240180
338 12.629700 -1.460410
338 10.464600 -1.519730
338 7.630470 -1.484490
338 4.430590 -1.444690
338 3.270200 -1.385320
338 3.212830 1.494830
338 2.447190 -1.380000
339 0.000000 -1.500000
339 19.978000 -3.426830
339 17.441100 -3.240180
339 12.776600 -1.477390
339 10.464600 -1.508260
339 7.630470 -1.484490
339 4.430590 -1.444690
339 3.203460 1.486960
339 3.270200 -1.388910
339 2.447190 -1.377320
340 0.000000 -1.500000
340 19.621200 -3.387140
340 17.168600 -3.170740
340 12.776600 -1.477390
340 10.464600 -1.519730
340 7.630470 -1.484490
340 4.430590 -1.444690
340 3.212830 1.487790
340 3.270200 -1.388910
340 2.452650 -1.377700
