
1 0 -1.5
1 15.4759 2.55281
1 17.1686 2.66267
1 19.978 2.61665
1 10.8791 2.29535
1 2.66696 -1.28762
1 14.087 2.58619
1 8.58428 2.12167
1 7.04351 1.98789
1 15.4759 -10.6607
1 3.5105 -1.21009
1 15.4759 -10.6438
1 4.9053 1.81991

2 0 -1.5
2 16.9044 2.6217
2 15.4759 2.56977
2 20.3479 2.6428
2 10.8791 2.29535
2 8.58428 2.12167
2 6.91061 1.95039
2 14.087 2.58619
2 15.4759 -10.6607
2 4.9053 1.81454
2 3.5105 -1.21009
2 2.67345 -1.29076

3 0 -1.5
3 17.1686 2.66267
3 15.4759 2.56977
3 19.978 2.59475
3 10.7724 2.27285
3 8.58428 2.12167
3 6.86742 1.9382
3 14.087 2.58619
3 15.2609 -10.4959
3 4.9053 1.81991
3 3.5105 -1.21009
3 2.66696 -1.28762

4 0 -1.5
4 16.6483 2.58198
4 15.4759 2.56977
4 19.978 2.59475
4 10.8791 2.29535
4 8.58428 2.12167
4 6.86742 1.9382
4 14.087 2.58619
4 4.9053 1.81991
4 3.52175 -1.21011
4 2.67345 -1.29076
4 15.4759 -10.6438

5 0 -1.5
5 16.9044 2.6217
5 15.4759 2.55281
5 19.978 2.57286
5 10.7724 2.27285
5 8.58428 2.12167
5 6.86742 1.93067
5 14.27 2.61978
5 4.9053 1.81454
5 3.5105 -1.21009
5 2.6605 -1.28159
5 15.4759 -10.6607

6 0 -1.5
6 15.4759 2.56977
6 15.4759 -10.6438
6 17.1686 2.66267
6 19.978 2.57286
6 10.8791 2.28343
6 8.58428 2.12167
6 6.95435 1.95511
6 14.087 2.58619
6 4.9053 1.81991
6 3.5105 -1.20624
6 2.67345 -1.29076

7 0 -1.5
7 15.4759 2.55281
7 15.4759 -10.6438
7 16.9044 2.6217
7 20.3479 2.66511
7 10.7724 2.27285
7 8.58428 2.13107
7 13.7348 -10.9066
7 6.91061 1.94281
7 4.9053 1.81454
7 14.27 2.61978
7 3.5105 -1.21009
7 2.6605 -1.28159

8 0 -1.5
8 17.1686 -9.13586
8 16.9044 2.6217
8 15.4759 -10.6438
8 15.4759 2.56977
8 19.978 2.59475
8 10.7724 2.27285
8 8.51773 2.11455
8 6.86742 1.9382
8 4.9053 1.81991
8 14.087 2.58619
8 3.49932 -1.20623
8 2.67997 -1.2939

9 0 -1.5
9 15.4759 2.56977
9 16.9044 2.6217
9 17.1686 -9.13586
9 19.978 2.59475
9 10.7724 2.27285
9 8.58428 2.13107
9 15.2609 -10.5127
9 6.86742 1.9382
9 4.9053 1.82529
9 14.087 2.58619
9 3.5105 -1.20624
9 2.67345 -1.29076
9 13.7348 -10.9066

10 0 -1.5
10 17.1686 2.66267
10 19.978 2.59475
10 10.8791 2.29535
10 15.2609 2.53408
10 8.58428 2.12167
10 15.4759 -10.6607
10 6.91061 1.94281
10 4.9053 1.81991
10 14.27 2.61978
10 3.5105 -1.21009
10 2.67997 -1.2939

11 0 -1.5
11 17.1686 2.66267
11 19.978 2.59475
11 10.8791 2.29535
11 15.4759 2.55281
11 8.58428 2.12167
11 15.4759 -10.6438
11 6.91061 1.95039
11 4.9053 1.82529
11 14.087 2.58619
11 3.5105 -1.20624
11 2.67997 -1.29097

12 0 -1.5
12 20.3479 2.66511
12 16.9044 2.6217
12 10.8791 2.29535
12 15.2609 2.51735
12 8.58428 2.12167
12 15.4759 -10.6438
12 6.91061 1.95039
12 4.9053 1.82529
12 14.27 2.61978
12 3.49932 -1.2024
12 2.66696 -1.29055

13 0 -1.5
13 16.9044 2.6217
13 19.978 2.61665
13 10.7724 2.27285
13 15.4759 2.56977
13 8.58428 2.12167
13 15.4759 -10.6438
13 6.91061 1.95039
13 4.9053 1.81991
13 14.27 2.61978
13 3.52175 -1.21397
13 2.66696 -1.28762

14 0 -1.5
14 16.9044 2.6217
14 20.3479 2.6428
14 10.7724 2.27285
14 15.2609 2.53408
14 8.58428 2.12167
14 15.4759 -10.6438
14 6.91061 1.94281
14 4.9053 1.82529
14 14.087 2.58619
14 3.49932 -1.20623
14 2.65408 -1.27849

15 0 -1.5
15 16.9044 2.6217
15 19.6212 2.54842
15 10.7724 2.28466
15 15.4759 2.56977
15 8.51773 2.11455
15 6.91061 1.95039
15 4.86189 1.81447
15 14.4577 2.65425
15 15.4759 -10.6438
15 3.45531 -1.20621
15 2.64132 -1.28682

16 0 -1.5
16 16.6483 2.27178
16 19.6212 2.0968
16 9.8106 1.99465
16 13.9087 -10.8007
16 14.27 2.088
16 7.57784 1.89784
16 5.90746 1.77086
16 3.80203 1.68563
16 13.5653 2.26738
16 2.29872 -1.28368
16 1.47093 -1.29057

17 0 -1.5
17 12.0746 -11.9307
17 18.0129 0.740358
17 20.7318 -3.48797
17 19.6212 -9.55925
17 9.98898 1.53824
17 13.7348 1.40754
17 20.3479 -1.79532
17 6.5404 1.53765
17 16.9044 -11.8116
17 20.3479 -5.7428
17 17.1686 1.11964
17 11.4457 1.38622
17 0 0
17 0 0
17 0 0
17 0 0
17 0 0

18 0 -1.5
18 15.4759 -3.14649
18 12.4862 1.0743
18 13.5653 -10.6233
18 10.4646 1.39357
18 7.52594 1.67037
18 15.2609 -5.64523
18 0 0
18 0 0
18 0 0
18 0 0
18 0 0
18 0 0

19 0 -1.5
19 7.04351 -6.94411
19 6.5404 -0.892484
19 7.27674 -2.60403
19 7.42424 -5.0329
19 3.95247 1.50106

20 0 -1.5
20 6.5404 -4.36206
20 6.13848 -2.70803
20 4.9273 -1.018
20 3.5105 0.421318
20 1.71686 1.54021

21 0 -1.5
21 14.4577 -8.94521
21 11.2121 -5.70821
21 8.02035 -3.02837
21 6.3883 -1.5159
21 9.39135 -4.30774
21 4.59744 -0.0831431
21 13.3998 -7.80602
21 2.39387 1.73826
21 2.00509 1.85592

22 0 -1.5
22 19.6212 5.34415
22 15.2609 -11.2988
22 13.7348 4.61403
22 8.65187 1.98665
22 12.3459 -8.54523
22 15.4759 -9.98225
22 6.78264 1.98861
22 11.9433 3.42314
22 13.3998 -8.59911
22 14.6505 -12.0833
22 3.84191 1.95596
22 1.99417 1.7409

23 0 -1.5
23 14.8485 0.203432
23 13.2384 0.38451
23 11.2121 0.878659
23 9.23351 1.28022
23 4.65588 2.17644
23 7.04351 2.04193
23 2.45814 1.61788
23 16.1586 0.717276

24 0 -1.5
24 16.9044 9.12501
24 12.9269 4.66849
24 16.3998 -15.8089
24 9.39135 5.24443
24 11.4457 7.5207
24 14.4577 8.75506
24 18.3131 8.80154
24 5.28263 2.58523
24 19.6212 -16.7206
24 4.14637 1.79284
24 10.3659 6.52716
24 2.32302 1.49839
24 1.64983 1.45295

25 0 -1.5
25 14.087 -11.2017
25 14.4577 -13.9368
25 11.9433 -6.70882
25 11.4457 -4.68554
25 9.98898 -2.83014
25 7.63047 -0.313624
25 12.6297 -9.18464
25 6.17296 0.876173
25 4.57828 1.40253
25 2.70637 1.78719
25 1.79248 1.63555
25 9.15656 -1.57063

26 0 -1.5
26 12.2087 -9.38697
26 20.3479 -10.2255
26 11.6892 -10.5249
26 19.6212 -10.8066
26 20.7318 -13.0998
26 17.1686 -12.2784
26 17.1686 -14.5741
26 11.3277 -5.66773
26 11.4457 -7.49561
26 9.98898 -3.0929
26 4.22611 0.734169
26 8.38769 -1.53987
26 18.3131 -11.431
26 2.18013 1.42535
26 6.5404 -0.26882
26 1.88471 1.59577

27 0 -1.5
27 19.6212 2.63444
27 12.6297 11.3303
27 20.3479 12.991
27 13.2384 -10.6865
27 20.3479 4.15935
27 2.44719 2.15784
27 3.91028 1.42504
27 5.84461 1.06018
27 17.1686 -0.987915
27 9.15656 2.37351
27 17.4411 11.0969
27 9.98898 7.06714
27 9.89898 3.79197
27 9.8106 9.05925
27 10.5653 5.58733
27 15.0519 -5.65038
27 18.0129 12.823
27 17.4411 14.9775
27 16.1586 -3.40928
27 13.7348 -2.2054

28 0 -1.5
28 3.76297 3.40054
28 16.6483 -1.21344
28 17.4411 0.602158
28 10.8791 -3.98855
28 8.65187 -4.86942
28 6.6192 -5.81481
28 6.65932 -6.33908
28 15.9245 9.08473
28 2.60376 2.15892
28 1.69828 1.54402

29 0 -1.5
29 7.27674 -1.91813
29 8.13917 -3.69769
29 7.90494 -7.44683
29 5.97167 -0.26508
29 4.16207 0.891832
29 8.58428 -5.7252
29 2.42024 1.39929
29 1.66231 1.43844

30 0 -1.5
30 6.0043 -4.9785
30 5.78309 -3.12171
30 5.35994 -1.53036
30 4.57828 0.112905
30 3.41238 1.31839
30 2.30354 2.1044

31 0 -1.5
31 19.978 5.22235
31 9.63849 -2.14981
31 7.63047 -1.1165
31 0 0
31 0 0
31 0 0

32 0 -1.5
32 19.6212 1.49464
32 17.1686 1.57126
32 13.9087 1.51683
32 11.4457 1.53676
32 8.45221 1.49613
32 5.90746 1.4536
32 2.78174 1.43451
32 1.77224 1.43255

33 0 -1.5
33 19.978 -11.9665
33 19.6212 -12.8281
33 8.58428 1.58537
33 13.7348 1.51292
33 10.8791 1.61569
33 5.90746 1.59604
33 3.38088 1.55079
33 19.978 -12.6891

34 0 -1.5
34 11.4457 1.31095
34 12.4862 -4.63251
34 15.2609 -1.27959
34 9.23351 1.58383
34 15.4759 -9.62604
34 14.087 -7.65049
34 6.46346 1.8596
34 14.27 -2.90131
34 0 0
34 0 0
34 0 0
34 0 0
34 0 0
34 0 0
34 0 0

35 0 -1.5
35 6.27878 -5.66716
35 5.97167 -3.72094
35 5.13452 -1.73613
35 3.73737 0.296983
35 2.27022 1.42453

36 0 -1.5
36 14.8485 -9.39854
36 11.4457 -5.92749
36 9.8106 -4.53231
36 8.26156 -3.11039
36 6.82477 -1.61199
36 5.08698 -0.103147
36 2.85399 1.7877
36 2.28914 1.97332

37 0 -1.5
37 7.63047 2.47136
37 17.1686 5.48528
37 19.6212 5.75276
37 13.7348 5.32157
37 18.6235 5.76643
37 19.978 -11.1344
37 17.1686 -10.98
37 14.087 -11.248
37 15.697 5.41082
37 11.0989 4.76252
37 13.5653 -11.0842
37 9.15656 3.49753
37 11.5662 -11.4283
37 9.8106 -8.72591
37 15.0519 -11.5235
37 5.72285 2.0166
37 3.84191 1.99386
37 20.3479 -9.08812
37 11.8149 -11.1432
37 2.11305 1.96512

38 0 -1.5
38 19.6212 -18.269
38 16.9044 5.28972
38 8.58428 0.700949
38 12.4862 2.25125
38 16.1586 0.292224
38 14.6505 3.42828
38 11.5662 1.85718
38 15.2609 4.34055
38 6.86742 0.711299
38 4.73615 1.03561
38 2.99397 1.29784
38 2.03103 1.7063
38 9.8106 1.29571

39 0 -1.5
39 14.8485 -14.0042
39 15.9245 -15.3681
39 12.4862 -4.38617
39 15.2609 -11.0646
39 13.7348 -6.63126
39 10.5653 -1.40696
39 16.1586 -8.03172
39 17.1686 -16.1736
39 9.15656 -0.195701
39 7.57784 0.967605
39 14.087 -8.90113
39 5.97167 1.48249
39 11.4457 -2.65326
39 4.03966 1.83968
39 3.62636 1.81442
39 2.37833 1.65919

40 0 -1.5
40 19.6212 -10.355
40 19.6212 -11.8819
40 19.6212 -12.8281
40 17.1686 -10.1708
40 19.6212 -8.01085
40 11.0989 -6.41693
40 10.5653 -4.45249
40 9.23351 -2.15056
40 15.2609 -10.2116
40 7.63047 -0.765242
40 5.54943 0.325409
40 3.21283 1.12156
40 1.96212 1.46561
40 1.90431 1.62489

41 0 -1.5
41 18.9446 9.37497
41 16.9044 15.2948
41 19.6212 13.0862
41 8.02035 -7.47643
41 6.10437 4.93435
41 2.09293 1.66884
41 2.01612 1.79763

42 0 -1.5
42 11.2121 -1.14902
42 9.98898 -9.51957
42 11.9433 -6.879
42 9.63849 0.491234
42 9.8106 -9.40334
42 7.73794 1.58172
42 12.4862 -4.97464
42 5.97167 2.03883
42 10.5653 -9.55925
42 11.4457 -8.64974
42 3.92424 2.14411
42 12.4862 -3.07237
42 1.95862 1.74422
42 1.71151 1.42098

43 0 -1.5
43 5.81369 -3.29753
43 5.49394 -1.50841
43 4.61675 -0.0278308
43 5.87587 -5.00081
43 3.32966 1.36672
43 2.09293 1.88447
43 2.03857 1.76402

44 0 -1.5
44 9.89898 -7.03602
44 8.58428 -4.57734
44 7.13498 -2.86611
44 5.72285 -1.46462

45 0 -1.5
45 15.2609 3.8053
45 13.9087 4.16937
45 15.0519 4.67703
45 19.978 4.54355
45 16.6483 4.46144
45 7.22886 2.49975
45 12.4862 3.35977
45 10.3659 3.00511
45 5.04031 2.12965
45 2.55532 1.74906
45 17.7224 4.20539
45 1.72494 1.51154

46 0 -1.5
46 19.277 -15.7512
46 13.9087 1.53207
46 19.6212 1.45163
46 17.1686 -15.2703
46 16.6483 1.4689
46 11.6892 1.49258

47 0 -1.5
47 19.277 0.96134
47 15.0519 -12.7608
47 17.4411 -12.7027
47 15.0519 -13.0742
47 13.3998 1.53477
47 16.9044 1.28769
47 9.4723 1.61441
47 19.277 -11.1875
47 1.57872 -1.42147
47 0 0
47 0 0
47 0 0
47 0 0
47 0 0
47 0 0
47 0 0
47 0 0
47 0 0

48 0 -1.5
48 6.95435 -4.55429
48 6.86742 -6.63503
48 6.46346 -2.07922
48 5.49394 -0.4185

49 0 -1.5
49 7.27674 -6.4403
49 6.86742 -4.30919
49 6.17296 -1.41744
49 4.75666 0.383191
49 3.37051 1.32068
49 1.87187 1.58079

50 0 -1.5
50 20.7318 -10.5321
50 19.978 4.49976
50 18.9446 -12.6972
50 16.3998 -14.0653
50 15.4759 4.04548
50 13.7348 2.94305
50 9.98898 1.57108
50 14.8485 -9.36599
50 8.19991 1.62223
50 13.7348 -9.28076
50 14.6505 -12.2278
50 13.7348 -12.1711
50 5.33392 1.73924
50 3.2702 1.64697
50 20.7318 -13.5088
50 2.08104 1.53847

51 0 -1.5
51 19.978 1.01819
51 19.277 0.200719
51 15.4759 -0.754817
51 15.4759 -0.195065
51 13.2384 -1.21157
51 13.9087 -0.968026
51 10.7724 -0.974079
51 8.65187 -0.241811
51 17.1686 -0.555114
51 7.08895 0.361295
51 17.4411 0.124255
51 4.75666 1.33205
51 2.42024 1.72291
51 1.72494 1.44726

52 0 -1.5
52 20.7318 -9.71406
52 19.277 -3.13756
52 19.6212 -14.355
52 19.978 -12.2512
52 18.9446 -16.2686
52 4.75666 2.02023
52 15.2609 0.326169
52 9.55467 3.25165
52 11.4457 3.15506
52 15.0519 1.42703
52 16.9044 -1.10241
52 12.7766 2.23359
52 7.63047 3.21569
52 2.8466 1.47419
52 1.69828 1.41744
52 1.76088 1.5025

53 0 -1.5
53 17.4411 -14.5569
53 15.697 -14.1507
53 19.978 -12.3826
53 19.6212 -13.6668
53 11.4457 -9.5028
53 17.4411 -17.3096
53 11.5662 -7.61254
53 9.8106 -3.328
53 11.2121 -5.22894
53 8.07932 -1.70464
53 5.97167 -0.284716
53 4.06958 0.778345
53 2.37319 1.48394
53 1.90431 1.61236

54 0 -1.5
54 19.6212 5.81727
54 19.6212 4.33339
54 15.9245 14.0416
54 12.7766 11.7701
54 19.6212 -0.612911
54 13.5653 -9.7609
54 16.9044 0.379823
54 14.8485 -4.46736
54 13.5653 -1.16715
54 8.86119 7.78435
54 19.277 13.8708
54 9.39135 6.27376
54 17.7224 2.26295
54 8.38769 3.08433
54 9.15656 4.62156
54 20.7318 10.6911
54 5.15863 1.51812
54 3.19415 1.7347
54 2.40962 2.23828

55 0 -1.5
55 12.7766 -7.65301
55 5.08698 3.52095
55 7.22886 4.04476
55 15.2609 -0.978506
55 14.4577 0.879467
55 3.13045 2.49956
55 9.89898 -9.14086
55 12.9269 2.3307
55 9.08089 -8.78354
55 13.9087 -6.34933
55 7.32525 -6.91679
55 11.4457 -8.97591
55 9.08089 4.09567
55 11.2121 3.55765
55 1.7331 1.494
55 1.71686 1.56091

56 0 -1.5
56 6.17296 -5.17247
56 6.3883 -3.35738
56 6.0043 -1.67485
56 5.28263 0.0550048
56 3.81523 1.31095
56 2.20198 1.92715
56 2.16297 1.95701

57 0 -1.5
57 5.97167 -4.74854
57 5.18296 -2.38875
57 4.55928 -1.11187

58 0 -1.5
58 10.0806 -8.95502
58 9.15656 2.81509
58 6.86742 2.20917
58 7.52594 -7.35375
58 4.30897 1.66951
58 11.0989 -9.28783
58 2.08104 1.47232

59 0 -1.5
59 12.4862 1.23853
59 15.9245 1.16068
59 20.3479 1.08165
59 9.15656 1.28962
59 6.24311 1.26932
59 2.45265 1.34007
59 3.44447 1.28926

60 0 -1.5
60 7.84848 1.56131
60 15.697 1.74626
60 12.0746 1.6609
60 14.6505 1.67801
60 18.6235 1.62276
60 15.0519 1.67449
60 4.01017 -1.44386
60 9.55467 1.54467
60 6.31487 -1.43618
60 4.39515 -1.50058
60 0 0
60 0 0
60 0 0
60 0 0
60 0 0
60 0 0
60 0 0
60 0 0
60 0 0

61 0 -1.5
61 9.15656 -6.19721
61 8.58428 -1.89586
61 9.8106 -8.62914
61 9.08089 -3.67764
61 3.84191 1.05904

62 0 -1.5
62 6.82477 -5.29974
62 6.5404 -3.04305
62 5.75281 -1.4849
62 4.29214 -0.0776219
62 2.6605 1.06289
62 1.80722 1.53015

63 0 -1.5
63 15.2609 -14.5772
63 18.0129 -15.1724
63 15.2609 -12.269
63 17.4411 -15.8568
63 17.4411 -2.47554
63 14.8485 -13.1254
63 11.4457 -0.395166
63 13.5653 -0.795443
63 9.00645 0.301079
63 6.86742 0.598394
63 4.73615 0.957742
63 15.4759 -11.882
63 2.70637 1.44014
63 1.96915 1.56367
63 17.1686 -0.592749

64 0 -1.5
64 3.23173 1.78345
64 15.2609 2.43372
64 5.38621 2.4411
64 20.3479 -15.9795
64 17.4411 2.22703
64 14.087 1.13484
64 17.7224 -13.7816
64 10.174 1.8232
64 12.0746 1.52855
64 7.68383 2.40442
64 1.68268 1.27716

65 0 -1.5
65 3.05219 1.72786
65 11.6892 5.47707
65 18.6235 -17.7688
65 16.9044 4.45597
65 7.22886 3.18906
65 10.5653 6.12001
65 8.19991 4.05782
65 4.16207 1.95929
65 16.9044 2.1585
65 5.49394 2.27917
65 13.7348 5.6377
65 4.75666 2.2027
65 18.9446 -18.8849
65 15.2609 5.02634
65 2.45265 1.5847

66 0 -1.5
66 17.7224 -17.3557
66 10.7724 -5.35448
66 11.6892 -7.68071
66 9.63849 -3.54428
66 6.03729 -0.27461
66 7.68383 -1.68015
66 3.05219 1.4134
66 4.57828 0.775278
66 2.14607 1.61712
66 2.30838 1.8128

67 0 -1.5
67 19.6212 12.9356
67 19.978 3.75527
67 13.0808 -10.7313
67 18.6235 -4.19469
67 15.0519 14.4105
67 18.3131 11.2102
67 11.4457 10.5566
67 16.9044 -3.65927
67 13.7348 -10.8765
67 12.6297 11.5933
67 17.4411 -1.15653
67 10.5653 9.09606
67 19.6212 2.35487
67 10.9879 5.4134
67 9.72378 2.29673
67 18.9446 0.654068
67 10.5653 3.73454
67 10.5653 6.96534
67 6.3883 1.02577
67 4.43059 1.40584
67 2.74012 2.23895
67 15.2609 -5.72886
67 2.53762 2.32936
67 20.7318 11.691

68 0 -1.5
68 14.8485 -5.70422
68 7.22886 5.03515
68 5.28263 4.26432
68 13.5653 6.17769
68 15.2609 3.13624
68 9.8106 -8.14526
68 11.3277 -8.0267
68 7.90494 -7.72408
68 13.2384 4.28765
68 13.5653 -7.20359
68 16.1586 1.39028
68 2.27964 1.83771
68 11.2121 5.15521
68 3.52175 3.00886

69 0 -1.5
69 6.24311 -6.05921
69 6.5404 -3.61653
69 6.24311 -1.93306
69 5.49394 -0.165593
69 4.05457 1.14877
69 2.26088 1.93409
69 6.24311 -5.42968

70 0 -1.5
70 7.79282 -7.33266
70 6.99865 -5.31203
70 6.03729 -3.53023
70 5.04031 -1.40043
70 4.1779 -0.231247

71 0 -1.5
71 7.18162 -7.0724
71 5.54943 2.15013
71 10.0806 -8.55727
71 8.07932 2.90895
71 3.01038 1.55901
71 1.54324 1.35401

72 0 -1.5
72 15.4759 1.38242
72 19.6212 -15.1292
72 17.7224 1.35
72 11.9433 1.40722
72 5.93939 1.43541
72 3.11271 1.43119
72 1.60641 1.44641
72 8.72053 1.42893
72 2.02355 1.47601

73 0 -1.5
73 20.7318 -10.2367
73 16.3998 2.09407
73 12.4862 1.90911
73 20.3479 -11.5191
73 20.7318 -11.2819
73 13.7348 -11.855
73 9.89898 1.81732
73 19.6212 -11.9894
73 6.03729 1.69067
73 2.44175 1.54821
73 6.6192 1.65775
73 8.19991 1.73008
73 4.54044 -1.31131
73 17.7224 1.95216

74 0 -1.5
74 9.8106 -3.50004
74 9.15656 -1.69106
74 9.8106 -8.28505
74 4.43059 1.22617

75 0 -1.5
75 6.5404 -4.11833
75 6.0043 -2.44483
75 4.8835 -0.832316
75 3.36021 0.565329
75 1.79248 1.59036

76 0 -1.5
76 19.978 -2.17872
76 14.6505 -13.5767
76 17.7224 -2.1464
76 12.6297 -1.7511
76 13.9087 -2.2943
76 15.2609 -13.6071
76 9.8106 -0.779579
76 7.96223 -0.257444
76 5.93939 0.335255
76 3.92424 1.02152
76 2.01983 1.52643

77 0 -1.5
77 17.4411 2.70493
77 19.978 -15.0102
77 19.277 -15.3286
77 17.4411 -14.7481
77 8.72053 2.78617
77 16.1586 -13.3272
77 15.2609 1.81484
77 15.2609 -14.5438
77 11.3277 2.31551
77 4.24242 1.92737
77 6.31487 2.66818
77 2.43634 1.27775
77 13.0808 2.10038
77 1.08899 0.788355

78 0 -1.5
78 10.4646 6.09613
78 17.4411 5.93555
78 16.1586 6.54404
78 18.0129 -17.1862
78 12.4862 6.46635
78 13.7348 6.82696
78 8.02035 3.88106
78 6.24311 2.7884
78 10.3659 6.09543
78 3.34996 1.86706
78 4.97189 2.37321
78 2.09293 1.27199

79 0 -1.5
79 12.3459 -9.35713
79 19.978 -18.7983
79 10.5653 -5.03149
79 9.08089 -2.99088
79 7.63047 -1.32558
79 6.24311 -0.0307922
79 4.75666 0.805484
79 3.06069 1.47436
79 2.18447 1.87591

80 0 -1.5
80 20.3479 6.09964
80 13.7348 -11.855
80 16.9044 7.08693
80 15.2609 -10.429
80 15.2609 5.09325
80 19.277 -9.68734
80 19.978 -5.44132
80 17.1686 -8.81597
80 14.8485 1.40775
80 13.9087 -0.0838448
80 15.0519 3.12627
80 7.13498 -0.426203
80 5.75281 0.892202
80 19.277 6.30681
80 3.47718 2.05229
80 8.65187 -1.3513
80 2.34784 2.03164
80 2.04616 1.75938
80 12.4862 -1.19747

81 0 -1.5
81 4.03966 3.69486
81 17.4411 1.76824
81 7.63047 -5.44869
81 9.63849 -4.32603
81 6.86742 -6.29631
81 15.697 10.1076
81 2.9301 2.35885
81 1.69828 1.53843

82 0 -1.5
82 7.63047 -2.51317
82 6.42566 -0.813441
82 7.63047 -6.35193
82 4.9053 0.65861
82 8.07932 -4.37893
82 3.01038 1.58211
82 2.04236 1.7091

83 0 -1.5
83 5.52154 -3.34364
83 4.75666 -1.59793
83 3.82853 -0.182536
83 2.61616 1.13406
83 1.83744 1.67255

84 0 -1.5
84 17.1686 10.5284
84 0 0
84 0 0
84 0 0
84 0 0
84 0 0
84 0 0
84 0 0
84 0 0

85 0 -1.5
85 17.4411 1.99763
85 14.8485 1.99363
85 11.5662 1.81915
85 8.86119 1.77248
85 6.03729 1.73038
85 20.3479 1.99604
85 3.59081 1.64314
85 1.71954 1.50869

86 0 -1.5
86 14.087 -12.3288
86 12.4862 -8.6697
86 20.7318 -11.0093
86 17.7224 1.99101
86 9.00645 1.72257
86 20.7318 2.12459
86 15.0519 -12.3319
86 18.3131 1.61579
86 13.7348 -12.5776
86 9.63849 -1.25185
86 13.9087 1.85221
86 2.88396 1.68004

87 0 -1.5
87 11.4457 -8.44903
87 14.27 -8.12522
87 8.58428 -8.50077
87 0 0
87 0 0
87 0 0
87 0 0
87 0 0

88 0 -1.5
88 6.6192 -4.5452
88 5.28263 -1.20721
88 6.31487 -2.91043
88 3.82853 0.312618
88 1.78085 1.63471
88 2.04236 1.7091

89 0 -1.5
89 14.087 -13.178
89 18.6235 -16.4828
89 19.978 -4.65304
89 17.7224 -4.03057
89 13.9087 -2.35528
89 9.8106 -0.854849
89 7.84848 -0.322585
89 5.87587 0.260828
89 3.91028 0.966452
89 12.4862 -1.81332
89 1.98337 1.45105

90 0 -1.5
90 18.9446 -14.2753
90 18.6235 3.7048
90 15.2609 -14.5605
90 17.1686 -12.5795
90 15.2609 -11.2152
90 13.2384 2.48844
90 11.4457 2.69089
90 8.7903 3.04933
90 15.2609 2.24973
90 8.45221 3.7658
90 6.5017 2.93953
90 4.29214 2.05816
90 2.52595 1.36628

91 0 -1.5
91 11.9433 6.6041
91 9.15656 5.31404
91 18.6235 -18.2791
91 15.2609 6.73246
91 15.0519 8.27348
91 19.6212 6.56997
91 7.63047 3.27423
91 5.11064 2.48425
91 17.4411 6.56639
91 18.9446 2.93811
91 8.19991 4.24656
91 4.29214 2.11461
91 3.49932 1.90044
91 2.28914 1.26077
91 13.7348 7.27858

92 0 -1.5
92 11.4457 -7.93468
92 12.2087 -10.3504
92 8.07932 -1.99686
92 9.39135 -3.75191
92 6.86742 -0.628502
92 5.49394 0.334198
92 3.84191 1.12641
92 2.42558 1.79318
92 10.6678 -5.86373
92 1.9978 1.73531

93 0 -1.5
93 19.6212 5.68824
93 17.1686 2.96375
93 19.6212 2.20433
93 18.9446 -9.47879
93 17.1686 -11.281
93 15.0519 -2.11993
93 16.3998 -6.47994
93 18.3131 4.54629
93 20.7318 -8.35068
93 15.697 -0.713987
93 15.2609 -12.8544
93 9.72378 -2.73369
93 16.6483 0.976226
93 8.07932 -1.54524
93 6.86742 -0.0564523
93 13.5653 -3.05539
93 4.73615 1.3886
93 2.58538 1.84048
93 1.88149 1.64665

94 0 -1.5
94 17.4411 -14.2128
94 9.89898 -2.96739
94 8.45221 -5.2573
94 8.51773 -7.94008
94 7.22886 -6.98424
94 3.67487 3.28871
94 2.36808 2.02579
94 0 0
94 0 0
94 0 0
94 0 0
94 0 0
94 0 0
94 0 0

95 0 -1.5
95 9.00645 -6.14497
95 8.07932 -7.73507
95 7.79282 -2.21645
95 9.55467 -9.27323
95 8.58428 -4.04104
95 6.5404 -0.491045
95 4.9053 0.760762
95 3.18489 1.37362
95 1.86235 1.63603

96 0 -1.5
96 5.81369 -4.79496
96 5.54943 -2.92259
96 5.11064 -1.34155
96 4.29214 0.294022
96 3.08648 1.46649
96 2.42024 2.11551

97 0 -1.5
97 9.8106 -6.08072
97 8.58428 -3.44829
97 6.86742 -1.89303
97 5.33392 -0.675235

98 0 -1.5
98 13.9087 2.79737
98 11.4457 2.50272
98 16.6483 3.07465
98 8.58428 2.21575
98 6.27878 1.93035
98 3.82853 1.6638
98 14.4577 3.25641
98 1.65231 1.50041

99 0 -1.5
99 17.7224 1.54424
99 14.087 1.53627
99 11.2121 1.59142
99 8.13917 1.52993
99 5.35994 1.53624
99 2.56128 1.56224

100 0 -1.5
100 19.6212 -12.6131
100 20.3479 -12.9464
100 15.0519 1.95495
100 11.8149 1.83237
100 15.2609 -14.9118
100 7.04351 1.73313
100 19.277 -14.2722

101 0 -1.5
101 18.6235 1.70441
101 19.978 -11.8351
101 19.277 1.70083
101 17.1686 -11.8268
101 15.4759 1.60293
101 9.8106 1.55378
101 0 0
101 0 0
101 0 0
101 0 0
101 0 0
101 0 0
101 0 0

102 0 -1.5
102 8.58428 1.75473
102 6.82477 -1.25294
102 14.8485 1.94481
102 20.7318 -11.8955
102 10.5653 1.80068
102 18.6235 2.05142
102 8.13917 1.6905
102 4.73615 1.617
102 3.73737 1.65696
102 6.6192 -1.23696
102 1.72224 1.56014

103 0 -1.5
103 18.9446 -11.306
103 17.1686 1.70298
103 9.55467 1.65986
103 16.6483 -12.326
103 18.6235 1.62276
103 16.1586 -12.1406
103 15.697 1.78067
103 4.16207 -1.3617
103 3.2702 -1.37457
103 0 0
103 0 0
103 0 0
103 0 0
103 0 0

104 0 -1.5
104 17.1686 1.66534
104 18.6235 1.62276
104 18.9446 -12.9672
104 16.1586 -12.3885
104 11.8149 1.68993
104 7.73794 1.61565
104 15.4759 1.73862
104 3.92424 -1.3527
104 3.06924 -1.3742

105 0 -1.5
105 19.6212 -11.8819
105 15.9245 -12.209
105 17.1686 1.66534
105 18.3131 1.59572
105 11.8149 1.67698
105 9.23351 1.62431
105 15.697 1.76346
105 18.6235 -12.7474
105 3.92424 -1.3527
105 3.06069 -1.37372

106 0 -1.5
106 18.6235 -12.7678
106 15.9245 -12.209
106 18.6235 1.62276
106 18.0129 -12.3492
106 11.6892 1.65914
106 15.697 1.76346
106 3.92424 -1.3527
106 3.06924 -1.37756
106 0 0
106 0 0
106 0 0
106 0 0
106 0 0

107 0 -1.5
107 18.6235 -12.7474
107 18.3131 1.59572
107 16.1586 -12.3708
107 11.8149 1.67698
107 18.6235 -12.7474
107 7.68383 1.60435
107 15.4759 1.75559
107 3.92424 -1.3527
107 3.06069 -1.37372

108 0 -1.5
108 18.6235 1.64318
108 11.8149 1.67698
108 9.23351 1.62431
108 15.4759 1.73862
108 16.1586 -12.3885
108 3.92424 -1.3527
108 3.06924 -1.37756

109 0 -1.5
109 18.0129 -12.3294
109 16.3998 -12.5914
109 18.3131 1.61579
109 11.6892 1.65914
109 9.23351 1.62431
109 7.68383 1.60435
109 15.697 1.76346
109 3.92424 -1.3527
109 3.08648 -1.3853

110 0 -1.5
110 18.3131 -12.5349
110 18.0129 1.5893
110 19.6212 -11.8604
110 16.3998 -12.5914
110 11.8149 1.67698
110 9.31176 1.62787
110 7.68383 1.60435
110 5.52154 1.59466
110 15.4759 1.73862
110 19.277 -11.6734
110 3.92424 -1.3527
110 3.06069 -1.37037

111 0 -1.5
111 17.1686 1.70298
111 18.3131 1.59572
111 16.3998 -12.5914
111 11.8149 1.67698
111 9.23351 1.62431
111 7.68383 1.60435
111 5.54943 1.60271
111 15.697 1.76346
111 18.6235 -12.7474
111 3.92424 -1.3527
111 3.05219 -1.36656

112 0 -1.5
112 19.277 -13.1946
112 18.3131 1.59572
112 18.3131 -12.5349
112 16.1586 -12.3885
112 11.8149 1.67698
112 9.23351 1.62431
112 7.63047 1.59321
112 5.49394 1.58669
112 15.4759 1.75559
112 3.92424 -1.3527
112 3.06924 -1.37756

113 0 -1.5
113 18.6235 1.64318
113 16.3998 -12.5734
113 11.8149 1.67698
113 9.31176 1.62787
113 7.63047 1.59321
113 15.697 1.78067
113 3.92424 -1.3484
113 3.06069 -1.37372
113 18.6235 -12.7474

114 0 -1.5
114 18.6235 1.62276
114 16.3998 -12.5734
114 11.6892 1.65914
114 15.697 1.76346
114 3.92424 -1.3484
114 3.06069 -1.37372
114 18.6235 -12.7474
114 0 0
114 0 0
114 0 0
114 0 0
114 0 0

115 0 -1.5
115 18.3131 1.59572
115 16.1586 -12.3885
115 18.6235 -12.7474
115 11.8149 1.67698
115 9.23351 1.62431
115 15.697 1.78067
115 3.92424 -1.3527
115 3.06069 -1.37037

116 0 -1.5
116 18.3131 1.59572
116 18.6235 -12.7474
116 16.3998 -12.5734
116 11.8149 1.67698
116 9.23351 1.62431
116 7.68383 1.60435
116 15.4759 1.73862
116 3.92424 -1.3527
116 3.06069 -1.37372

117 0 -1.5
117 18.3131 -12.5349
117 18.0129 1.5893
117 16.1586 -12.3885
117 9.23351 1.61419
117 7.68383 1.60435
117 15.4759 1.73862
117 3.92424 -1.35701
117 3.06069 -1.37037

118 0 -1.5
118 19.6212 -11.9034
118 18.3131 1.61579
118 16.6483 -12.7639
118 11.8149 1.67698
118 18.6235 -12.7474
118 9.23351 1.62431
118 7.68383 1.60435
118 5.52154 1.60071
118 15.697 1.78067
118 3.92424 -1.3527
118 3.06069 -1.37037
118 2.01983 1.51757

119 0 -1.5
119 18.3131 1.59572
119 16.3998 -12.5734
119 11.8149 1.67698
119 18.6235 -12.7474
119 9.23351 1.62431
119 7.68383 1.60435
119 5.49394 1.58669
119 15.697 1.76346
119 3.92424 -1.35701
119 3.05219 -1.36991
119 2.01612 1.51258

120 0 -1.5
120 18.3131 1.59572
120 16.6483 -12.7639
120 11.8149 1.67698
120 18.9446 -12.9672
120 9.23351 1.62431
120 7.68383 1.60435
120 5.49394 1.59271
120 15.9245 1.78902
120 3.92424 -1.3527
120 3.06069 -1.37372
120 2.01983 1.51978

121 0 -1.5
121 16.1586 -12.3885
121 18.3131 1.59572
121 12.0746 1.71383
121 18.3131 -12.5148
121 9.23351 1.62431
121 7.68383 1.60435
121 15.4759 1.75559
121 5.4666 1.58478
121 3.92424 -1.3527
121 3.05219 -1.36656

122 0 -1.5
122 16.3998 -12.5914
122 18.3131 1.61579
122 11.6892 1.65914
122 18.3131 -12.555
122 9.23351 1.62431
122 7.63047 1.59321
122 5.52154 1.60071
122 15.697 1.76346
122 3.92424 -1.3527
122 3.05219 -1.36991
122 2.01612 1.51921

123 0 -1.5
123 16.3998 -12.5734
123 18.3131 1.61579
123 11.8149 1.67698
123 13.7348 -1.36238
123 9.23351 1.61419
123 7.68383 1.60435
123 5.49394 1.58669
123 18.6235 -12.7474
123 15.4759 1.73862
123 3.92424 -1.3527
123 3.06069 -1.37372
123 2.01612 1.52142

124 0 -1.5
124 18.3131 1.61579
124 16.3998 -12.5914
124 12.0746 1.71383
124 7.63047 1.59321
124 5.49394 1.59271
124 18.6235 -12.7678
124 15.697 1.76346
124 3.92424 -1.3527
124 9.31176 1.62787
124 3.05219 -1.36991

125 0 -1.5
125 18.3131 1.59572
125 16.3998 -12.5914
125 11.9433 1.6952
125 7.68383 1.60435
125 5.49394 1.59271
125 18.3131 -12.555
125 15.697 1.76346
125 3.92424 -1.3527
125 9.31176 1.62787
125 3.06069 -1.37372

126 0 -1.5
126 18.6235 1.62276
126 16.6483 -12.7822
126 11.8149 1.67698
126 7.68383 1.60435
126 5.52154 1.59466
126 18.6235 -12.7474
126 15.697 1.76346
126 3.92424 -1.3527
126 9.23351 1.62431
126 3.06069 -1.37372

127 0 -1.5
127 18.6235 1.60235
127 18.3131 -12.555
127 16.1586 -12.3885
127 11.8149 1.67698
127 9.31176 1.63807
127 7.68383 1.59593
127 5.52154 1.59466
127 15.697 1.76346
127 3.92424 -1.3527
127 3.05219 -1.36656

128 0 -1.5
128 18.3131 1.59572
128 16.3998 -12.5734
128 11.9433 1.6952
128 9.31176 1.63807
128 7.68383 1.60435
128 5.49394 1.59271
128 18.6235 -12.7474
128 15.697 1.76346
128 3.92424 -1.3527
128 3.05219 -1.36656

129 0 -1.5
129 18.6235 -12.7678
129 18.3131 1.59572
129 11.8149 1.67698
129 9.31176 1.63807
129 7.68383 1.60435
129 5.49394 1.58669
129 15.697 1.76346
129 16.6483 -12.7822
129 3.92424 -1.3527
129 3.05219 -1.36991

130 0 -1.5
130 18.0129 -12.3294
130 18.3131 1.61579
130 11.9433 1.6952
130 9.23351 1.62431
130 7.68383 1.60435
130 5.54943 1.60271
130 15.697 1.78067
130 16.6483 -12.7822
130 3.92424 -1.3527
130 3.05219 -1.36991

131 0 -1.5
131 18.3131 -12.5148
131 18.6235 1.60235
131 11.8149 1.67698
131 9.23351 1.62431
131 7.68383 1.60435
131 5.49394 1.58669
131 16.6483 -12.7639
131 15.697 1.76346
131 3.92424 -1.3527
131 3.05219 -1.36991

132 0 -1.5
132 18.3131 -12.5349
132 18.3131 1.61579
132 11.8149 1.67698
132 9.23351 1.62431
132 7.63047 1.59321
132 5.52154 1.60071
132 16.1586 -12.3885
132 15.697 1.76346
132 3.92424 -1.35701
132 3.06069 -1.37372

133 0 -1.5
133 18.3131 1.59572
133 18.6235 -12.7474
133 11.8149 1.67698
133 9.23351 1.62431
133 7.68383 1.60435
133 16.3998 -12.5914
133 15.4759 1.73862
133 3.92424 -1.35701
133 3.06069 -1.37372
133 2.00143 1.55201

134 0 -1.5
134 18.6235 -12.7474
134 16.1586 -12.3885
134 18.3131 1.59572
134 11.8149 1.67698
134 9.23351 1.62431
134 7.73794 1.61565
134 5.49394 1.58669
134 15.697 1.78067
134 3.92424 -1.3527
134 3.06069 -1.37372

135 0 -1.5
135 18.3131 -12.5349
135 18.9446 1.62998
135 16.6483 -12.7822
135 11.8149 1.68993
135 9.31176 1.63807
135 7.68383 1.60435
135 5.52154 1.59466
135 15.697 1.78067
135 3.92424 -1.3484
135 3.05219 -1.36656

136 0 -1.5
136 18.6235 -12.7678
136 18.3131 1.59572
136 16.1586 -12.3885
136 11.8149 1.68993
136 9.15656 1.61077
136 7.68383 1.60435
136 5.52154 1.60071
136 15.697 1.78067
136 3.92424 -1.35701
136 3.05219 -1.36991

137 0 -1.5
137 16.6483 -12.7639
137 18.9446 -12.9672
137 18.0129 1.5893
137 11.6892 1.67195
137 9.31176 1.63807
137 7.63047 1.59321
137 15.697 1.78067
137 3.92424 -1.3527
137 3.06069 -1.37372

138 0 -1.5
138 16.3998 -12.5734
138 18.6235 -12.7678
138 18.6235 1.62276
138 11.8149 1.67698
138 9.23351 1.62431
138 7.63047 1.59321
138 15.4759 1.73862
138 3.92424 -1.3527
138 3.05219 -1.36991

139 0 -1.5
139 16.1586 -12.3885
139 18.9446 -12.9672
139 16.9044 1.65825
139 18.3131 1.59572
139 11.6892 1.67195
139 9.15656 1.61077
139 7.68383 1.60435
139 15.4759 1.73862
139 3.92424 -1.35701
139 3.05219 -1.36991
139 2.00509 1.54605

140 0 -1.5
140 18.3131 -12.5349
140 18.0129 -12.3294
140 11.8149 1.67698
140 9.31176 1.63807
140 16.1586 -12.3885
140 7.68383 1.60435
140 15.697 1.74626
140 3.92424 -1.3527
140 3.05219 -1.36991

141 0 -1.5
141 18.0129 1.56956
141 11.6892 1.65914
141 16.6483 -12.7639
141 18.6235 -12.7678
141 9.15656 1.60074
141 15.4759 1.73862
141 3.92424 -1.3527
141 3.06069 -1.37372
