
1 0 1.5
1 0.990209 1.63959
1 1.98042 1.77918
1 2.97922 1.81362
1 3.97836 1.80582
1 4.97647 1.74429
1 5.97457 1.68275
1 6.97406 1.66327
1 7.97405 1.65928
1 8.974 1.651
1 9.97379 1.63311
1 10.973 1.59214
1 11.9721 1.55117
1 12.971 1.5052
1 13.9701 1.46196
1 14.9698 1.43731
1 14.9698 1.43731
1 14.9698 1.43731
1 14.9698 1.43731
1 14.9698 1.43731
1 14.9698 1.43731

2 0 1.5
2 0.990209 1.63959
2 1.98042 1.77918
2 2.97917 1.81594
2 3.97825 1.80956
2 4.97632 1.74739
2 5.97428 1.68358
2 6.97371 1.66328
2 7.9737 1.65928
2 8.97366 1.651
2 9.97202 1.61725
2 10.9663 1.53468
2 11.9663 1.53552
2 12.9655 1.50547
2 13.9645 1.4621
2 14.9642 1.43744
2 14.9642 1.43744
2 14.9642 1.43744
2 14.9642 1.43744
2 14.9642 1.43744
2 14.9642 1.43744

3 0 1.5
3 0.989869 1.64198
3 1.97974 1.78396
3 2.97858 1.8136
3 3.97788 1.80339
3 4.97623 1.74594
3 5.97428 1.68358
3 6.97371 1.66328
3 7.97371 1.65928
3 8.97366 1.651
3 9.97268 1.62268
3 10.9688 1.54684
3 11.9688 1.53885
3 12.9684 1.51327
3 13.9677 1.47703
3 14.967 1.44078
3 14.967 1.44078
3 14.967 1.44078
3 14.967 1.44078
3 14.967 1.44078
3 14.967 1.44078

4 0 1.5
4 0.989984 1.64118
4 1.97997 1.78236
4 2.97872 1.81541
4 3.97786 1.80522
4 4.97586 1.74196
4 5.97406 1.68197
4 6.97359 1.66328
4 7.97358 1.65928
4 8.97357 1.65479
4 9.97243 1.63143
4 10.9676 1.54685
4 11.9676 1.53886
4 12.9668 1.50541
4 13.9658 1.46206
4 14.9655 1.43741
4 14.9655 1.43741
4 14.9655 1.43741
4 14.9655 1.43741
4 14.9655 1.43741
4 14.9655 1.43741

5 0 1.5
5 0.990021 1.64092
5 1.98004 1.78183
5 2.97883 1.81498
5 3.97804 1.80648
5 4.97625 1.74667
5 5.97425 1.68358
5 6.97366 1.65897
5 7.97361 1.64909
5 8.97357 1.64091
5 9.97176 1.60601
5 10.9674 1.53468
5 11.9674 1.53552
5 12.9667 1.50541
5 13.9657 1.46207
5 14.9654 1.43741
5 14.9654 1.43741
5 14.9654 1.43741
5 14.9654 1.43741
5 14.9654 1.43741
5 14.9654 1.43741

6 0 1.5
6 0.990209 1.63959
6 1.98042 1.77918
6 2.97922 1.81362
6 3.97847 1.80771
6 4.97688 1.75136
6 5.97467 1.68518
6 6.974 1.66327
6 7.97399 1.65928
6 8.97398 1.65479
6 9.97242 1.62812
6 10.9667 1.54365
6 11.9667 1.53799
6 12.966 1.50545
6 13.9649 1.45956
6 14.9643 1.42397
6 14.9643 1.42397
6 14.9643 1.42397
6 14.9643 1.42397
6 14.9643 1.42397
6 14.9643 1.42397

7 0 1.5
7 0.990209 1.63959
7 1.98042 1.77918
7 2.97917 1.81594
7 3.97817 1.8083
7 4.97602 1.74268
7 5.97417 1.68197
7 6.9737 1.66328
7 7.97369 1.65928
7 8.97368 1.65479
7 9.97177 1.62574
7 10.9648 1.53056
7 11.9647 1.52109
7 12.9643 1.49352
7 13.9638 1.46211
7 14.9635 1.43746
7 14.9635 1.43746
7 14.9635 1.43746
7 14.9635 1.43746
7 14.9635 1.43746
7 14.9635 1.43746

8 0 1.5
8 0.989679 1.6433
8 1.97936 1.78661
8 2.97812 1.8173
8 3.97738 1.80652
8 4.97559 1.74671
8 5.97359 1.68363
8 6.97302 1.66328
8 7.97302 1.65928
8 8.97297 1.65101
8 9.97134 1.61734
8 10.9656 1.53468
8 11.9656 1.53552
8 12.9648 1.5055
8 13.9636 1.45655
8 14.9624 1.40759
8 14.9624 1.40759
8 14.9624 1.40759
8 14.9624 1.40759
8 14.9624 1.40759
8 14.9624 1.40759

9 0 1.5
9 0.989679 1.6433
9 1.97936 1.78661
9 2.97808 1.81961
9 3.97717 1.80837
9 4.97502 1.74275
9 5.97317 1.68203
9 6.9727 1.66328
9 7.97269 1.65928
9 8.97268 1.6548
9 9.97155 1.63154
9 10.9667 1.54685
9 11.9667 1.53887
9 12.9659 1.50545
9 13.9649 1.46209
9 14.9646 1.43743
9 14.9646 1.43743
9 14.9646 1.43743
9 14.9646 1.43743
9 14.9646 1.43743
9 14.9646 1.43743

10 0 1.5
10 0.989869 1.64198
10 1.97974 1.78396
10 2.97849 1.81823
10 3.97763 1.8096
10 4.97569 1.74743
10 5.97365 1.68362
10 6.97306 1.65898
10 7.97301 1.64909
10 8.97298 1.64673
10 9.97185 1.6315
10 10.967 1.54685
10 11.967 1.53887
10 12.9662 1.50544
10 13.9651 1.45956
10 14.9645 1.42396
10 14.9645 1.42396
10 14.9645 1.42396
10 14.9645 1.42396
10 14.9645 1.42396
10 14.9645 1.42396

11 0 1.5
11 0.989869 1.64198
11 1.97974 1.78396
11 2.97849 1.81823
11 3.97763 1.8096
11 4.97569 1.74743
11 5.97395 1.68853
11 6.97349 1.66792
11 7.97347 1.66091
11 8.97338 1.64911
11 9.97222 1.61313
11 10.9693 1.54683
11 11.9693 1.53885
11 12.9685 1.50532
11 13.9672 1.45439
11 14.9655 1.39694
11 14.9655 1.39694
11 14.9655 1.39694
11 14.9655 1.39694
11 14.9655 1.39694
11 14.9655 1.39694

12 0 1.5
12 0.989869 1.64198
12 1.97974 1.78396
12 2.97849 1.81823
12 3.9777 1.81086
12 4.97598 1.75214
12 5.97372 1.68524
12 6.97304 1.66328
12 7.97304 1.65928
12 8.97303 1.6548
12 9.97189 1.63149
12 10.967 1.54685
12 11.967 1.53887
12 12.9663 1.50543
12 13.9652 1.45955
12 14.9645 1.42396
12 14.9645 1.42396
12 14.9645 1.42396
12 14.9645 1.42396
12 14.9645 1.42396
12 14.9645 1.42396

13 0 1.5
13 0.989869 1.64198
13 1.97974 1.78396
13 2.97853 1.81592
13 3.97783 1.80775
13 4.97625 1.75139
13 5.97403 1.68522
13 6.97335 1.66328
13 7.97335 1.65928
13 8.97334 1.65479
13 9.9722 1.63146
13 10.9673 1.54443
13 11.9672 1.52839
13 12.9667 1.49793
13 13.9658 1.45644
13 14.9646 1.40748
13 14.9646 1.40748
13 14.9646 1.40748
13 14.9646 1.40748
13 14.9646 1.40748
13 14.9646 1.40748

14 0 1.5
14 0.989869 1.64198
14 1.97974 1.78396
14 2.97853 1.81592
14 3.97776 1.80649
14 4.97597 1.74668
14 5.97398 1.6836
14 6.97341 1.66328
14 7.9734 1.65928
14 8.97333 1.64911
14 9.97243 1.61619
14 10.9702 1.55641
14 11.9701 1.54146
14 12.9693 1.50528
14 13.9681 1.45633
14 14.9669 1.40737
14 14.9669 1.40737
14 14.9669 1.40737
14 14.9669 1.40737
14 14.9669 1.40737
14 14.9669 1.40737

15 0 1.5
15 0.989869 1.64198
15 1.97974 1.78396
15 2.97853 1.81592
15 3.97776 1.80649
15 4.97597 1.74668
15 5.97428 1.68851
15 6.97381 1.66792
15 7.97379 1.66091
15 8.97371 1.6491
15 9.97254 1.6131
15 10.9696 1.54683
15 11.9696 1.53885
15 12.9685 1.49858
15 13.9669 1.44334
15 14.9661 1.403
15 14.9661 1.403
15 14.9661 1.403
15 14.9661 1.403
15 14.9661 1.403
15 14.9661 1.403

16 0 1.5
16 0.990311 1.63887
16 1.98062 1.77773
16 2.97986 1.81026
16 3.97903 1.80244
16 4.97765 1.75004
16 5.97648 1.70172
16 6.97598 1.67152
16 7.97567 1.64643
16 8.97549 1.6468
16 9.97442 1.6348
16 10.9716 1.56729
16 11.9714 1.54971
16 12.9705 1.50839
16 12.9705 1.50839
16 12.9705 1.50839
16 12.9705 1.50839
16 12.9705 1.50839
16 12.9705 1.50839
16 12.9705 1.50839
16 12.9705 1.50839

17 0 1.5
17 0.988987 1.648
17 1.97837 1.79151
17 2.97801 1.81834
17 3.97766 1.80765
17 4.97755 1.80161
17 5.97754 1.8048
17 6.97751 1.80119
17 7.9774 1.80082
17 8.97721 1.8207
17 9.97715 1.81142
17 10.9759 1.7717
17 11.9743 1.72517
17 12.9743 1.7321
17 13.974 1.71468
17 14.9737 1.68854
17 15.9735 1.67517
17 16.9735 1.66695
17 17.9735 1.65873

18 0 1.5
18 0.99019 1.63973
18 1.98045 1.77868
18 2.97965 1.81863
18 3.97888 1.78506
18 4.97869 1.771
18 5.97857 1.7585
18 6.97817 1.73034
18 7.97799 1.71195
18 8.97789 1.69823
18 9.97784 1.68797
18 10.9778 1.67896
18 11.9773 1.65185
18 12.9764 1.60882
18 13.9748 1.5545
18 14.9723 1.48398
18 15.9709 1.43206
18 16.9699 1.38772
18 16.9699 1.38772

19 0 1.5
19 0.999265 1.53833
19 1.98387 1.64549
19 2.98132 1.66849
19 3.98129 1.66484
19 4.98126 1.65696
19 5.98118 1.64503
19 6.98105 1.62882
19 7.98094 1.61454
19 8.98088 1.6038
19 9.98082 1.59307
19 10.9806 1.61363
19 11.9804 1.63445
19 12.9803 1.63088
19 13.9802 1.62008
19 14.9802 1.60928
19 15.9727 1.65064
19 16.9725 1.63147
19 17.9717 1.59118

20 0 1.5
20 0.998958 1.45436
20 1.99815 1.43837
20 2.99772 1.46792
20 3.99753 1.46693
20 4.99743 1.45335
20 5.99734 1.43977
20 6.9971 1.4179
20 7.99685 1.39568
20 8.99661 1.37346
20 9.99643 1.3851
20 10.9963 1.40318
20 11.9949 1.37309
20 12.9925 1.30366

21 0 1.5
21 0.999504 1.4685
21 1.97993 1.51209
21 2.97993 1.5122
21 3.97993 1.51156
21 4.97993 1.50982
21 5.97953 1.4942
21 6.97797 1.43847
21 7.97642 1.38274
21 8.97605 1.39616
21 9.97583 1.41753
21 10.9751 1.40774
21 11.9736 1.3532
21 12.3937 1.95815
21 12.4699 2.95524
21 13.2179 3.45648
21 14.1483 3.82307
21 15.1347 3.95963
21 15.6659 3.19911
21 16.1298 2.3132
21 16.5936 1.42729
21 17.0575 0.541386
21 17.929 0.343891
21 18.9207 0.25103
21 19.9074 0.0882755

22 0 1.5
22 0.988552 1.65088
22 1.97724 1.80006
22 2.97723 1.80412
22 3.97562 1.84319
22 4.97181 1.93035
22 5.9675 2.02245
22 6.96038 2.14152
22 6.96038 2.14152
22 7.91343 2.36219
22 7.91343 2.36219
22 8.72263 2.94973
22 8.72263 2.94973
22 9.25797 3.73823
22 9.25797 3.73823
22 9.56666 4.68874
22 9.56666 4.68874
22 9.7474 5.67227
22 9.7474 5.67227
22 9.7474 5.67227
22 9.46537 6.56731
22 9.46537 6.56731
22 8.91708 7.40323

23 0 0
23 0 0
23 0 0
23 0 0
23 0 0
23 0 0
23 0 0
23 0 0
23 0 0
23 0 0
23 0 0
23 0 0

24 0 0
24 0 0
24 0 0
24 0 0
24 0 0
24 0 0
24 0 0
24 0 0
24 0 0
24 0 0
24 0 0

25 0 1.5
25 0.999658 1.47384
25 1.96986 1.58157
25 1.96986 1.58157
25 2.86626 2.02481
25 4.77226 2.52702
25 5.7658 2.64051
25 7.56389 4.51463
25 9.20353 2.96386
25 10.0121 0.0889057
25 10.0121 0.0889057
25 10.5032 -0.782169
25 11.2286 -2.633
25 11.459 -3.60125
25 11.5161 -4.59962

26 0 1.5
26 0.999692 1.52483
26 1.97359 1.46189
26 2.80088 0.900114
26 3.56594 0.263203
26 4.27202 -0.444928
26 4.88209 -1.23132
26 5.43974 -2.06127
26 6.01938 -2.87614
26 6.59902 -3.69101
26 7.02583 -4.58139
26 7.32084 -5.53688
26 7.78799 -6.41661
26 8.36931 -7.21654
26 9.12366 -7.87302
26 9.87801 -8.52949
26 10.6324 -9.18597
26 11.4033 -9.82201
26 12.2011 -10.4249
26 13.1085 -10.8006
26 14.077 -11.0498
26 15.0316 -10.9507
26 15.9774 -10.6258
26 16.9231 -10.3008
26 17.8689 -9.97592
26 18.8146 -9.65101
26 19.7604 -9.32609

27 0 1.5
27 0.99578 1.40823
27 1.99269 1.3377
27 1.99269 1.3377
27 2.95473 1.61062
27 3.84948 2.02375
27 3.84948 2.02375
27 4.66425 2.60353
27 5.46541 3.20147
27 6.25005 3.82141
27 6.99788 4.4778
27 6.99788 4.4778
27 7.60983 5.2687
27 8.19867 6.07535
27 8.71132 6.93395
27 9.19499 7.80836
27 9.63934 8.70421
27 9.63934 8.70421
27 9.63934 8.70421
27 9.63934 8.70421
27 9.63934 8.70421
27 9.63934 8.70421

28 0 1.5
28 0.99816 1.43937
28 1.98687 1.49271
28 1.98687 1.49271
28 2.96139 1.717
28 3.83486 2.19589
28 4.69584 2.70402
28 4.69584 2.70402
28 5.47721 3.32808
28 6.25859 3.95214
28 6.25859 3.95214
28 6.68251 4.84913
28 7.0763 5.76829
28 7.44552 6.69763
28 7.44552 6.69763
28 7.44552 6.69763
28 7.44552 6.69763
28 7.44552 6.69763
28 7.44552 6.69763
28 7.44552 6.69763
28 7.44552 6.69763

29 0 1.5
29 0.998366 1.55715
29 1.98871 1.65905
29 2.94484 1.95201
29 3.91074 2.20619
29 4.89172 2.4003
29 5.87307 2.5925
29 6.85494 2.7807
29 7.85316 2.8402
29 8.8477 2.83676
29 9.83215 2.66106
29 10.7912 2.41139
29 11.6763 1.94596
29 12.5397 1.44405
29 13.3702 0.887079
29 14.1895 0.314287
29 14.988 -0.287674
29 15.8252 -0.832283
29 16.6825 -1.34711
29 17.5398 -1.86193
29 18.4938 -2.1273
29 19.4741 -2.32517
29 20.4543 -2.52303

30 0 1.5
30 0.998835 1.45175
30 1.89983 1.55682
30 2.75675 1.42674
30 3.72222 1.17532
30 4.70349 0.982651
30 5.68453 0.810656
30 6.66147 1.02417
30 7.63841 1.23769
30 8.46305 1.78938
30 9.28826 2.35228
30 10.176 2.76938
30 11.1756 2.79572
30 12.1753 2.82205
30 13.1737 2.83049
30 14.1602 2.66668
30 15.1467 2.50288
30 16.1259 2.30046
30 17.1041 2.09299
30 18.0922 1.94012
30 19.0811 1.7911

31 0 1.5
31 0 1.5
31 2.8552 1.71164
31 3.82899 1.4842
31 4.81011 1.29425
31 5.79788 1.1383
31 6.78564 0.982346
31 7.76752 0.792971
31 8.75002 0.607379
31 8.75002 0.607379
31 9.74036 0.468701
31 11.7137 0.145476
31 12.6977 -0.0325047
31 13.6817 -0.210485
31 13.6817 -0.210485
31 13.6817 -0.210485
31 13.6817 -0.210485
31 13.6817 -0.210485
31 13.6817 -0.210485
31 14.1054 0.49227
31 14.1054 0.49227
31 14.1054 0.49227
31 14.361 1.45905
31 14.6166 2.42583
31 14.8722 3.3926
31 15.1278 4.35938
31 15.3834 5.32616
31 15.6391 6.29294
31 15.6391 6.29294
31 15.6391 6.29294
31 15.6391 6.29294
31 15.6391 6.29294

32 0 1.5
32 0.999008 1.54452
32 1.96657 1.67396
32 1.96657 1.67396
32 1.96657 1.67396
32 2.7536 2.29087

33 0 1.5
33 0.999984 1.49429
33 1.92979 1.65676
33 2.67082 2.23798
33 3.65256 2.04776
33 4.6343 1.85754
33 5.61604 1.66732

34 0 1.5
34 0.996673 1.5815
34 1.9937 1.65519
34 2.99367 1.66285
34 3.99364 1.67051
34 4.99361 1.67817
34 5.99319 1.70408
34 6.99263 1.73641
34 7.99257 1.74792
34 8.99244 1.7629
34 9.99224 1.78292
34 10.992 1.80294
34 11.9592 1.92194
34 11.9592 1.92194
34 11.9592 1.92194
34 12.7743 2.50124

35 0 1.5
35 0.997338 1.42708
35 1.96574 1.47755
35 2.96322 1.53915
35 3.9625 1.53098
35 4.95685 1.5939
35 5.9561 1.61464
35 6.95602 1.62703
35 7.95571 1.65065
35 8.95529 1.67958
35 9.95493 1.70577
35 10.9549 1.71582
35 11.9548 1.72586
35 12.9548 1.71897
35 13.9547 1.70977
35 14.9547 1.70057
35 14.9547 1.70057
35 14.9547 1.70057
35 14.9547 1.70057
35 14.9547 1.70057
35 14.9547 1.70057

36 0 1.5
36 0.996753 1.41948
36 1.9865 1.44852
36 2.9762 1.54635
36 3.9762 1.545
36 4.97619 1.54067
36 5.97609 1.54301
36 6.97562 1.57366
36 7.97515 1.60432
36 8.97481 1.62968
36 9.97466 1.64677
36 10.9745 1.66386
36 11.3627 2.31571
36 11.4169 3.31424
36 11.4711 4.31277
36 11.5252 5.3113
36 11.4455 6.27829
36 10.9513 7.14767
36 10.4572 8.01704
36 10.0344 8.86714
36 10.8991 9.36936
36 11.7639 9.87157
36 12.5388 9.94573
36 13.129 9.13845
36 13.7192 8.33118
36 14.3094 7.5239
36 14.8995 6.71662
36 15.4897 5.90935
36 16.0799 5.10207
36 16.6701 4.2948
36 16.9708 3.37499
36 17.0809 2.38107
36 17.3727 1.59108
36 18.3727 1.59601
36 19.3727 1.60094

37 0 1.5
37 0.991936 1.62674
37 0.991936 1.62674
37 2.89728 1.80453
37 3.88942 1.7674
37 4.88641 1.84493
37 5.88306 1.92621
37 6.87796 2.02708
37 6.87796 2.02708
37 7.81893 2.25777
37 7.81893 2.25777
37 8.59246 2.89152
37 8.59246 2.89152
37 8.59246 2.89152
37 9.0437 3.76577
37 9.33161 4.71111
37 9.33161 4.71111
37 9.36296 5.70349
37 9.36296 5.70349
37 9.36296 5.70349
37 8.97726 6.62612
37 8.97726 6.62612
37 8.59156 7.54874
37 8.59156 7.54874

38 0 0
38 0 0
38 0 0
38 0 0
38 0 0
38 0 0
38 0 0
38 0 0
38 0 0
38 0 0
38 0 0
38 0 0

39 0 0
39 0 0
39 0 0
39 0 0
39 0 0
39 0 0
39 0 0
39 0 0
39 0 0
39 0 0
39 0 0
39 0 0
39 0 0
39 0 0
39 0 0
39 0 0
39 0 0
39 0 0
39 0 0
39 0 0
39 0 0
39 0 0
39 0 0
39 0 0
39 0 0
39 0 0
39 0 0
39 0 0

40 0 1.5
40 0.997161 1.5753
40 1.99432 1.65061
40 2.92902 1.31018
40 3.35713 2.14113
40 3.74753 3.06178
40 4.21521 3.89628
40 5.17267 4.18486
40 5.76482 4.96028
40 6.34596 5.7622
40 7.15806 6.33857
40 7.87664 6.59026
40 8.61979 5.92113
40 9.36293 5.252
40 10.1061 4.58287
40 11.0819 4.55907
40 12.081 4.60014
40 13.0802 4.64121
40 14.0798 4.6603
40 15.0798 4.65866
40 16.0792 4.68751
40 17.0786 4.72311
40 18.078 4.75871
40 18.71 4.11346
40 19.2291 3.25871

41 1.08148 0.743807
41 1.08148 0.743807
41 1.08148 0.743807
41 1.08148 0.743807
41 2.80487 1.61464
41 3.70688 1.99527
41 3.70688 1.99527
41 4.51474 2.58464
41 5.30748 3.19355
41 6.0805 3.82794
41 6.81931 4.49509
41 6.81931 4.49509
41 7.4202 5.29443
41 7.99379 6.11092
41 9.18846 7.51755

42 0 1.5
42 0.997774 1.43331
42 1.95071 1.53787
42 1.95071 1.53787
42 2.89556 1.86537
42 3.80877 2.26273
42 4.67813 2.75691
42 4.67813 2.75691
42 5.44661 3.3573
42 5.44661 3.3573
42 5.98483 4.2001
42 6.5194 5.04521
42 7.04818 5.89397
42 7.04818 5.89397
42 7.04818 5.89397
42 7.04818 5.89397
42 7.04818 5.89397
42 7.04818 5.89397
42 7.04818 5.89397
42 7.04818 5.89397
42 7.04818 5.89397
42 7.04818 5.89397
42 7.04818 5.89397
42 7.04818 5.89397
42 7.04818 5.89397
42 7.04818 5.89397

43 0 1.5
43 0.997096 1.57615
43 1.96657 1.72999
43 2.92835 1.71009
43 3.39442 1.16073
43 4.38134 0.999503
43 5.36825 0.83828
43 6.35517 0.677057
43 7.18841 0.135953
43 8.00984 -0.434369
43 8.69412 -1.16084
43 9.36574 -1.90174
43 10.0979 -2.58262
43 10.832 -3.26166
43 11.5605 -3.94673
43 12.289 -4.63179
43 13.098 -5.1679
43 14.0701 -5.40248
43 15.0422 -5.63706
43 16.0143 -5.87163

44 0 1.5
44 0.994637 1.60343
44 1.98927 1.70686
44 2.94958 1.96355
44 3.91311 2.20812
44 4.913 2.22254
44 5.88082 2.00429
44 6.83944 1.71961
44 7.79405 1.42173
44 8.74865 1.12386
44 9.67475 0.751142
44 10.5856 0.338476
44 11.5496 0.0865567
44 12.5272 -0.123894
44 13.5048 -0.334346
44 14.2769 0.155462
44 14.9857 0.860802
44 15.6746 1.58454
44 16.3187 2.34951
44 16.9628 3.11448
44 17.6068 3.87945
44 18.2509 4.64442
44 18.895 5.40939
44 19.356 6.26224
44 19.5501 7.24321
44 19.9417 8.14929

45 0 1.5
45 0.996194 1.58716
45 1.99239 1.67433
45 2.99192 1.68781
45 3.9889 1.74395
45 4.98277 1.85451
45 4.98277 1.85451
45 5.87189 2.22313
45 5.87189 2.22313
45 6.62635 2.86561
45 6.62635 2.86561
45 7.07656 3.75853
45 7.07656 3.75853
45 7.42943 4.69118
45 7.55888 5.6754
45 7.55888 5.6754
45 7.45682 6.66277
45 7.45682 6.66277
45 7.45682 6.66277

46 0 1.5
46 0.987944 1.65481
46 1.97589 1.80963
46 1.97589 1.80963
46 1.97589 1.80963

47 0 1.5
47 0 1.5
47 0.97192 1.73531
47 2.93045 2.12001
47 3.92534 2.22103
47 3.92534 2.22103
47 4.90881 2.39182
47 5.88402 2.61308
47 6.85924 2.83435
47 7.83977 3.03016
47 8.82195 3.21813
47 8.82195 3.21813
47 8.82195 3.21813
47 8.82195 3.21813
47 8.82195 3.21813
47 8.82195 3.21813
47 8.82195 3.21813
47 8.82195 3.21813
47 8.82195 3.21813

48 0 1.5
48 0.999998 1.50196
48 1.99838 1.53092
48 2.99621 1.55249
48 3.99607 1.56883
48 4.99603 1.57809
48 5.99595 1.58914
48 6.99576 1.60868
48 7.99477 1.65273
48 8.99412 1.67339
48 9.99403 1.66
48 10.994 1.65288
48 11.9938 1.66378
48 12.9934 1.69215
48 13.9929 1.72306
48 14.9925 1.74779
48 15.9924 1.73585
48 16.9924 1.7239
48 17.9923 1.71195
48 17.9923 1.71195

49 0 1.5
49 0.998504 1.44532
49 1.99701 1.39063
49 2.9963 1.35831
49 3.99617 1.34242
49 4.99604 1.32769
49 5.99554 1.35936
49 6.99504 1.39102
49 7.99398 1.36056
49 8.99326 1.33021
49 9.99325 1.32747
49 10.9932 1.32366
49 11.9932 1.3184
49 12.9932 1.31315
49 13.9932 1.30789
49 14.9932 1.30264
49 15.993 1.28937
49 15.993 1.28937
49 15.993 1.28937

50 0 1.5
50 0.99747 1.57109
50 1.99494 1.64217
50 1.99494 1.64217
50 1.99494 1.64217
50 4.03634 3.71843
50 1.99494 1.64217
50 6.24506 3.67308
50 6.24506 3.67308
50 8.51927 1.71656
50 8.51927 1.71656
50 8.51927 1.71656
50 8.51927 1.71656
50 8.51927 1.71656
50 8.51927 1.71656
50 9.33255 2.18594
50 9.33255 2.18594
50 9.98594 2.89868
50 9.98594 2.89868
50 10.4075 3.80548
50 10.4075 3.80548
50 10.4075 3.80548
50 10.4075 3.80548
50 10.0775 4.7013
50 9.6296 5.5954
50 9.18173 6.4895
50 8.73386 7.3836
50 8.73386 7.3836

51 0 0
51 0 0
51 0 0
51 0 0
51 0 0
51 0 0
51 0 0
51 0 0
51 0 0
51 0 0
51 0 0

52 0 1.5
52 0.996956 1.42204
52 0.996956 1.42204
52 1.90266 1.64604
52 1.90266 1.64604
52 2.65681 2.29834
52 2.65681 2.29834
52 4.0794 3.69044

53 0 1.5
53 0.997498 1.57069
53 1.99055 1.66821
53 2.83705 1.22511
53 3.65657 0.653718
53 4.34405 -0.0724795
53 5.01157 -0.81462
53 5.56733 -1.64596
53 6.12498 -2.47604
53 6.68336 -3.30562
53 7.23816 -4.13718
53 7.64114 -5.05238

54 0 1.5
54 0.998443 1.44421

55 0 1.5
55 0.992786 1.3801
55 1.9809 1.38034
55 1.9809 1.38034
55 2.9224 1.66454
55 2.9224 1.66454
55 3.72464 2.26154
55 4.52124 2.86588
55 5.30416 3.488
55 6.03122 4.17225
55 6.7328 4.88484
55 6.7328 4.88484
55 7.40001 5.62724
55 9.72048 7.41568
55 10.6085 7.87545
55 11.4966 8.33522
55 11.4966 8.33522

56 0 1.5
56 0.988062 1.65405
56 1.97478 1.80107
56 2.89516 1.5875
56 3.81733 1.20074
56 4.70604 0.745299
56 5.57876 0.25708
56 6.4637 -0.208097
56 7.35726 -0.657047
56 8.22737 -1.14852
56 9.08398 -1.6645
56 9.96228 -2.09802
56 10.9619 -2.07063
56 11.9615 -2.04324
56 12.9612 -2.01585
56 13.9562 -1.94915
56 14.8722 -1.67989
56 15.1384 -0.715968
56 15.4046 0.247949
56 15.6708 1.21187
56 15.937 2.17578
56 16.2032 3.1397
56 16.4694 4.10362
56 16.7356 5.06754

57 0 1.5
57 0.992062 1.37425
57 1.86054 1.59193
57 2.60172 2.18659
57 3.56862 2.0313
57 4.51005 1.6941
57 5.44185 1.33142
57 6.37095 0.961599
57 7.28621 0.560415
57 8.18559 0.123235
57 9.10825 -0.258646
57 10.0494 -0.596494
57 10.9906 -0.934341
57 11.9263 -1.28723
57 12.8602 -1.64475
57 13.7921 -2.00692
57 14.6958 -2.43484
57 15.6239 -2.80726
57 16.5519 -3.17968
57 17.48 -3.5521
57 18.4081 -3.92452
57 19.3827 -3.89629
57 20.3715 -3.74691

58 0 1.5
58 0.998926 1.54634
58 1.99748 1.59766
58 2.9921 1.70127
58 3.92323 1.97234
58 4.73659 2.5541
58 5.25855 3.38427
58 5.63957 4.30506
58 6.28007 4.84997

59 0 1.5
59 0.999622 1.5275
59 1.96803 1.62678
59 2.66989 2.33909
59 3.62366 2.31634
59 4.6149 2.18425
59 5.60614 2.05216

60 0 1.5
60 0.999177 1.45944
60 1.99833 1.41839
60 2.99745 1.37638
60 3.98574 1.22639
60 4.98382 1.17137
60 5.98006 1.09547
60 6.97066 0.958696
60 7.96514 0.855661
60 8.96239 0.782564
60 9.96025 0.717112
60 11.917 0.338105
60 11.917 0.338105
60 11.917 0.338105
60 11.917 0.338105
60 11.917 0.338105
60 11.917 0.338105
60 11.917 0.338105
60 11.917 0.338105
60 11.917 0.338105
60 11.917 0.338105

61 1.08576 0.722946
61 1.08576 0.722946
61 1.08576 0.722946
61 2.94985 1.32454
61 3.94967 1.34223
61 4.9496 1.35439
61 5.94954 1.36394
61 6.94954 1.36591
61 7.94954 1.36788
61 8.94871 1.40602
61 9.94776 1.44954
61 10.9472 1.47488
61 11.9472 1.47078
61 12.9472 1.46669
61 13.9472 1.46259
61 14.9471 1.45849
61 15.9471 1.45439
61 16.9471 1.4503
61 16.9471 1.4503
61 16.9471 1.4503

62 0 1.5
62 0.999806 1.51968
62 1.99961 1.53935
62 2.99934 1.56266
62 3.99907 1.58598
62 4.99884 1.57243
62 5.99863 1.5517
62 6.99786 1.56284
62 7.99633 1.61818
62 8.71191 1.93287
62 8.68053 2.93238
62 8.73817 3.85305
62 9.73414 3.94281
62 10.7301 4.03257
62 11.7261 4.12234
62 12.722 4.2121
62 13.718 4.30186
62 14.714 4.39162
62 15.2609 4.89171
62 15.2609 5.89171
62 16.004 6.5408
62 16.847 7.07518
62 17.7077 7.58431
62 18.5684 8.09344
62 19.429 8.60257
62 20.2897 9.11169

63 0 1.5
63 0 1.5
63 0.97958 1.70105
63 1.95916 1.90211
63 2.87083 2.27122
63 2.87083 2.27122
63 3.7137 2.80843
63 3.7137 2.80843
63 3.7137 2.80843
63 4.16558 3.70051
63 4.16558 3.70051
63 4.16558 3.70051
63 4.16558 3.70051
63 4.16558 3.70051
63 4.16558 3.70051
63 4.16558 3.70051

64 0 0
64 0 0
64 0 0
64 0 0
64 0 0
64 0 0
64 0 0
64 0 0
64 0 0
64 0 0

65 0 1.5
65 0.984399 1.67595
65 1.9688 1.8519
65 2.96146 1.78651
65 3.92716 1.73573
65 4.44375 2.59197
65 5.04862 3.147
65 5.94571 2.70514
65 6.60404 2.0812
65 6.79285 1.09919
65 6.98165 0.11717
65 7.17045 -0.864845
65 7.4583 -1.82006
65 7.79051 -2.76326
65 7.99169 -3.733

66 0 1.5
66 0.971843 1.26437
66 1.94369 1.02874
66 2.91553 0.793115
66 3.88407 0.547194
66 4.81138 0.172908
66 5.76549 -0.103438
66 6.75419 -0.25335
66 7.74289 -0.403263
66 8.7037 -0.3557
66 9.61223 0.0621253
66 10.533 0.451242
66 11.4626 0.820019
66 12.3831 1.20341
66 13.1316 1.86658
66 13.8776 2.53245
66 14.6135 3.20956

67 0 1.5
67 0.998365 1.55717
67 1.99533 1.62919
67 2.98673 1.76002
67 2.98673 1.76002
67 3.90879 2.14563
67 4.82976 2.53528
67 4.82976 2.53528
67 5.60974 3.15583
67 6.37712 3.79702

68 0 1.5
68 0.997661 1.56836
68 1.99347 1.64635
68 2.94508 1.95363
68 3.83683 2.40067
68 4.76104 2.78225
68 5.68901 3.15488
68 6.61751 3.52623
68 7.546 3.89758
68 8.49151 4.21408
68 9.46713 4.43354
68 10.4571 4.46727
68 11.4548 4.40008
68 12.4379 4.2214
68 13.4192 4.0287

69 0 1.5
69 0.98829 1.65259
69 1.97658 1.80517
69 2.89633 1.58492
69 3.88316 1.42321
69 4.86617 1.36337
69 5.83809 1.59867
69 6.81002 1.83397
69 7.6039 2.4335
69 8.40747 3.02706
69 9.28916 3.43998
69 10.2868 3.5089
69 11.2844 3.57782
69 12.282 3.64674
69 13.2433 3.41729
69 14.2165 3.30309
69 15.2061 3.28572
69 16.1849 3.08056
69 17.1669 2.89253
69 18.1519 2.7199
69 19.1369 2.54728

70 0 1.5
70 0.998075 1.56202
70 1.99646 1.61113
70 2.99637 1.59774
70 3.9963 1.58572
70 4.99624 1.57448
70 5.99599 1.55254
70 6.99571 1.52888
70 7.99543 1.50522
70 8.9745 1.62026
70 9.92398 1.93408
70 10.8735 2.24791
70 11.6465 2.65174
70 11.3435 3.60471
70 11.0404 4.55768
70 10.7374 5.51065
70 10.4343 6.46363
70 10.1312 7.4166
70 9.82818 8.36957
70 10.3109 9.22299
70 10.842 10.0703
70 11.3732 10.9176

71 0 1.5
71 0 1.5
71 0.957414 1.78872
71 3.74279 1.70426

72 0 1.5
72 0 1.5
72 0.947872 1.81865
72 1.89574 2.1373
72 2.84362 2.45595
72 3.79149 2.77461
72 4.75189 3.05204
72 5.71673 3.31486
72 6.68158 3.57768
72 7.66457 3.75793
72 8.63178 4.0096
72 9.59897 4.26325
72 10.5708 4.49892
72 11.5426 4.73459

73 0 1.5
73 0.999981 1.50611
73 1.98756 1.56955
73 2.97684 1.56491
73 3.9759 1.58981
73 4.97545 1.5909
73 5.97362 1.65065
73 6.97355 1.66264
73 7.97348 1.67221
73 8.97346 1.66482
73 9.97343 1.65742
73 10.9734 1.66303
73 11.9734 1.67191
73 12.9733 1.6802
73 13.9733 1.68787
73 14.9733 1.69554
73 14.9733 1.69554
73 14.9733 1.69554

74 0 1.5
74 0.839404 0.956491

75 0 1.5
75 0.993869 1.61057
75 1.98769 1.71661
75 1.98769 1.71661
75 3.94768 2.03791
75 4.93936 2.16663
75 4.93936 2.16663
75 4.93936 2.16663
75 5.75627 2.70045
75 5.75627 2.70045
75 6.40086 3.42898
75 6.40086 3.42898
75 6.77647 4.35576
75 6.77647 4.35576
75 7.14096 6.26895
75 7.14096 6.26895
75 7.14096 6.26895
75 7.14096 6.26895
75 7.14096 6.26895

76 0 0
76 0 0
76 0 0
76 0 0
76 0 0
76 0 0
76 0 0
76 0 0
76 0 0
76 0 0
76 0 0

77 0 1.5
77 0 1.5
77 0.945202 1.82649
77 1.8904 2.15297
77 3.82664 2.55203
77 4.82634 2.57661
77 4.82634 2.57661
77 6.80356 3.99841
77 8.59576 2.05337
77 9.41658 -0.831255
77 9.72705 -1.78184
77 10.0304 -2.73471
77 10.3311 -3.68842
77 10.4646 -5.66787
77 10.4315 -6.66731

78 0 1.5
78 0.983667 1.32
78 1.89467 0.94568
78 2.75509 0.436099
78 3.56514 -0.147745
78 4.36062 -0.753702
78 5.15791 -1.3573
78 5.9552 -1.9609
78 6.62469 -2.70321
78 7.29112 -3.44878
78 7.95564 -4.19606
78 8.73418 -4.81458
78 9.55624 -5.38399
78 10.3783 -5.95339
78 11.2004 -6.52279
78 12.078 -6.38883
78 12.9793 -5.95565
78 13.8895 -5.54532
78 14.846 -5.25337
78 15.8094 -4.98634
78 16.7782 -4.7384
78 17.6074 -4.23371
78 18.3425 -3.55573
78 19.0776 -2.87776
78 19.8127 -2.19978

79 0 1.5
79 0.996718 1.41904
79 1.96916 1.48091
79 1.96916 1.48091
79 2.87933 1.89423
79 2.87933 1.89423
79 3.74946 2.38706
79 4.61959 2.87988
79 5.48972 3.3727
79 6.35985 3.86553
79 7.10399 4.52494
79 7.8066 5.23411
79 7.8066 5.23411
79 8.24554 6.13263
79 8.65075 7.04442
79 8.65075 7.04442
79 8.94194 8.00108
79 8.94194 8.00108
79 8.94194 8.00108
79 8.94194 8.00108

80 0 1.5
80 0.988458 1.3485
80 1.97692 1.19701
80 2.82136 1.70369
80 3.67384 2.22534
80 4.54414 2.71785
80 5.35211 3.30402
80 6.14244 3.91671
80 6.89631 4.57322
80 7.59878 5.27312
80 8.06482 6.15788
80 9.03387 6.35149
80 10.0191 6.52291

81 0 1.5
81 0 1.5

82 0 1.5
82 0.989792 1.64252
82 1.97958 1.78504
82 2.97782 1.77207
82 3.97655 1.7217
82 4.97545 1.67559
82 5.9751 1.6493
82 6.97464 1.61913
82 7.97398 1.58304
82 8.97333 1.54696
82 9.97223 1.50497
82 10.9655 1.38889

83 0 1.5
83 0.980059 1.69871
83 1.96012 1.89742
83 2.92226 1.9598

84 0 1.5
84 0 1.5
84 0.97452 1.7243
84 1.94904 1.9486
84 2.92021 2.18653
84 3.88763 2.43972
84 4.85505 2.6929
84 5.80149 3.01552
84 6.7473 3.34025
84 6.7473 3.34025
84 6.7473 3.34025
84 6.7473 3.34025
84 6.7473 3.34025
84 6.7473 3.34025
84 6.7473 3.34025
84 6.7473 3.34025
84 6.7473 3.34025
84 6.7473 3.34025
84 6.7473 3.34025
84 6.7473 3.34025
84 6.7473 3.34025

85 0 1.5
85 0.99969 1.47512
85 1.99691 1.48949
85 2.99649 1.46264
85 3.99616 1.4381
85 4.99598 1.41905
85 5.99575 1.39776
85 6.99568 1.39775
85 7.99564 1.393
85 8.9956 1.38365
85 9.99505 1.35284
85 10.9943 1.31534
85 11.994 1.28934
85 12.9938 1.2728
85 13.9937 1.25687
85 14.9936 1.24738
85 15.9936 1.2379
85 16.987 1.16486

86 0 1.5
86 0.999865 1.51641
86 1.99968 1.53169
86 2.99616 1.46542
86 3.99606 1.47685
86 4.99591 1.48985
86 5.99564 1.46666
86 6.99507 1.43404
86 7.99423 1.39313
86 8.99405 1.39715
86 9.99399 1.40879
86 10.9939 1.42043
86 10.9939 1.42043
86 11.7229 1.7313
86 12.0542 4.71296
86 12.3855 7.69461
86 11.7229 1.7313
86 11.7229 1.7313
86 11.7229 1.7313
86 11.7229 1.7313
86 11.7229 1.7313
86 11.7229 1.7313

87 0.957972 1.21314
87 2.56303 0.455325
87 2.56303 0.455325
87 2.56303 0.455325
87 3.54511 0.643777
87 4.52719 0.832229
87 4.52719 0.832229
87 5.4281 1.2055
87 5.4281 1.2055
87 6.23134 1.80116
87 6.23134 1.80116
87 6.23134 1.80116
87 6.64433 2.70985
87 6.86742 3.66237

89 0 1.5
89 0 1.5
89 0 1.5

90 0 0
90 0 0
90 0 0

91 0 1.5
91 0 1.5
91 0 1.5

92 0 1.5
92 0 1.5
92 0.972976 1.73091
92 1.94595 1.96181
92 4.45005 2.39696
92 4.45005 2.39696
92 5.75781 0.942433
92 5.75781 0.942433
92 5.75781 0.942433
92 5.75781 0.942433
92 5.75781 0.942433
92 5.75781 0.942433

93 0 1.5
93 0.9406 1.83952
93 1.8812 2.17903

94 0 1.5
94 0.963434 1.76795
94 1.92687 2.03589
94 2.85057 2.21556
94 3.28897 1.31678
94 3.72737 0.418001
94 4.09689 -0.505139
94 4.32098 -1.47971
94 4.5554 -2.4518
94 4.82482 -3.40928
94 5.40889 -4.22099
94 6.10524 -4.9174
94 6.93211 -5.47979
94 7.75898 -6.04219
94 8.58585 -6.60459
94 9.4278 -7.13629
94 10.3782 -7.44733
94 11.3286 -7.75836
94 12.2957 -8.01157
94 13.2652 -8.25666
94 14.2237 -8.03979
94 15.1803 -7.74846
94 16.1496 -7.50499
94 17.1246 -7.28294
94 17.8131 -6.56827
94 18.488 -5.83038
94 19.1629 -5.09249

95 0 1.5
95 0.845114 0.965414
95 1.69023 0.430827
95 2.53534 -0.103759
95 3.11036 -0.818173
95 3.27757 -1.80409
95 3.50023 -2.77824
95 3.81848 -3.70501
95 4.55332 -4.38325
95 5.28816 -5.06149
95 6.023 -5.73973
95 6.75784 -6.41797
95 7.49268 -7.09621
95 8.26377 -7.71923
95 9.17832 -8.1237
95 10.11 -8.47818
95 11.0802 -8.72071
95 12.0652 -8.84267
95 13.0652 -8.84358
95 14.0518 -8.75092
95 15.0111 -8.46861
95 15.9137 -8.0816
95 16.674 -7.43203
95 17.4702 -6.8329
95 18.3332 -6.32766
95 19.1011 -5.72381
95 19.6382 -4.88024
95 20.0622 -3.98902
95 20.2916 -3.01568

96 0 1.5
96 0.843652 0.96311
96 1.6873 0.42622
96 2.53096 -0.110669
96 3.09325 -0.833028
96 3.25412 -1.82

97 0 1.5
97 0.843652 0.96311
97 1.6873 0.42622
97 2.53096 -0.110669
97 3.09325 -0.833028
97 3.25412 -1.82

98 0 1.5
98 0.842712 0.961635
98 1.68542 0.42327
98 2.52813 -0.115096
98 3.08993 -0.840271
98 3.26049 -1.82562

99 1.68647 0.424905
99 3.27525 -1.8179
99 3.27525 -1.8179

100 0 1.5
100 0.843652 0.96311
100 1.6873 0.42622
100 2.53096 -0.110669
100 3.09952 -0.831956
100 3.27561 -1.81633

101 0 1.5
101 0.843233 0.962453
101 1.68647 0.424905
101 2.5297 -0.112642
101 3.09309 -0.834566
101 3.25427 -1.82149

102 0 1.5
102 0.843652 0.96311
102 1.6873 0.42622
102 2.53096 -0.110669
102 3.09535 -0.83268
102 3.26131 -1.81881

103 0 1.5
103 0.843131 0.962291
103 1.68626 0.424582
103 2.52939 -0.113126
103 3.09431 -0.83799
103 3.27458 -1.82161

104 0 1.5
104 0.843131 0.962291
104 1.68626 0.424582
104 2.52939 -0.113126
104 3.09447 -0.837962
104 3.27511 -1.82151

105 0 1.5
105 0.842609 0.961474
105 1.68522 0.422947
105 2.52783 -0.115579
105 3.08721 -0.844335
105 3.26701 -1.82804

106 0 1.5
106 0.843652 0.96311
106 1.6873 0.42622
106 2.53096 -0.110669
106 3.09729 -0.832349
106 3.26797 -1.81768

107 0 1.5
107 0.842712 0.961635
107 1.68542 0.42327
107 2.52813 -0.115096
107 3.09429 -0.839493
107 3.27527 -1.82298

108 0 1.5
108 0.843652 0.96311
108 1.6873 0.42622
108 2.53096 -0.110669
108 3.09521 -0.832704
108 3.26082 -1.8189

109 0 1.5
109 0.845114 0.965414
109 1.69023 0.430827
109 2.53534 -0.103759
109 3.11022 -0.818196
109 3.27708 -1.80418
109 3.4993 -2.77842
109 3.82277 -3.69787
109 4.60904 -4.31575
109 5.39532 -4.93363
109 6.18159 -5.55151
109 6.96786 -6.16939
109 7.75413 -6.78728
109 8.5404 -7.40516
109 9.32667 -8.02304
109 10.1836 -8.49659
109 11.1538 -8.73912
109 12.1411 -8.84274
109 13.1411 -8.84365
109 14.1331 -8.76413
109 15.1135 -8.56705
109 16.0395 -8.27505
109 16.7052 -7.52884
109 17.4475 -6.88858
109 18.365 -6.49085
109 19.2792 -6.08993
109 19.6512 -5.16171

110 0 1.5
110 0.844593 0.96459
110 1.68919 0.429181
110 2.53378 -0.106229
110 3.10499 -0.824321
110 3.2765 -1.8095
110 3.49616 -2.78452
110 3.82282 -3.6998
110 4.60852 -4.3184
110 5.39423 -4.937
110 6.17994 -5.5556
110 6.96564 -6.1742
110 7.75135 -6.7928
110 8.53706 -7.4114
110 9.32276 -8.03
110 10.1814 -8.49312
110 11.1594 -8.70162
110 12.1525 -8.78783
110 13.1519 -8.82343
110 14.1032 -8.6494
110 14.9872 -8.18191
110 15.8712 -7.71441
110 16.7552 -7.24692
110 17.6305 -6.76374
110 18.4983 -6.26678
110 19.1243 -5.55995
110 19.4942 -4.63089

111 0 1.5
111 0.775607 0.868783
111 1.55121 0.237567
111 2.29045 -0.425845
111 2.82281 -1.27236
111 3.35517 -2.11888
111 3.58337 -3.09196

112 0 1.5
112 0.844174 0.963931
112 1.68835 0.427861
112 2.53252 -0.108208

113 0 1.5
113 0.845114 0.965414
113 1.69023 0.430827
113 2.53534 -0.103759
113 3.11036 -0.818173
113 3.27757 -1.80409
113 3.50023 -2.77824
113 3.82589 -3.69632
113 4.6119 -4.31453
113 5.39792 -4.93273
113 6.18393 -5.55094
113 6.96995 -6.16914
113 7.75597 -6.78735
113 8.54198 -7.40555
113 9.328 -8.02376
113 10.1844 -8.49949
113 11.1529 -8.74859
113 12.1395 -8.85206
113 13.1395 -8.84713
113 14.1309 -8.76142
113 15.1097 -8.55685
113 16.0377 -8.26292
113 16.7132 -7.5255
113 17.4498 -6.86395
113 18.3132 -6.35941
113 19.0904 -5.76472
113 19.6329 -4.92466

114 0 1.5
114 0.844593 0.96459
114 1.68919 0.429181
114 2.53378 -0.106229
114 3.10719 -0.823931
114 3.28414 -1.80815
114 3.50205 -2.78371
114 3.82963 -3.69677
114 4.61617 -4.31431
114 5.40272 -4.93184
114 6.18926 -5.54937
114 6.9758 -6.16691
114 7.76235 -6.78444
114 8.54889 -7.40198
114 9.33544 -8.01951
114 10.1941 -8.4908
114 11.1628 -8.73891
114 12.1498 -8.8468
114 13.1498 -8.85465
114 14.133 -8.74251
114 15.0926 -8.46116
114 15.9786 -8.04368
114 16.7393 -7.39459
114 17.5447 -6.80848
114 18.4081 -6.30394
114 19.1461 -5.66987
114 19.6783 -4.82324

115 0 1.5
115 0.843652 0.96311
115 1.6873 0.42622
115 2.53096 -0.110669
115 3.09983 -0.831902
115 3.27665 -1.81614
115 3.49909 -2.79061
115 3.83423 -3.70062
115 4.6201 -4.31901
115 5.40597 -4.9374
115 6.19184 -5.55579
115 6.97772 -6.17418
115 7.76359 -6.79257
115 8.54946 -7.41096
115 9.33533 -8.02935
115 10.194 -8.49918
115 11.1642 -8.74171
115 12.1518 -8.84275
115 13.1518 -8.84366
115 14.1348 -8.72648
115 15.0942 -8.44416
115 15.9813 -8.02747
115 16.7464 -7.38357
115 17.5785 -6.84695
115 18.493 -6.44236
115 19.3301 -5.96304
115 19.7021 -5.03481

116 0 1.5
116 0.844695 0.964753
116 1.68939 0.429505
116 2.53409 -0.105742
116 3.11005 -0.819751
116 3.27723 -1.80568
116 3.49571 -2.78088
116 3.82322 -3.69571
116 4.61001 -4.31292
116 5.39681 -4.93013
116 6.18361 -5.54734
116 6.97041 -6.16455
116 7.7572 -6.78176
116 8.544 -7.39898
116 9.3308 -8.01619
116 10.1886 -8.48938
116 11.1573 -8.73749
116 12.1441 -8.85076
116 13.1439 -8.86556
116 14.1256 -8.75332
116 15.0808 -8.45754
116 15.9686 -8.03817
116 16.7337 -7.39427
116 17.5412 -6.81053
116 18.4046 -6.30599
116 19.1439 -5.67331
116 19.6761 -4.82667

117 0 1.5
117 0.845114 0.965414
117 1.69023 0.430827
117 2.53534 -0.103759
117 3.11022 -0.818196
117 3.27708 -1.80418
117 3.49577 -2.77931
117 3.82498 -3.69334
117 4.61085 -4.31173
117 5.39672 -4.93012
117 6.18259 -5.54851
117 6.96847 -6.1669
117 7.75434 -6.78529
117 8.54021 -7.40368
117 9.32608 -8.02207
117 10.1857 -8.48288
117 11.164 -8.69035
117 12.1571 -8.77934
117 13.1563 -8.82041
117 14.1475 -8.76124
117 15.1279 -8.56416
117 16.0493 -8.26411
117 16.715 -7.5179
117 17.4609 -6.88275
117 18.3784 -6.48502
117 19.2847 -6.07632
117 19.6567 -5.1481

118 0 1.5
118 0.843233 0.962453
118 1.68647 0.424905
118 2.5297 -0.112642
118 3.0998 -0.833412
118 3.27734 -1.81753
118 3.49993 -2.79198
118 3.83543 -3.70157
118 4.62131 -4.31996
118 5.40718 -4.93835
118 6.19305 -5.55674
118 6.97892 -6.17513
118 7.76479 -6.79352
118 8.55067 -7.4119
118 9.33654 -8.03029
118 10.1955 -8.49955
118 11.1657 -8.74208
118 12.1533 -8.8509
118 13.1532 -8.86569
118 14.1438 -8.78647
118 15.1215 -8.57649
118 16.0434 -8.27067
118 16.7091 -7.52446
118 17.3943 -6.79723
118 18.1229 -6.11229
118 18.8515 -5.42734
118 19.5801 -4.74239

119 1.68939 0.429505
119 2.53409 -0.105742
119 2.53409 -0.105742

120 0 1.5
120 0.845635 0.966239
120 1.69127 0.432477
120 2.53691 -0.101284
120 3.11567 -0.811992
120 3.27819 -1.7987

121 0 1.5
121 0.845635 0.966239
121 1.69127 0.432477
121 2.53691 -0.101284
121 3.11163 -0.812636
121 3.2638 -1.80099

122 0 1.5
122 0.845114 0.965414
122 1.69023 0.430827
122 2.53534 -0.103759
122 3.11036 -0.818173
122 3.27757 -1.80409

123 0 1.5
123 0.844695 0.964753
123 1.68939 0.429505
123 2.53409 -0.105742
123 3.11005 -0.819751
123 3.27723 -1.80568

124 0 1.5
124 0.844695 0.964753
124 1.68939 0.429505
124 2.53409 -0.105742
124 3.11005 -0.819751
124 3.27723 -1.80568

125 0 1.5
125 0.842815 0.961796
125 1.68563 0.423592
125 2.52844 -0.114612
125 3.09473 -0.835802
125 3.26064 -1.82194

126 0 1.5
126 0.822986 0.931938
126 1.64597 0.363877
126 2.46896 -0.204185
126 2.92375 -1.00609
126 3.08801 -1.99251

127 0 1.5
127 0.81899 0.926193
127 1.63798 0.352385
127 2.45697 -0.221422
127 2.88671 -1.04063
127 3.0513 -2.02699

128 1.64072 0.356303
128 1.64072 0.356303
128 1.64072 0.356303

129 0 1.5
129 0 1.5
129 0 1.5

130 0 1.5
130 0 1.5
130 0 1.5

131 0 1.5
131 0 1.5
131 0 1.5

132 0 1.5
132 0 1.5
132 0 1.5

133 0 1.5
133 0 1.5
133 0 1.5

134 0 1.5
134 0.563252 0.673715
134 1.1265 -0.152571

137 0 1.5
137 0.822357 0.931028
137 1.64471 0.362057
137 2.46707 -0.206915
137 2.92527 -1.01307
137 3.1132 -1.99525

138 0 1.5
138 0.821935 0.930419
138 1.64387 0.360839
138 2.46581 -0.208742
138 2.91462 -1.0163
138 3.08451 -2.00177

139 0 1.5
139 0.821935 0.930419
139 1.64387 0.360839
139 2.46581 -0.208742
139 2.91329 -1.01653
139 3.08084 -2.0024

140 0 1.5
140 0.822461 0.931178
140 1.64492 0.362356
140 2.46738 -0.206466
140 2.91447 -1.01199
140 3.07326 -1.9993

141 0 1.5
141 0.822461 0.931178
141 1.64492 0.362356
141 2.46738 -0.206466
141 2.91733 -1.01152
141 3.0812 -1.99801

142 0 1.5
142 0.821935 0.930419
142 1.64387 0.360839
142 2.46581 -0.208742
142 2.91561 -1.01613
142 3.08722 -2.0013

143 0 1.5
143 0.821935 0.930419
143 1.64387 0.360839
143 2.46581 -0.208742
143 2.9158 -1.0161
143 3.08775 -2.00121

144 0 1.5
144 0.820463 0.9283
144 1.64093 0.356601
144 2.46139 -0.215099
144 2.89684 -1.02917
144 3.05759 -2.01616

145 1.64576 0.363577
145 3.08103 -1.99672
145 3.08103 -1.99672
