
1 0 0
1 0.989501 0.144444
1 1.98002 0.276551
1 2.97937 0.301449
1 3.97888 0.298177
1 4.97787 0.25967
1 5.97686 0.221179
1 6.97657 0.205966
1 7.97635 0.192351
1 8.97563 0.161935
1 9.97491 0.128531
1 10.9743 0.0927381
1 11.9737 0.0617372
1 12.9731 0.0402004
1 13.9726 0.0169606
1 14.9723 -0.00668195
1 15.4722 -0.0179978
1 15.972 -0.0322089
1 16.4717 -0.0485625
1 16.9715 -0.0649161
1 17.4712 -0.0812696

2 0 0
2 0.9896 0.143784
2 1.98019 0.27543
2 2.97951 0.300966
2 3.97901 0.298473
2 4.97799 0.260435
2 5.97692 0.221591
2 6.97661 0.205964
2 7.97638 0.192341
2 8.97567 0.161926
2 9.97423 0.120592
2 10.9711 0.0640018
2 11.9709 0.0527196
2 12.9706 0.0349722
2 13.9701 0.010177
2 14.9698 -0.0106428
2 15.4698 -0.0191359
2 15.9696 -0.0321522
2 16.4693 -0.0485058
2 16.969 -0.0648594
2 17.4688 -0.0812129

3 0 0
3 0.989509 0.144448
3 1.97999 0.277143
3 2.97933 0.300811
3 3.97892 0.296954
3 4.97803 0.26049
3 5.97699 0.221571
3 6.97665 0.203603
3 7.97645 0.189678
3 8.97581 0.16071
3 9.97477 0.123303
3 10.9726 0.0700737
3 11.9724 0.0555799
3 12.9722 0.044236
3 13.9718 0.0244845
3 14.9714 -0.00495244
3 15.4713 -0.0162683
3 15.971 -0.0304836
3 16.4708 -0.0468372
3 16.9705 -0.0631907
3 17.4702 -0.0795443

4 0 0
4 0.989308 0.145767
4 1.97966 0.278808
4 2.979 0.301328
4 3.97853 0.29692
4 4.9775 0.259673
4 5.97657 0.224048
4 6.97628 0.207315
4 7.97599 0.191614
4 8.97516 0.160578
4 9.97387 0.122796
4 10.9713 0.0680558
4 11.9712 0.055583
4 12.9708 0.0403039
4 13.9703 0.0178269
4 14.9701 -0.00244512
4 15.47 -0.0103904
4 15.9697 -0.0264344
4 16.4694 -0.0443067
4 16.9691 -0.062179
4 17.4688 -0.0800513

5 0 0
5 0.989427 0.144977
5 1.97986 0.277635
5 2.97921 0.300793
5 3.97877 0.296932
5 4.97782 0.260075
5 5.97678 0.221594
5 6.97645 0.203874
5 7.97623 0.18834
5 8.97549 0.157382
5 9.97394 0.114977
5 10.9715 0.0640073
5 11.9714 0.053914
5 12.971 0.0403071
5 13.9705 0.0170132
5 14.9702 -0.00662933
5 15.4701 -0.0179452
5 15.9699 -0.0306513
5 16.4697 -0.0443857
5 16.9695 -0.0581202
5 17.4693 -0.0718547

6 0 0
6 0.98952 0.144314
6 1.98004 0.276522
6 2.97938 0.301493
6 3.97896 0.299671
6 4.97812 0.265119
6 5.97698 0.225647
6 6.97658 0.207313
6 7.97634 0.19235
6 8.97564 0.163831
6 9.97426 0.126565
6 10.9713 0.0722286
6 11.9712 0.0613907
6 12.9708 0.0430198
6 13.9702 0.0157588
6 14.9698 -0.0133564
6 15.4697 -0.0246723
6 15.9694 -0.0388854
6 16.4692 -0.055239
6 16.9689 -0.0715926
6 17.4686 -0.0879461

7 0 0
7 0.9896 0.143784
7 1.98019 0.275633
7 2.97949 0.302289
7 3.97894 0.300026
7 4.97782 0.260811
7 5.97685 0.224024
7 6.97653 0.205011
7 7.97627 0.189062
7 8.97551 0.159406
7 9.97392 0.120505
7 10.9703 0.0638744
7 11.9703 0.0529402
7 12.97 0.0370552
7 13.9698 0.0170316
7 14.9695 -0.00661093
7 15.4693 -0.0179268
7 15.9691 -0.0321408
7 16.4689 -0.0484944
7 16.9686 -0.0648479
7 17.4683 -0.0812015

8 0 0
8 0.989335 0.14564
8 1.97966 0.279142
8 2.97899 0.301645
8 3.97857 0.29695
8 4.97763 0.260093
8 5.97658 0.221613
8 6.97627 0.205966
8 7.976 0.191599
8 8.97514 0.15867
8 9.97362 0.116308
8 10.9707 0.0659362
8 11.9706 0.0601572
8 12.9702 0.0430481
8 13.9696 0.0142493
8 14.9689 -0.0215459
8 15.4687 -0.0328618
8 15.9686 -0.0455686
8 16.4684 -0.0593031
8 16.9682 -0.0730376
8 17.468 -0.086772

9 0 0
9 0.989236 0.1463
9 1.9795 0.280057
9 2.97881 0.303122
9 3.97832 0.298491
9 4.97721 0.260063
9 5.97626 0.224055
9 6.97593 0.205015
9 7.97567 0.189069
9 8.97491 0.159414
9 9.97371 0.123405
9 10.9712 0.0720234
9 11.9711 0.0610969
9 12.9707 0.0427046
9 13.9702 0.01702
9 14.9699 -0.00662251
9 15.4698 -0.0179384
9 15.9696 -0.0321513
9 16.4693 -0.0485049
9 16.9691 -0.0648584
9 17.4688 -0.081212

10 0 0
10 0.989251 0.146168
10 1.97954 0.27961
10 2.97888 0.302741
10 3.97841 0.298496
10 4.97739 0.260458
10 5.97632 0.221614
10 6.97599 0.20382
10 7.97575 0.187264
10 8.97504 0.159807
10 9.97387 0.128257
10 10.9713 0.0738317
10 11.9712 0.0618306
10 12.9708 0.0430146
10 13.9702 0.0143101
10 14.9696 -0.0208198
10 15.4693 -0.0381504
10 15.969 -0.0538665
10 16.4689 -0.0662353
10 16.9687 -0.0786041
10 17.4686 -0.090973

11 0 0
11 0.989331 0.145639
11 1.97969 0.278733
11 2.97902 0.302434
11 3.97854 0.298495
11 4.97753 0.260457
11 5.97661 0.224066
11 6.97635 0.208289
11 7.97611 0.193168
11 8.97538 0.160988
11 9.97418 0.118539
11 10.9725 0.0700827
11 11.9723 0.055577
11 12.9719 0.0402631
11 13.9712 0.0117284
11 14.9701 -0.0343257
11 15.4698 -0.0516562
11 15.9695 -0.0673728
11 16.4694 -0.0797416
11 16.9692 -0.0921104
11 17.469 -0.104479

12 0 0
12 0.989331 0.145639
12 1.97969 0.278733
12 2.97902 0.302434
12 3.97858 0.299123
12 4.97767 0.262811
12 5.97649 0.222405
12 6.97609 0.203608
12 7.97589 0.189691
12 8.97527 0.162618
12 9.97417 0.128281
12 10.9716 0.0740586
12 11.9715 0.0599696
12 12.9711 0.0376457
12 13.9705 0.00890464
12 14.9701 -0.0173878
12 15.47 -0.0258809
12 15.9698 -0.0388989
12 16.4696 -0.0552524
12 16.9693 -0.071606
12 17.469 -0.0879596

13 0 0
13 0.989607 0.143788
13 1.98016 0.276016
13 2.97948 0.300324
13 3.97908 0.297563
13 4.97823 0.262433
13 5.97708 0.222407
13 6.97671 0.205962
13 7.97648 0.192327
13 8.97578 0.163808
13 9.9746 0.127689
13 10.9719 0.0688699
13 11.9717 0.0503477
13 12.9714 0.0365672
13 13.9709 0.012738
13 14.97 -0.0290719
13 15.4697 -0.0464024
13 15.9695 -0.0621147
13 16.4693 -0.0744835
13 16.9692 -0.0868524
13 17.469 -0.0992212

14 0 0
14 0.98945 0.144848
14 1.97987 0.277981
14 2.9792 0.302264
14 3.97874 0.298508
14 4.97779 0.260864
14 5.97673 0.221601
14 6.97642 0.205966
14 7.97619 0.192344
14 8.97546 0.160983
14 9.97441 0.120631
14 10.9732 0.0788394
14 11.973 0.062392
14 12.9726 0.0426208
14 13.972 0.0141364
14 14.9712 -0.0216588
14 15.4711 -0.0329747
14 15.971 -0.0456822
14 16.4708 -0.0594167
14 16.9706 -0.0731511
14 17.4704 -0.0868856

15 0 0
15 0.989251 0.146168
15 1.97954 0.279816
15 2.97888 0.302906
15 3.97844 0.298513
15 4.97749 0.260868
15 5.97658 0.224076
15 6.97634 0.210767
15 7.97609 0.196805
15 8.97525 0.162652
15 9.97397 0.119064
15 10.9724 0.0738272
15 11.9723 0.0618212
15 12.9717 0.0395869
15 13.9709 0.00765334
15 14.9703 -0.0238315
15 15.4702 -0.0351474
15 15.97 -0.0478525
15 16.4699 -0.061587
15 16.9697 -0.0753215
15 17.4695 -0.0890559

16 0 0
16 0.988433 0.151148
16 1.97856 0.283258
16 2.97813 0.306372
16 3.97766 0.301137
16 4.9769 0.266422
16 5.97624 0.23379
16 6.97594 0.211514
16 7.97562 0.188026
16 8.975 0.165216
16 9.97405 0.139248
16 10.9724 0.0915239
16 11.9722 0.0724066
16 12.9717 0.046721
16 13.4717 0.0401995
16 13.9716 0.0288836
16 14.4714 0.0175678
16 14.9713 0.00611729
16 15.4712 -0.00543372
16 15.971 -0.0169847
16 16.4709 -0.0285357

17 0.486633 0.11484
17 0.981127 0.18884
17 1.96799 0.328594
17 2.96781 0.34381
17 3.96763 0.340264
17 4.96757 0.336754
17 5.96757 0.337653
17 6.96755 0.33473
17 7.96745 0.329848
17 8.9672 0.327707
17 9.96704 0.312091
17 10.9664 0.299135
17 11.9655 0.282773
17 12.9655 0.292125
17 13.9653 0.289174
17 14.9651 0.271562
17 15.965 0.258793
17 16.9649 0.248601
17 17.4649 0.244491

18 0 0
18 0.976984 0.203217
18 1.96177 0.340291
18 2.96107 0.342918
18 3.9605 0.312711
18 4.96023 0.292263
18 5.96014 0.283699
18 6.95994 0.269197
18 7.95978 0.253307
18 8.95962 0.235857
18 9.95946 0.219123
18 10.9592 0.200694
18 11.9588 0.173212
18 12.9581 0.138114
18 13.9572 0.0977911
18 14.9558 0.0493678
18 15.9544 0.0330388
18 16.9526 0.0469162
18 17.4513 0.0829666

19 0 0
19 0.992765 0.101753
19 1.98122 0.201639
19 2.97995 0.213201
19 3.97993 0.211443
19 4.97978 0.196342
19 5.9796 0.178483
19 6.97945 0.165641
19 7.97939 0.161624
19 8.97935 0.158965
19 9.97932 0.154494
19 10.9792 0.165671
19 11.9791 0.176978
19 12.979 0.172682
19 13.979 0.161255
19 14.9789 0.149828
19 15.9752 0.168821
19 16.9751 0.159257
19 17.9746 0.139137

20 0 0
20 0.998262 0.0120414
20 1.99674 0.00732628
20 2.99552 -0.00960021
20 3.99497 -0.0254122
20 4.99492 -0.0340126
20 5.99487 -0.042613
20 6.99466 -0.0618238
20 7.99441 -0.084285
20 8.99415 -0.106746
20 9.99367 -0.120405
20 10.9931 -0.132444
20 11.992 -0.168571
20 12.4908 -0.203286

21 0 0
21 0.999297 0.0055737
21 1.98921 0.0377444
21 2.98916 0.0308638
21 3.98906 0.0205861
21 4.9889 0.0070939
21 5.98858 -0.00998179
21 6.98781 -0.0394451
21 7.98703 -0.0689084
21 8.98582 -0.0920817
21 9.98451 -0.115946
21 10.9829 -0.155387
21 11.4822 -0.182656
21 11.6923 0.119819
21 11.7304 0.618365
21 12.1044 0.868983
21 12.5696 1.05228
21 13.0627 1.12056
21 13.3284 0.740297
21 13.5603 0.297344
21 13.7922 -0.14561
21 14.0242 -0.588564
21 14.4599 -0.687311
21 14.9558 -0.733742
21 15.4491 -0.815119

22 0 0
22 0.980184 0.193312
22 1.96436 0.282077
22 2.95911 0.219328
22 3.95831 0.237684
22 4.95636 0.276947
22 5.95407 0.311526
22 6.95038 0.359589
22 7.44799 0.402747
22 8.40327 0.631948
22 8.85596 0.844246
22 9.68129 1.39307
22 10.013 1.76719
22 10.5873 2.55556
22 10.8774 2.96279
22 11.1662 3.91073
22 11.2609 4.40124
22 11.5121 5.36644
22 11.6343 5.83762
22 11.4196 6.28918
22 11.0524 7.1821
22 10.7945 7.61048
22 10.2625 8.45681

23 0 -0.75
23 0.497169 -0.803132
23 0.990575 -0.816097
23 1.46137 -0.648679
23 1.9278 -0.468563
23 2.31342 -0.165989
23 2.66244 0.192038
23 2.94051 0.607053
23 3.18553 1.03965
23 3.35331 1.51066
23 3.45111 1.99299
23 3.44041 2.49288

24 0 -0.75
24 0.490174 -0.84864
24 0.980347 -0.94728
24 1.3478 -0.651345
24 1.7324 -0.331836
24 2.10687 -0.00324254
24 2.38324 0.413438
24 2.65729 0.831254
24 2.81802 1.30472
24 2.95254 1.7823
24 2.94488 2.28224

25 0 0
25 0.999472 -0.0319676
25 1.96441 0.0666948
25 2.4267 0.246367
25 3.35042 0.622483
25 4.77745 1.03264
25 5.75872 1.07105
25 7.12593 1.86263
25 7.94574 1.08725
25 8.35002 -0.35023
25 8.72991 -0.675319
25 9.30331 -1.47183
25 9.83454 -2.86798
25 10.0991 -3.82897
25 10.2626 -4.80958

26 0 0.75
26 0.499846 0.762415
26 0.986794 0.730946
26 1.40044 0.450057
26 1.78297 0.131602
26 2.13601 -0.222464
26 2.44105 -0.615658
26 2.71987 -1.03064
26 3.00969 -1.43807
26 3.29951 -1.84551
26 3.51291 -2.2907
26 3.66042 -2.76844
26 3.894 -3.2083
26 4.18466 -3.60827
26 4.56183 -3.93651
26 4.939 -4.26475
26 5.31618 -4.59298
26 5.70164 -4.911
26 6.10054 -5.21246
26 6.55427 -5.40029
26 7.03849 -5.52492
26 7.51582 -5.47533
26 7.98869 -5.31288
26 8.46156 -5.15042
26 8.93444 -4.98796
26 9.40731 -4.8255
26 9.88018 -4.66304

27 0 0
27 0.997363 -0.0688486
27 1.99488 -0.133433
27 2.49022 -0.158436
27 3.42944 0.178165
27 4.33501 0.584873
27 4.75731 0.85117
27 5.58227 1.41608
27 6.36398 2.03463
27 7.10887 2.69914
27 7.83085 3.38594
27 8.14758 3.77283
27 8.7708 4.55473
27 9.39208 5.33643
27 9.97526 6.14409
27 10.3383 7.05793
27 10.8247 7.8793
27 11.1216 8.26942
27 11.3797 8.69765
27 11.2403 9.12611
27 10.9948 9.55729
27 11.0498 10.0543

28 0 0
28 0.99665 0.0189205
28 1.98884 0.0918741
28 2.4827 0.155484
28 3.44724 0.416643
28 4.34229 0.850257
28 5.21329 1.34085
28 5.64406 1.59429
28 6.46032 2.16879
28 7.18687 2.84422
28 7.4949 3.23799
28 7.99851 4.09261
28 8.46702 4.96854
28 8.80933 5.9077
28 8.92001 6.39157
28 8.959 6.88994
28 9.04377 7.38271
28 9.17443 7.85679
28 9.456 8.26983
28 9.69525 8.70888
28 9.9345 9.14792

29 0 0.75
29 0.499183 0.778573
29 0.994357 0.829527
29 1.47242 0.976007
29 1.95537 1.10309
29 2.44586 1.20015
29 2.93654 1.29625
29 3.42747 1.39035
29 3.92658 1.4201
29 4.42385 1.41838
29 4.91607 1.33053
29 5.39561 1.2057
29 5.83815 0.972981
29 6.26983 0.722027
29 6.68509 0.44354
29 7.09473 0.157143
29 7.49399 -0.143837
29 7.9126 -0.416142
29 8.34124 -0.673554
29 8.76989 -0.930966
29 9.24692 -1.06365
29 9.73703 -1.16258
29 10.2271 -1.26151

30 0.487218 0.112334
30 0.986635 0.0882076
30 1.43713 0.140743
30 2.77946 -0.0725868
30 3.26219 -0.198296
30 4.24508 -0.382047
30 5.72288 -0.587576
30 6.71024 -0.447463
30 8.16056 -0.110322
30 9.03988 0.34416
30 9.45248 0.625611
30 9.89633 0.834158
30 10.3962 0.847327
30 10.896 0.860496
30 11.3952 0.864714
30 11.8884 0.782811
30 12.3817 0.700907
30 12.8713 0.599701
30 13.3604 0.495967
30 13.8545 0.41953
30 14.3489 0.345019

31 0 0
31 0.495663 0.0657152
31 2.39886 0.29949
31 3.36076 0.0406957
31 4.32709 -0.208021
31 5.30195 -0.415771
31 6.29255 -0.550998
31 7.27953 -0.70776
31 8.26439 -0.880272
31 8.75787 -0.960725
31 9.74598 -1.11378
31 11.2256 -1.35911
31 12.2105 -1.53182
31 13.1955 -1.70453
31 13.6921 -1.7153
31 14.191 -1.68193
31 14.6899 -1.64856
31 15.1888 -1.6152
31 15.6877 -1.58183
31 16.3456 -1.03659
31 16.7668 -0.7672
31 16.8986 -0.321652
31 17.0723 0.65963
31 17.2459 1.64091
31 17.4196 2.62219
31 17.5933 3.60348
31 17.7669 4.58476
31 17.9406 5.56604
31 17.9864 6.06393
31 17.8236 6.52799
31 17.6228 6.9859
31 17.422 7.4438

32 0 0
32 0.998796 -0.00433911
32 1.97789 0.0573596
32 2.44079 0.246352
32 2.8981 0.444632
32 3.67463 1.07449

33 0 0
33 0.99984 -0.0151866
33 2.43132 0.25453
33 2.80184 0.545143
33 3.29271 0.450032
33 3.78358 0.354922
33 4.27445 0.259812

34 0 0
34 0.997094 0.0759844
34 1.99334 0.127006
34 2.9915 0.0881515
34 3.99096 0.0861526
34 4.99089 0.0972707
34 5.98949 0.141212
34 6.98754 0.198262
34 7.98742 0.212173
34 8.9873 0.227282
34 9.98702 0.248369
34 10.9861 0.286173
34 11.9692 0.363527
34 12.4692 0.367272
34 12.9692 0.373515
34 13.8765 0.677135

35 0 0
35 0.998181 -0.0143692
35 1.97612 -0.0154416
35 2.97364 0.0502087
35 3.97295 0.0615809
35 4.97001 0.103891
35 5.96951 0.125001
35 6.96947 0.13271
35 7.96932 0.146032
35 8.96902 0.168135
35 9.96866 0.194296
35 10.9685 0.2114
35 11.9684 0.219947
35 12.9684 0.220024
35 13.9684 0.218948
35 14.9683 0.217872
35 15.468 0.234527
35 15.9675 0.256263
35 16.4671 0.27775
35 16.9666 0.298518
35 17.4662 0.319285

36 0 0
36 0.993652 0.0283158
36 1.97771 0.0051193
36 2.97004 0.0403464
36 3.96985 0.0530707
36 4.96965 0.0649902
36 5.96947 0.0765786
36 6.9692 0.0976842
36 7.96894 0.11879
36 8.96872 0.138009
36 9.96859 0.154346
36 10.9684 0.163499
36 11.1625 0.489422
36 11.1896 0.988688
36 11.2167 1.48795
36 11.2438 1.98722
36 11.2039 2.47071
36 10.9568 2.9054
36 10.7097 3.34009
36 9.99845 3.76453
36 10.9307 4.01624
36 11.3631 4.26735
36 12.2503 4.28783
36 13.0451 3.86759
36 13.3402 3.46395
36 14.135 3.04372
36 14.9298 2.64526
36 15.7247 2.25656
36 16.0198 1.85292
36 16.3149 1.44929
36 16.4652 0.989384
36 16.5203 0.492424
36 16.6662 0.0974278
36 17.1662 0.0998939
36 17.6662 0.10236

37 0 0
37 0.989478 0.143665
37 1.48251 0.142513
37 2.9312 0.18103
37 3.92715 0.151766
37 4.92539 0.175084
37 5.92333 0.196138
37 6.91989 0.236001
37 7.41426 0.310865
37 8.34774 0.609831
37 8.80604 0.809734
37 9.58919 1.42525
37 9.96875 1.75073
37 10.2678 2.1492
37 10.7696 3.00031
37 11.0018 3.96513
37 11.1184 4.45006
37 11.2919 5.42071
37 11.2726 5.87687
37 11.0211 6.30902
37 10.9021 7.19288
37 11.0187 7.59466
37 10.4776 8.4148
37 10.1294 8.77362

38 0 -0.75
38 0.49757 -0.799233
38 0.97983 -0.894427
38 1.42463 -0.769548
38 1.84673 -0.505004
38 2.25051 -0.210115
38 2.58161 0.162936
38 2.90502 0.544255
38 3.04196 1.02488
38 3.17526 1.50634
38 3.14853 2.00563
38 3.1218 2.50491

39 0 -0.75
39 0.497367 -0.801247
39 0.993272 -0.857396
39 1.42363 -0.629845
39 1.80817 -0.312933
39 2.17937 0.0220473
39 2.5056 0.398603
39 2.81052 0.794863
39 3.10181 1.20079
39 3.37464 1.61979
39 3.63201 2.04836
39 3.94358 2.4113
39 4.40855 2.59516
39 4.87351 2.77903
39 5.33803 2.95843
39 5.75744 2.68622
39 6.17684 2.41401
39 6.55841 2.09202
39 6.93287 1.76069
39 7.36885 1.51735
39 7.68049 1.17951
39 7.80399 0.695
39 7.92748 0.210491
39 8.21365 -0.182544
39 8.56349 -0.539769
39 8.91333 -0.896993
39 9.37335 -0.995699
39 9.87332 -1.00063

40 0 0.75
40 0.49858 0.787652
40 0.997161 0.825304
40 1.46451 0.655089
40 1.67857 1.07057
40 1.87376 1.53089
40 2.1076 1.94814
40 2.58633 2.09243
40 2.88241 2.48014
40 3.17298 2.8811
40 3.57903 3.16928
40 3.93832 3.29513
40 4.30989 2.96057
40 4.68147 2.626
40 5.05304 2.29144
40 5.54093 2.27954
40 6.0405 2.30007
40 6.54008 2.3206
40 7.03988 2.33015
40 7.53988 2.32933
40 8.03962 2.34375
40 8.5393 2.36155
40 9.03898 2.37935
40 9.35501 2.05673
40 9.61453 1.62935

41 0.540742 -0.378096
41 1.03629 -0.444641
41 1.53194 -0.508449
41 2.0244 -0.447654
41 3.34737 0.180694
41 4.25966 0.563937
41 4.66864 0.84991
41 5.47719 1.43834
41 6.24954 2.07096
41 6.99844 2.73263
41 7.72606 3.4145
41 8.03516 3.80752
41 8.64469 4.6002
41 9.23223 5.40788
41 10.1299 6.51096

42 0 0
42 0.995274 0.0266518
42 1.96405 0.0790401
42 2.4512 0.180803
42 3.39671 0.506374
42 4.32201 0.878729
42 5.22085 1.3117
42 5.63105 1.58312
42 6.38291 2.22222
42 6.71906 2.59192
42 7.31887 3.3883
42 7.82351 4.25093
42 8.322 5.11708
42 8.48796 5.56245
42 8.58395 6.01445
42 8.78871 6.4706
42 9.09435 6.8646
42 9.20112 7.30631
42 9.20688 7.7642
42 9.58972 8.08582
42 9.97255 8.40744
42 10.4062 8.34496
42 10.7879 8.66792
42 11.1696 8.99088
42 11.5513 9.31384
42 11.933 9.6368

43 0 0.75
43 0.498548 0.788074
43 0.983286 0.864996
43 1.46418 0.855047
43 1.69721 0.580363
43 2.19067 0.499751
43 2.68413 0.41914
43 3.17759 0.338529
43 3.59421 0.0679765
43 4.00492 -0.217184
43 4.34706 -0.58042
43 4.68287 -0.950871
43 5.04897 -1.29131
43 5.41602 -1.63083
43 5.78026 -1.97336
43 6.1445 -2.3159
43 6.54901 -2.58395
43 7.03506 -2.70124
43 7.52111 -2.81853
43 8.00716 -2.93582

44 0 0.75
44 0.497318 0.801716
44 0.994637 0.853432
44 1.47479 0.981776
44 1.95655 1.10406
44 2.4565 1.11127
44 2.94041 1.00214
44 3.41972 0.859806
44 3.89702 0.710867
44 4.37432 0.561928
44 4.83737 0.375571
44 5.29282 0.169238
44 5.77478 0.0432783
44 6.26358 -0.0619472
44 6.75238 -0.167173
44 7.13844 0.0777309
44 7.49287 0.430401
44 7.83731 0.792271
44 8.15934 1.17476
44 8.48138 1.55724
44 8.80341 1.93972
44 9.12544 2.32221
44 9.44748 2.70469
44 9.67799 3.13112
44 9.77507 3.6216
44 9.97083 4.07465

45 0 0
45 0.997305 0.0717181
45 1.96739 0.109969
45 2.9668 0.135744
45 3.96491 0.183094
45 4.96147 0.257697
45 5.4611 0.277021
45 6.31418 0.745061
45 6.71967 1.03761
45 7.50238 1.65139
45 7.89822 1.95117
45 8.29034 2.86891
45 8.45735 3.34019
45 8.8008 4.27779
45 9.03255 5.24119
45 8.97123 5.72596
45 8.80985 6.70732
45 8.6995 7.19499
45 8.58915 7.68266

46 0 0
46 0.991626 0.125788
46 1.96726 0.311343
46 2.42493 0.512686
46 2.8826 0.71403

47 0 0
47 0.499705 0.0171685
47 1.48385 0.171305
47 2.95379 0.454554
47 3.93596 0.627689
47 4.42084 0.749495
47 5.41019 0.8837
47 6.39106 1.0657
47 7.3588 1.31587
47 8.33527 1.52892
47 9.31591 1.72458
47 9.80389 1.83325
47 10.2898 1.95111
47 10.7757 2.06897
47 11.2645 2.17437
47 11.7534 2.27913
47 12.2408 2.39061
47 12.7276 2.50461
47 13.2136 2.62229

48 0 0
48 0.999748 0.0168068
48 1.9951 0.0128387
48 2.99369 0.0416424
48 3.99333 0.0668976
48 4.99306 0.0871402
48 5.99278 0.108275
48 6.99256 0.129207
48 7.99195 0.162328
48 8.99159 0.171433
48 9.99153 0.16134
48 10.9915 0.154379
48 11.9914 0.15881
48 12.9912 0.172659
48 13.9909 0.193222
48 14.9902 0.22667
48 15.9896 0.226552
48 16.9885 0.189214
48 17.9875 0.151876
48 18.4865 0.120511

49 0 0
49 0.998069 -0.0617212
49 1.99614 -0.123442
49 2.99567 -0.137102
49 3.99558 -0.13975
49 4.99548 -0.142762
49 5.99516 -0.135516
49 6.99484 -0.128269
49 7.99425 -0.149854
49 8.99388 -0.162528
49 9.99387 -0.161399
49 10.9938 -0.170446
49 11.9937 -0.183858
49 12.9935 -0.197271
49 13.9932 -0.216549
49 14.986 -0.218751
49 15.9724 -0.169553
49 16.4723 -0.179943
49 16.9722 -0.190332

50 0 0
50 0.99697 0.0775153
50 1.95372 0.220352
50 2.42881 0.064517
50 2.91692 -0.0251622
50 3.93761 1.01297
50 3.41564 -0.0608251
50 6.03913 0.915101
50 6.53736 0.873029
50 7.67446 -0.105231
50 8.17295 -0.135012
50 8.67253 -0.114479
50 9.14406 0.0270402
50 9.60171 0.228433
50 10.0166 0.501302
50 10.4232 0.735991
50 10.8168 1.04436
50 11.4826 1.76554
50 11.805 2.14771
50 12.1154 3.07851
50 12.1687 3.57565
50 12.2221 4.0728
50 12.1212 4.53937
50 11.7172 5.42652
50 11.2544 6.31281
50 10.7831 7.19384
50 10.2724 8.05051
50 10.1136 8.49136

51 0 -0.75
51 0.49569 -0.815506
51 0.980445 -0.90198
51 1.41608 -0.800757
51 1.83743 -0.531912
51 2.23891 -0.237986
51 2.58868 0.119318
51 2.87935 0.512503
51 3.03509 0.987629
51 3.13649 1.47095
51 3.12771 1.97087

52 0 0
52 0.995082 -0.0971566
52 1.49169 -0.155333
52 2.33538 0.242453
52 2.74519 0.528908
52 3.49788 1.1819
52 3.84793 1.53892
52 4.89845 2.60175

53 0.48604 0.117323
53 0.98479 0.15267
53 1.48132 0.201427
53 2.33182 -0.149796
53 2.74158 -0.43549
53 3.46619 -1.1225
53 4.13061 -1.86863
53 4.40849 -2.2843
53 4.68731 -2.69933
53 4.9665 -3.11413
53 5.2439 -3.5299
53 5.4454 -3.98751

54 0 0
54 0.499221 -0.0278951

55 0 0
55 0.995927 -0.0383692
55 1.97856 -0.0885205
55 2.45785 -0.0478347
55 3.39503 0.274387
55 3.84521 0.490851
55 4.69159 1.01683
55 5.46287 1.64917
55 6.19805 2.32021
55 6.8417 3.0765
55 7.54106 3.78923
55 7.90201 4.13523
55 8.64044 4.79879
55 10.225 5.95377
55 11.127 6.38443
55 12.0143 6.8326
55 12.263 7.26521

56 0 0.75
56 0.494031 0.827027
56 0.987388 0.900537
56 1.44758 0.793752
56 1.90867 0.600368
56 2.35302 0.37265
56 2.78938 0.12854
56 3.23185 -0.104049
56 3.67863 -0.328524
56 4.11369 -0.574262
56 4.54199 -0.832248
56 4.98114 -1.04901
56 5.48095 -1.03531
56 5.98077 -1.02162
56 6.48058 -1.00792
56 6.97812 -0.974574
56 7.4361 -0.839943
56 7.5692 -0.357984
56 7.7023 0.123975
56 7.8354 0.605933
56 7.9685 1.08789
56 8.1016 1.56985
56 8.2347 2.05181
56 8.3678 2.53377

57 0 0.75
57 0.496031 0.687127
57 0.93027 0.795967
57 1.30086 1.0933
57 1.78431 1.01565
57 2.25502 0.847052
57 2.72092 0.665708
57 3.18548 0.4808
57 3.64311 0.280207
57 4.09279 0.0616173
57 4.55412 -0.129323
57 5.02472 -0.298247
57 5.49532 -0.46717
57 5.96314 -0.643616
57 6.43009 -0.822376
57 6.89604 -1.00346
57 7.3479 -1.21742
57 7.81193 -1.40363
57 8.27596 -1.58984
57 8.74 -1.77605
57 9.20403 -1.96226
57 9.69137 -1.94814
57 10.1858 -1.87346

58 0 0
58 0.998132 0.0596327
58 1.98669 0.0690531
58 2.98392 0.129673
58 4.41547 0.4383
58 5.28044 0.929097
58 5.54142 1.34419
58 5.73193 1.80458
58 6.05218 2.07703

59 0 0
59 0.998363 0.0517793
59 2.42093 0.237674
59 2.77186 0.593831
59 3.24874 0.582453
59 3.74436 0.516408
59 4.23998 0.450363

60 0 0
60 0.995706 -0.0824649
60 1.99176 -0.160842
60 2.98998 -0.209734
60 3.97814 -0.353517
60 4.97699 -0.394661
60 5.97429 -0.458567
60 6.96813 -0.565067
60 7.96392 -0.654695
60 8.96163 -0.721226
60 9.95957 -0.785034
60 11.4361 -1.01807
60 11.9342 -1.06113
60 12.4324 -1.10345
60 12.9304 -1.14759
60 13.4278 -1.19856
60 13.9252 -1.24953
60 14.4225 -1.29736
60 14.916 -1.21689
60 15.4095 -1.13642
60 15.903 -1.05596

61 0.542879 -0.388527
61 1.04029 -0.439331
61 1.5366 -0.497494
61 2.96674 -0.197659
61 3.9663 -0.170059
61 4.96602 -0.149041
61 5.96585 -0.13221
61 6.96572 -0.119679
61 7.96566 -0.111094
61 8.96519 -0.084428
61 9.96465 -0.0550656
61 10.9643 -0.0360933
61 11.9643 -0.0346751
61 12.9643 -0.0332569
61 13.9642 -0.0298342
61 14.9641 -0.0202861
61 15.964 -0.010738
61 16.9638 -0.00143081
61 17.4638 0.00700142
61 17.9637 0.0154337

62 0 0
62 0.999903 0.00925554
62 1.9847 0.049635
62 2.98024 0.0809248
62 3.97997 0.103825
62 4.97983 0.100939
62 5.97972 0.0920239
62 6.9793 0.0965398
62 7.97824 0.10725
62 8.83575 0.247633
62 8.82005 0.747386
62 8.84888 1.20772
62 9.84657 1.23564
62 10.3446 1.28052
62 10.8425 1.3254
62 11.3405 1.37028
62 11.8385 1.41516
62 12.3365 1.46004
62 12.61 1.71009
62 12.61 2.21009
62 12.9815 2.53463
62 13.403 2.80183
62 13.8333 3.05639
62 14.2637 3.31095
62 14.694 3.56552
62 15.1244 3.82008

63 0 0
63 0.494049 0.0769115
63 1.4134 0.106725
63 2.39567 0.234223
63 3.32327 0.584419
63 3.78608 0.766146
63 4.59685 1.34848
63 4.96939 1.68038
63 5.31318 2.04344
63 5.82214 2.89419
63 6.03675 3.34579
63 6.15594 3.82459
63 6.2117 4.32147
63 6.26812 4.81827
63 6.32456 5.31508
63 6.65459 5.61909

64 0 -0.75
64 0.490551 -0.846745
64 0.981102 -0.943491
64 1.38641 -0.752143
64 1.74459 -0.40371
64 2.11558 -0.0685069
64 2.45013 0.296648
64 2.707 0.725619
64 2.9329 1.16726
64 3.05027 1.65329

65 0 0
65 0.986389 0.163983
65 1.9519 0.283634
65 2.90174 0.254065
65 3.38459 0.228675
65 3.64289 0.656792
65 3.94532 0.934309
65 4.84968 0.514852
65 5.17885 0.202884
65 5.27325 -0.288124
65 5.6792 -1.1702
65 5.77361 -1.66121
65 6.19841 -2.54457
65 6.36452 -3.01617
65 7.11432 -4.79916

66 0 0
66 0.485922 -0.117814
66 1.45966 -0.345333
66 2.4334 -0.572853
66 3.40521 -0.806197
66 3.86887 -0.99334
66 4.77662 -1.38549
66 6.19143 -1.82385
66 8.15071 -1.94151
66 9.11503 -1.79721
66 10.0417 -1.42434
66 11.4086 -0.816463
66 12.3109 -0.389986
66 13.1879 0.0757659
66 13.9608 0.709085
66 14.7331 1.34297
66 15.9066 2.83495

67 0 0
67 0.9974 0.0707602
67 1.98977 0.178402
67 2.97478 0.34669
67 3.45546 0.480195
67 4.38762 0.840445
67 5.31436 1.21462
67 5.76778 1.42537
67 6.5874 1.98572
67 7.36831 2.60998

68 0 0
68 0.99787 0.00320576
68 2.46125 0.21795
68 3.80112 0.86291
68 4.24699 1.08643
68 5.17521 1.45814
68 6.10587 1.82344
68 7.06192 2.09929
68 8.01796 2.37515
68 8.98252 2.62358
68 9.96213 2.82349
68 11.8486 2.98178
68 12.3475 2.94819
68 12.839 2.85884
68 13.3296 2.7625

69 0.478006 0.146664
69 0.972151 0.222957
69 1.94464 0.317349
69 2.89891 0.13259
69 3.88673 -0.0229026
69 4.87463 -0.068961
69 5.85893 0.0893936
69 7.29888 0.457229
69 8.15357 0.958154
69 8.55536 1.25493
69 8.9962 1.46139
69 9.49501 1.49585
69 9.99383 1.53031
69 10.4926 1.56477
69 10.9733 1.45005
69 11.4599 1.39295
69 11.9547 1.38426
69 12.4441 1.28168
69 12.9351 1.18767
69 13.4276 1.10135
69 13.9201 1.01504

70 0 0
70 0.998743 0.0481696
70 1.99594 0.0829065
70 2.99573 0.0632364
70 3.99518 0.0372908
70 4.99388 -0.00392952
70 5.99262 -0.0452536
70 6.99237 -0.0463998
70 8.46454 0.109336
70 9.42376 0.338294
70 10.3682 0.666643
70 11.3126 0.994992
70 12.1689 1.36835
70 12.0173 1.84483
70 11.8658 2.32132
70 11.7143 2.7978
70 11.5627 3.27429
70 11.4112 3.75077
70 11.2597 4.22726
70 11.9707 4.82541
70 12.2363 5.24906
70 12.5019 5.6727

71 0 0
71 0.497634 0.0485883
71 1.42129 0.110394
71 3.23149 0.343267

72 0 0
72 0.482442 0.131339
72 1.43195 0.4424
72 2.38049 0.756558
72 3.33631 1.04924
72 4.29283 1.33871
72 5.26682 1.55602
72 6.23732 1.79285
72 7.20284 2.05319
72 8.17742 2.27224
72 9.14412 2.527
72 10.0936 2.83152
72 11.0363 3.15263
72 11.979 3.47374

73 0 0
73 0.999907 0.0122287
73 1.99204 0.0606741
73 2.98636 0.0759809
73 3.98563 0.104311
73 4.98532 0.113999
73 5.98433 0.152805
73 6.98429 0.158784
73 7.98426 0.163551
73 8.98424 0.159098
73 9.9842 0.14988
73 10.9841 0.147167
73 11.9841 0.152278
73 12.984 0.162177
73 13.984 0.171599
73 14.984 0.180545
73 15.4839 0.185654
73 15.9839 0.190763

74 0 0
74 0.419702 -0.271754

75 0 0
75 0.996911 0.0601384
75 1.99076 0.140841
75 2.49066 0.131185
75 3.97056 0.282178
75 4.96287 0.388275
75 5.44603 0.500077
75 5.89707 0.715864
75 6.74132 1.21941
75 7.0835 1.58398
75 7.73468 2.32433
75 8.04702 2.71477
75 8.47518 3.60951
75 8.65079 4.07766
75 8.9044 5.52131
75 8.9044 6.02131
75 8.72089 6.48422
75 8.55887 6.95251
75 8.52794 7.45156

76 0 -0.75
76 0.482429 -0.881385
76 0.964859 -1.01277
76 1.39294 -0.847711
76 1.80505 -0.56864
76 2.11381 -0.175364
76 2.41605 0.222038
76 2.63903 0.669565
76 2.86201 1.11709
76 2.96123 1.60595
76 3.0519 2.09766

77 0 0
77 0.466098 0.180978
77 1.4048 0.5252
77 2.36277 0.767394
77 3.81884 1.07598
77 4.80004 1.03282
77 5.27194 0.876245
77 6.26055 1.58714
77 7.48122 0.234296
77 7.89164 -1.20802
77 8.3349 -2.08462
77 8.6513 -3.03314
77 8.91797 -3.99225
77 9.02377 -5.48044
77 9.08084 -6.47277

78 0 0.75
78 0.491833 0.660001
78 0.947334 0.47284
78 1.37755 0.21805
78 1.78257 -0.0738724
78 2.18031 -0.376851
78 2.57895 -0.678651
78 2.9776 -0.980452
78 3.31235 -1.35161
78 3.64556 -1.72439
78 3.97782 -2.09803
78 4.36709 -2.40729
78 4.77812 -2.69199
78 5.18915 -2.9767
78 5.60018 -3.2614
78 6.03901 -3.19442
78 6.48966 -2.97783
78 6.94477 -2.77266
78 7.42299 -2.62668
78 7.9047 -2.49317
78 8.38909 -2.3692
78 8.80371 -2.11686
78 9.17125 -1.77787
78 9.5388 -1.43888
78 9.90634 -1.09989

79 0 0
79 0.996979 -0.0775996
79 1.97725 -0.104801
79 2.43372 0.0501563
79 3.34252 0.466799
79 3.78271 0.703932
79 4.65797 1.18748
79 5.51959 1.69361
79 6.36958 2.21901
79 7.21233 2.75439
79 7.97835 3.392
79 8.69433 4.08499
79 9.01815 4.46597
79 9.51418 5.32949
79 9.96644 6.21859
79 10.183 6.6685
79 10.5291 7.60488
79 10.6658 8.07973
79 10.7091 8.57683
79 10.6259 9.06986

80 0 0
80 0.99342 -0.104184
80 1.98591 -0.210415
80 3.30767 0.228948
80 4.93751 1.34723
80 5.37266 1.59348
80 6.14286 2.22134
80 6.95145 2.80889
80 7.73821 3.42347
80 8.49374 4.0676
80 9.13105 4.80417
80 9.61558 4.90098
80 11.1787 5.5771

81 0.540742 0.477073
81 0.181254 0.147794

82 0 0
82 0.993589 0.107394
82 1.98631 0.184993
82 2.98325 0.199048
82 3.98242 0.165967
82 4.98175 0.132162
82 5.9802 0.0828742
82 6.97845 0.028863
82 7.97769 -0.005202
82 8.97729 -0.0317387
82 9.97201 -0.0185289
82 10.955 0.0395344

83 0 0
83 1.84191 0.344707
83 2.76001 0.702425
83 3.24108 0.733616

84 0 0
84 0.499914 0.00926795
84 1.48427 0.155475
84 2.46076 0.370837
84 3.42724 0.624173
84 4.38638 0.905586
84 5.34551 1.187
84 6.30018 1.48317
84 7.25042 1.79365
84 7.72344 1.95567
84 8.19647 2.11769
84 8.66949 2.2797
84 9.14287 2.44065
84 9.61668 2.60036
84 10.0905 2.76008
84 10.5612 2.92842
84 11.0292 3.10446
84 11.5033 3.26321
84 11.9775 3.42177
84 12.4532 3.5757
84 12.9289 3.72962

85 0 0
85 0.99777 0.0330667
85 1.97351 -0.0108553
85 2.97256 -0.048017
85 3.9724 -0.0587867
85 4.9723 -0.0668086
85 5.97218 -0.078883
85 6.97214 -0.0810912
85 7.97185 -0.0972133
85 8.9714 -0.122604
85 9.9707 -0.158721
85 10.9701 -0.191734
85 11.9699 -0.212043
85 12.9697 -0.228787
85 13.9695 -0.247768
85 14.9694 -0.263522
85 15.4694 -0.268265
85 15.9661 -0.304785

86 0 0
86 0.999219 0.0349104
86 1.99811 0.0399843
86 2.99554 -0.00733849
86 3.99513 -0.00592842
86 4.99445 -0.0240328
86 5.994 -0.0505656
86 6.99369 -0.0720815
86 7.99324 -0.0977427
86 8.99301 -0.107479
86 9.99282 -0.114027
86 10.9926 -0.120575
86 11.4919 -0.103146
86 12.3555 0.0765354
86 12.5212 1.56736
86 12.6868 3.05819
86 12.8555 0.0698685
86 13.3554 0.0622591
86 13.8552 0.0488375
86 14.355 0.0354158
86 14.8549 0.0219942
86 15.3547 0.0085725

87 0.478986 -0.14343
87 1.75018 -0.696567
87 2.21884 -0.870797
87 2.6875 -1.04503
87 3.67198 -1.0216
87 4.66123 -0.919225
87 5.14805 -0.835521
87 6.0573 -0.45012
87 6.49726 -0.222853
87 7.26156 0.419159
87 7.60431 0.782174
87 7.92741 1.16375
87 8.35011 2.05668
87 8.5984 3.01387

89 0 0
89 0.319924 0.384251
89 0.639848 0.768502

90 0 -0.75
90 0.267333 -0.327468
90 0.534666 0.0950637

91 0 0
91 0.304865 0.396304
91 0.609731 0.792609

92 0 0
92 0.499716 -0.0168385
92 1.48592 0.0817762
92 2.47213 0.180391
92 4.22389 0.381126
92 4.72361 0.364287
92 5.37749 -0.362976
92 5.8772 -0.379815
92 6.20417 -0.578174
92 6.2457 -1.07645
92 6.22036 -1.56926
92 6.09865 -2.05422

93 0.710473 0.703724
93 1.53601 1.22535
93 2.00631 1.3951

94 0 0.75
94 0.481717 0.883974
94 0.963434 1.01795
94 1.42529 1.10778
94 1.64449 0.658391
94 1.86369 0.209001
94 2.04844 -0.252569
94 2.16049 -0.739853
94 2.2777 -1.2259
94 2.41241 -1.70464
94 2.70445 -2.11049
94 3.05262 -2.4587
94 3.46606 -2.7399
94 3.87949 -3.0211
94 4.29292 -3.30229
94 4.7139 -3.56815
94 5.1891 -3.72366
94 5.6643 -3.87918
94 6.14787 -4.00579
94 6.63262 -4.12833
94 7.11183 -4.0199
94 7.59014 -3.87423
94 8.07481 -3.7525
94 8.56232 -3.64147
94 8.90654 -3.28414
94 9.244 -2.91519
94 9.58146 -2.54624

95 0 0.75
95 0.422557 0.482707
95 0.845114 0.215414
95 1.26767 -0.0518794
95 1.55518 -0.409086
95 1.63879 -0.902047
95 1.75012 -1.38912
95 1.90924 -1.85251
95 2.27666 -2.19163
95 2.64408 -2.53075
95 3.0115 -2.86987
95 3.37892 -3.20899
95 3.74634 -3.5481
95 4.13188 -3.85962
95 4.58916 -4.06185
95 5.05502 -4.23909
95 5.54009 -4.36036
95 6.03261 -4.42133
95 6.53261 -4.42179
95 7.02589 -4.37546
95 7.50555 -4.2343
95 7.95684 -4.0408
95 8.33699 -3.71602
95 8.73509 -3.41645
95 9.16658 -3.16383
95 9.55056 -2.8619
95 9.81908 -2.44012
95 10.0311 -1.99451
95 10.1458 -1.50784

96 0 0
96 0.421826 -0.268445
96 0.843652 -0.53689
96 1.26548 -0.805335
96 1.54663 -1.16651
96 1.62706 -1.66

97 0 0
97 0.421826 -0.268445
97 0.843652 -0.53689
97 1.26548 -0.805335
97 1.54663 -1.16651
97 1.62706 -1.66

98 0 0
98 0.421356 -0.269183
98 0.842712 -0.538365
98 1.26407 -0.807548
98 1.54496 -1.17014
98 1.63024 -1.66281

99 0.843233 -0.537547
99 2.05789 -1.92983
99 2.47815 -2.20071

100 0 0
100 0.421826 -0.268445
100 0.843652 -0.53689
100 1.26548 -0.805335
100 1.54976 -1.16598
100 1.6378 -1.65817

101 0 0
101 0.421617 -0.268774
101 0.843233 -0.537547
101 1.26485 -0.806321
101 1.54655 -1.16728
101 1.62714 -1.66075

102 0 0
102 0.421826 -0.268445
102 0.843652 -0.53689
102 1.26548 -0.805335
102 1.54768 -1.16634
102 1.63066 -1.65941

103 0 0
103 0.421565 -0.268854
103 0.843131 -0.537709
103 1.2647 -0.806563
103 1.54715 -1.169
103 1.63729 -1.6608

104 0 0
104 0.421565 -0.268854
104 0.843131 -0.537709
104 1.2647 -0.806563
104 1.54723 -1.16898
104 1.63756 -1.66075

105 0 0
105 0.421304 -0.269263
105 0.842609 -0.538526
105 1.26391 -0.807789
105 1.5436 -1.17217
105 1.63351 -1.66402

106 0 0
106 0.421826 -0.268445
106 0.843652 -0.53689
106 1.26548 -0.805335
106 1.54865 -1.16617
106 1.63398 -1.65884

107 0 0
107 0.421356 -0.269183
107 0.842712 -0.538365
107 1.26407 -0.807548
107 1.54714 -1.16975
107 1.63764 -1.66149

108 0 0
108 0.421826 -0.268445
108 0.843652 -0.53689
108 1.26548 -0.805335
108 1.5476 -1.16635
108 1.63041 -1.65945

109 0 0.75
109 0.422557 0.482707
109 0.845114 0.215414
109 1.26767 -0.0518794
109 1.55511 -0.409098
109 1.63854 -0.902088
109 1.74965 -1.38921
109 1.91139 -1.84893
109 2.30452 -2.15787
109 2.69766 -2.46682
109 3.09079 -2.77576
109 3.48393 -3.0847
109 3.87707 -3.39364
109 4.2702 -3.70258
109 4.66334 -4.01152
109 5.09182 -4.24829
109 5.5769 -4.36956
109 6.07055 -4.42137
109 6.57055 -4.42183
109 7.06657 -4.38206
109 7.55676 -4.28352
109 8.01976 -4.13753
109 8.35261 -3.76442
109 8.72374 -3.44429
109 9.1825 -3.24543
109 9.63961 -3.04497
109 9.82561 -2.58085

110 0 0.75
110 0.422296 0.482295
110 0.844593 0.21459
110 1.26689 -0.0531143
110 1.55249 -0.412161
110 1.63825 -0.904751
110 1.74808 -1.39226
110 1.91141 -1.8499
110 2.30426 -2.1592
110 2.69712 -2.4685
110 3.08997 -2.7778
110 3.48282 -3.0871
110 3.87568 -3.3964
110 4.26853 -3.7057
110 4.66138 -4.015
110 5.09069 -4.24656
110 5.5797 -4.35081
110 6.07626 -4.39391
110 6.57594 -4.41171
110 7.05159 -4.3247
110 7.49359 -4.09095
110 7.93559 -3.85721
110 8.37759 -3.62346
110 8.81527 -3.38187
110 9.24915 -3.13339
110 9.56214 -2.77998
110 9.74709 -2.31544

111 0 0
111 0.387803 -0.315608
111 0.775607 -0.631217
111 1.14522 -0.962922
111 1.4114 -1.38618
111 1.67758 -1.80944
111 1.79168 -2.29598

112 0 0
112 0.422087 -0.268035
112 0.844174 -0.536069
112 1.26626 -0.804104

113 0 0.75
113 0.422557 0.482707
113 0.845114 0.215414
113 1.26767 -0.0518794
113 1.55518 -0.409086
113 1.63879 -0.902047
113 1.75012 -1.38912
113 1.91294 -1.84816
113 2.30595 -2.15726
113 2.69896 -2.46637
113 3.09197 -2.77547
113 3.48498 -3.08457
113 3.87798 -3.39367
113 4.27099 -3.70278
113 4.664 -4.01188
113 5.09222 -4.24974
113 5.57646 -4.3743
113 6.06973 -4.42603
113 6.56973 -4.42356
113 7.06545 -4.38071
113 7.55487 -4.27842
113 8.01886 -4.13146
113 8.35658 -3.76275
113 8.72491 -3.43197
113 9.1566 -3.1797
113 9.54519 -2.88236
113 9.81643 -2.46233

114 0 0.75
114 0.422296 0.482295
114 0.844593 0.21459
114 1.26689 -0.0531143
114 1.5536 -0.411965
114 1.64207 -0.904075
114 1.75102 -1.39185
114 1.91481 -1.84839
114 2.30809 -2.15715
114 2.70136 -2.46592
114 3.09463 -2.77469
114 3.4879 -3.08345
114 3.88117 -3.39222
114 4.27445 -3.70099
114 4.66772 -4.00976
114 5.09705 -4.2454
114 5.58142 -4.36945
114 6.0749 -4.4234
114 6.57488 -4.42733
114 7.0665 -4.37126
114 7.5463 -4.23058
114 7.98929 -4.02184
114 8.36964 -3.6973
114 8.77237 -3.40424
114 9.20406 -3.15197
114 9.57305 -2.83494
114 9.83914 -2.41162

115 0 0.75
115 0.421826 0.481555
115 0.843652 0.21311
115 1.26548 -0.0553347
115 1.54991 -0.415951
115 1.63833 -0.908072
115 1.74955 -1.39531
115 1.91711 -1.85031
115 2.31005 -2.1595
115 2.70299 -2.4687
115 3.09592 -2.77789
115 3.48886 -3.08709
115 3.88179 -3.39628
115 4.27473 -3.70548
115 4.66767 -4.01467
115 5.09702 -4.24959
115 5.58209 -4.37086
115 6.0759 -4.42137
115 6.5759 -4.42183
115 7.06742 -4.36324
115 7.54708 -4.22208
115 7.99066 -4.01373
115 8.37321 -3.69178
115 8.78925 -3.42347
115 9.2465 -3.22118
115 9.66504 -2.98152
115 9.85104 -2.51741

116 0 0.75
116 0.422348 0.482376
116 0.844695 0.214753
116 1.26704 -0.052871
116 1.55502 -0.409876
116 1.63862 -0.902838
116 1.74785 -1.39044
116 1.91161 -1.84785
116 2.30501 -2.15646
116 2.69841 -2.46507
116 3.0918 -2.77367
116 3.4852 -3.08228
116 3.8786 -3.39088
116 4.272 -3.69949
116 4.6654 -4.00809
116 5.09429 -4.24469
116 5.57866 -4.36875
116 6.07203 -4.42538
116 6.57197 -4.43278
116 7.06279 -4.37666
116 7.54042 -4.22877
116 7.98429 -4.01909
116 8.36685 -3.69714
116 8.77061 -3.40526
116 9.20231 -3.15299
116 9.57197 -2.83665
116 9.83806 -2.41334

117 0 0.75
117 0.422557 0.482707
117 0.845114 0.215414
117 1.26767 -0.0518794
117 1.55511 -0.409098
117 1.63854 -0.902088
117 1.74789 -1.38965
117 1.91249 -1.84667
117 2.30543 -2.15587
117 2.69836 -2.46506
117 3.0913 -2.77425
117 3.48423 -3.08345
117 3.87717 -3.39264
117 4.27011 -3.70184
117 4.66304 -4.01103
117 5.09286 -4.24144
117 5.58198 -4.34518
117 6.07855 -4.38967
117 6.57813 -4.41021
117 7.07375 -4.38062
117 7.56395 -4.28208
117 8.02464 -4.13206
117 8.35749 -3.75895
117 8.73047 -3.44137
117 9.18922 -3.24251
117 9.64233 -3.03816
117 9.82834 -2.57405

118 0 0.75
118 0.421617 0.481226
118 0.843233 0.212453
118 1.26485 -0.0563212
118 1.5499 -0.416706
118 1.63867 -0.908764
118 1.74996 -1.39599
118 1.91772 -1.85078
118 2.31065 -2.15998
118 2.70359 -2.46917
118 3.09652 -2.77837
118 3.48946 -3.08756
118 3.8824 -3.39676
118 4.27533 -3.70595
118 4.66827 -4.01515
118 5.09776 -4.24978
118 5.58283 -4.37104
118 6.07664 -4.42545
118 6.57658 -4.43285
118 7.07189 -4.39324
118 7.56074 -4.28824
118 8.02171 -4.13533
118 8.35457 -3.76223
118 8.69717 -3.39862
118 9.06146 -3.05614
118 9.42576 -2.71367
118 9.79006 -2.37119

119 0.844695 -0.535247
119 1.73858 -0.96916
119 2.21012 -1.13545

120 0 0
120 0.422818 -0.266881
120 0.845635 -0.533761
120 1.26845 -0.800642
120 1.55784 -1.156
120 1.63909 -1.64935

121 0 0
121 0.422818 -0.266881
121 0.845635 -0.533761
121 1.26845 -0.800642
121 1.55582 -1.15632
121 1.6319 -1.6505

122 0 0
122 0.422557 -0.267293
122 0.845114 -0.534586
122 1.26767 -0.801879
122 1.55518 -1.15909
122 1.63879 -1.65205

123 0 0
123 0.422348 -0.267624
123 0.844695 -0.535247
123 1.26704 -0.802871
123 1.55502 -1.15988
123 1.63862 -1.65284

124 0 0
124 0.422348 -0.267624
124 0.844695 -0.535247
124 1.26704 -0.802871
124 1.55502 -1.15988
124 1.63862 -1.65284

125 0 0
125 0.421407 -0.269102
125 0.842815 -0.538204
125 1.26422 -0.807306
125 1.54737 -1.1679
125 1.63032 -1.66097

126 0 0
126 0.411493 -0.284031
126 0.822986 -0.568062
126 1.23448 -0.852093
126 1.46187 -1.25305
126 1.54401 -1.74625

127 0 0
127 0.409495 -0.286904
127 0.81899 -0.573807
127 1.22849 -0.860711
127 1.44335 -1.27031
127 1.52565 -1.76349

128 0.820359 -0.571848
128 1.16896 -0.213407
128 1.51755 0.145035

129 0 0
129 0.378309 0.326928
129 0.756618 0.653857

130 0 0
130 0.37836 0.32687
130 0.756719 0.65374

131 0 0
131 0.401743 0.297662
131 0.803485 0.595324

132 0 0
132 0.378565 0.326632
132 0.75713 0.653265

133 0 0
133 0.401743 0.297662
133 0.803485 0.595324

134 0 0
134 0.281626 -0.413143
134 0.563252 -0.826285

137 0 0
137 0.411179 -0.284486
137 0.822357 -0.568972
137 1.23354 -0.853457
137 1.46264 -1.25653
137 1.5566 -1.74762

138 0 0
138 0.410968 -0.28479
138 0.821935 -0.569581
138 1.2329 -0.854371
138 1.45731 -1.25815
138 1.54225 -1.75088

139 0 0
139 0.410968 -0.28479
139 0.821935 -0.569581
139 1.2329 -0.854371
139 1.45664 -1.25827
139 1.54042 -1.7512

140 0 0
140 0.41123 -0.284411
140 0.822461 -0.568822
140 1.23369 -0.853233
140 1.45723 -1.256
140 1.53663 -1.74965

141 0 0
141 0.41123 -0.284411
141 0.822461 -0.568822
141 1.23369 -0.853233
141 1.45867 -1.25576
141 1.5406 -1.749

142 0 0
142 0.410968 -0.28479
142 0.821935 -0.569581
142 1.2329 -0.854371
142 1.4578 -1.25807
142 1.54361 -1.75065

143 0 0
143 0.410968 -0.28479
143 0.821935 -0.569581
143 1.2329 -0.854371
143 1.4579 -1.25805
143 1.54387 -1.7506

144 0 0
144 0.410231 -0.28585
144 0.820463 -0.5717
144 1.23069 -0.85755
144 1.44842 -1.26458
144 1.5288 -1.75808

145 0.822882 -0.568212
145 1.97685 -1.99252
145 2.41318 -2.23668
