
1 0 -1.5
1 0.748781 -0.837183
1 1.49756 -0.174366

2 0 -1.5
2 0.748781 -0.837183
2 1.49756 -0.174366

3 0 -1.5
3 0.748781 -0.837183
3 1.49756 -0.174366

4 0 -1.5
4 0.749696 -0.838218
4 1.49939 -0.176436

5 0 -1.5
5 0.749289 -0.837757
5 1.49858 -0.175513

6 0 -1.5
6 0.748781 -0.837183
6 1.49756 -0.174366

7 0 -1.5
7 0.998721 -1.44945
7 1.99744 -1.3989
7 2.99566 -1.38557
7 3.99212 -1.38034
7 4.98807 -1.2904
7 5.9867 -1.24151
7 6.98588 -1.20111
7 7.98529 -1.16808
7 8.98509 -1.14847
7 9.98493 -1.13078
7 10.9848 -1.11671
7 11.9844 -1.08961
7 12.9837 -1.05135
7 13.9827 -1.00712
7 14.9815 -0.958621

8 17.1686 -0.87501
8 16.1692 -0.911703
8 15.17 -0.950187
8 14.1716 -1.00654
8 13.1729 -1.05709
8 12.1734 -1.08784
8 11.1738 -1.11405
8 10.1739 -1.12812
8 9.17399 -1.14476
8 8.17419 -1.16438
8 7.25788 -0.911846

9 0 -1.5
9 0.748781 -0.837183
9 1.49756 -0.174366

10 0 -1.5
10 0.748781 -0.837183
10 1.49756 -0.174366

11 0 -1.5
11 0.748781 -0.837183
11 1.49756 -0.174366

12 0 -1.5
12 0.748781 -0.837183
12 1.49756 -0.174366

13 0 -1.5
13 0.749289 -0.837757
13 1.49858 -0.175513

14 0 -1.5
14 0.748781 -0.837183
14 1.49756 -0.174366

15 0 -1.5
15 0.748881 -0.837296
15 1.49776 -0.174592

16 0 -1.5
16 0.712324 -0.79815
16 1.42465 -0.0962994

17 0 -1.5
17 0.993085 -1.3826
17 1.98903 -1.30701
17 2.98885 -1.28824
17 3.98867 -1.26947
17 4.98866 -1.26431
17 5.98864 -1.2597
17 6.98854 -1.24501
17 7.98845 -1.23496
17 8.98845 -1.2388
17 9.98843 -1.24121
17 10.9884 -1.22918
17 11.9883 -1.21715
17 12.9879 -1.19208
17 13.9872 -1.15407
17 14.9871 -1.14682
17 15.9871 -1.14299
17 16.9871 -1.13915
17 16.9871 -1.13915

18 0 -1.5
18 0.994836 -1.3985
18 1.99165 -1.35709
18 2.99101 -1.39283
18 3.99072 -1.40132
18 4.99066 -1.39079
18 5.99062 -1.38261
18 6.99062 -1.38083
18 7.99059 -1.38303
18 8.99042 -1.40132
18 9.99025 -1.41961
18 10.9901 -1.43351
18 11.9901 -1.44147
18 12.9899 -1.45805
18 13.9894 -1.48993
18 14.9889 -1.52181
18 15.9887 -1.53279
18 16.9887 -1.53595
18 17.9887 -1.53911

19 0 -1.5
19 0.98835 -1.3478
19 1.96712 -1.36992
19 2.96687 -1.39221
19 3.96669 -1.41098
19 4.96656 -1.42757
19 5.96642 -1.44416
19 6.96628 -1.46075
19 7.96563 -1.49679
19 8.96495 -1.53348
19 9.96428 -1.57018
19 10.9643 -1.57111
19 11.9643 -1.57113
19 12.9642 -1.57688
19 13.9641 -1.594
19 14.9639 -1.61112

20 0 -1.5
20 0.994863 -1.39877
20 1.99196 -1.34395
20 2.99192 -1.33862
20 3.99187 -1.32899
20 4.99183 -1.32358
20 5.9918 -1.3319
20 6.99176 -1.34023
20 7.99173 -1.34805
20 8.99169 -1.33912

21 0 -1.5
21 0.993659 -1.38756
21 1.97879 -1.25244
21 2.97553 -1.33302
21 3.97228 -1.41361
21 4.96209 -1.55508
21 4.96209 -1.55508
21 5.95139 -1.70096
21 6.94557 -1.80335
21 6.94557 -1.80335
21 7.9426 -1.88048
21 8.93913 -1.96363
21 9.93554 -2.04827
21 10.9332 -2.09707
21 11.9332 -2.08431
21 12.8409 -1.72708
21 13.7136 -1.23879
21 14.4851 -0.603182
21 15.2541 0.0361005
21 15.4188 1.02022
21 15.5781 2.00745

22 0 -1.5
22 0.999085 -1.45724
22 1.8646 -1.58522
22 2.82917 -1.32139
22 3.79374 -1.05756
22 4.58402 -0.447613
22 5.35757 0.183914
22 6.02955 0.924482
22 6.6259 1.72088
22 7.13563 2.58121
22 7.47001 3.51624
22 7.73728 4.47987
22 7.73794 5.47978
22 7.73794 6.47978
22 8.2744 7.32295

23 0 -1.5
23 0.973335 -1.72939
23 1.94667 -1.95878
23 2.8083 -1.7283
23 3.62964 -1.15785
23 4.23416 -0.367961
23 4.81448 0.446427
23 5.24121 1.34847
23 5.64721 2.26234
23 5.83279 3.23561
23 5.94088 4.22975

24 0 -1.5
24 0.992509 -1.62217
24 3.76887 -0.840783
24 4.62405 -0.323243
24 5.41387 0.29009
24 6.25401 0.804413
24 6.25401 0.804413
24 7.21508 1.08071
24 7.21508 1.08071
24 8.19556 1.14494
24 8.19556 1.14494
24 9.19083 1.04773
24 9.19083 1.04773
24 9.19083 1.04773
24 10.0142 0.508383
24 10.8139 -0.0921134
24 11.6135 -0.69261
24 12.4131 -1.29311
24 12.4131 -1.29311
24 12.9343 -2.13838
24 12.9343 -2.13838

25 0.979288 -1.29753
25 0.979288 -1.29753
25 1.95005 -1.14801
25 1.95005 -1.14801
25 1.95005 -1.14801
25 2.81631 -1.64759
25 2.81631 -1.64759
25 3.398 -2.44744
25 3.398 -2.44744
25 3.398 -2.44744
25 3.398 -2.44744
25 3.398 -2.44744
25 3.398 -2.44744
25 3.398 -2.44744

26 0 -1.5
26 0.994173 -1.60779
26 1.98921 -1.69844
26 2.98918 -1.69092
26 3.98379 -1.65805
26 4.90111 -1.2599
26 5.81843 -0.861752
26 6.64253 -0.301529
26 7.44793 0.291198
26 8.21301 0.933351
26 8.95541 1.60332
26 9.6978 2.27328
26 10.2895 3.07849
26 10.8758 3.88861
26 11.4825 4.68355
26 12.0621 5.4799

27 0 -1.5
27 0.997011 -1.42274
27 1.9821 -1.31135
27 2.97757 -1.21625
27 3.93265 -0.937078
27 4.87029 -0.592447
27 5.75498 -0.126259
27 6.63228 0.352486
27 7.4696 0.899194
27 8.24165 1.51532
27 8.83884 2.31742
27 9.3952 3.14736
27 9.92374 3.99627
27 10.2734 4.92448
27 10.5476 5.88617
27 10.6027 6.86556
27 10.6514 7.85788
27 10.7975 8.84312
27 11.3188 9.69648

28 0 0
28 0 0
28 0 0
28 0 0
28 0 0
28 0 0
28 0 0
28 0 0
28 0 0
28 0 0
28 0 0
28 0 0
28 0 0
28 0 0
28 0 0
28 0 0
28 0 0
28 0 0
28 0 0
28 0 0
28 0 0
28 0 0

29 0.969848 -1.25629
29 0.969848 -1.25629
29 1.93998 -1.27559
29 2.91796 -1.38361
29 3.9095 -1.25383
29 5.80641 -0.70238
29 6.70942 -0.272777
29 6.70942 -0.272777
29 6.70942 -0.272777
29 6.70942 -0.272777
29 6.70942 -0.272777
29 6.70942 -0.272777
29 6.70942 -0.272777
29 6.70942 -0.272777
29 6.70942 -0.272777
29 6.70942 -0.272777
29 6.70942 -0.272777
29 6.70942 -0.272777
29 6.70942 -0.272777
29 6.70942 -0.272777
29 6.70942 -0.272777

30 0 -1.5
30 0.998325 -1.44215
30 1.99194 -1.34984
30 2.99193 -1.34633
30 3.99193 -1.34283
30 4.99054 -1.39483
30 5.98914 -1.44785
30 6.98821 -1.42846
30 7.98742 -1.38876
30 8.98682 -1.35458
30 9.98643 -1.32664
30 10.986 -1.2987
30 11.8911 -0.980182
30 12.7155 -0.414286
30 13.54 0.15161
30 14.3645 0.717507
30 14.8382 1.46254
30 14.8132 2.46223
30 14.7882 3.46192
30 14.7632 4.46161
30 14.7382 5.46129
30 14.7132 6.46098
30 14.6882 7.46067
30 14.6632 8.46036
30 14.3724 9.37405
30 13.8071 10.199
30 13.1132 10.9161
30 12.4004 11.6175

31 0 -1.5
31 0.998073 -1.56206
31 1.98696 -1.63275

32 0 -1.5
32 0.986297 -1.66498
32 1.97259 -1.82996
32 2.77879 -1.43555
32 3.51707 -0.765671
32 4.33258 -0.186919
32 5.14808 0.391833
32 5.93866 1.00115
32 6.66974 1.68345
32 7.40081 2.36574
32 8.19129 2.9749
32 9.00871 3.5509
32 9.73802 4.23508
32 10.4673 4.91926
32 11.1966 5.60344
32 11.928 6.28542
32 12.6705 6.95519
32 13.4131 7.62496

33 0 -1.5
33 0.999593 -1.52854
33 1.99853 -1.5347
33 2.99853 -1.53875
33 3.9984 -1.55458
33 4.99824 -1.57193
33 5.99781 -1.60135
33 6.99738 -1.63076
33 7.99723 -1.64437
33 8.99721 -1.65184
33 9.99713 -1.66264
33 10.9969 -1.68229
33 11.9967 -1.70195
33 12.9967 -1.71421
33 13.9966 -1.72448
33 14.9965 -1.72993
33 15.9963 -1.70763
33 16.9958 -1.72023
33 17.9951 -1.75647
33 18.9945 -1.79271

34 0 -1.5
34 0.99835 -1.44258
34 1.99268 -1.44183
34 2.98801 -1.53052
34 3.9865 -1.57934
34 4.98618 -1.60447
34 5.98587 -1.6296
34 6.98562 -1.65141
34 7.98545 -1.66967
34 8.98529 -1.68793
34 9.98409 -1.73505
34 10.9827 -1.78813
34 11.9813 -1.84122
34 12.9806 -1.87499
34 13.9803 -1.89766
34 14.9801 -1.92033
34 15.9799 -1.9365
34 16.9798 -1.95217

35 0 -1.5
35 0.958348 -1.2144
35 1.91523 -1.1799
35 2.91413 -1.22678
35 3.90701 -1.33424
35 4.8956 -1.48486
35 5.88649 -1.61704
35 6.88185 -1.71322
35 7.87755 -1.80561
35 8.87428 -1.88645
35 9.87116 -1.96007
35 10.8704 -1.92184
35 11.8541 -1.79849
35 12.802 -1.48004
35 13.7328 -1.15083
35 13.6059 -0.158912

36 0 -1.5
36 0.994592 -1.60386
36 1.98938 -1.70463
36 2.94209 -1.47104
36 3.86851 -1.09455
36 4.65056 -0.485133
36 5.38287 0.192974
36 5.99319 0.985126
36 6.55762 1.79733
36 6.72414 2.78337
36 6.84449 3.76946
36 6.68018 4.75587

37 0 -1.5
37 0.995608 -1.59362
37 1.99122 -1.68724
37 2.92387 -1.38113
37 3.80807 -0.914025
37 4.65241 -0.389243
37 5.40192 0.272755
37 6.14436 0.941589
37 6.78132 1.71248
37 7.49235 2.39201
37 8.37837 2.85564

38 0.985128 -1.32818
38 1.97026 -1.15635
38 1.97026 -1.15635
38 1.97026 -1.15635
38 1.97026 -1.15635
38 1.97026 -1.15635
38 1.97026 -1.15635
38 1.97026 -1.15635
38 1.97026 -1.15635
38 1.97026 -1.15635
38 1.97026 -1.15635
38 1.97026 -1.15635
38 1.97026 -1.15635
38 1.97026 -1.15635

39 0 -1.5
39 0.994356 -1.60609
39 1.9763 -1.65558
39 2.83498 -1.14307
39 3.67367 -0.59958
39 4.49441 -0.0282755
39 5.31462 0.543702
39 6.07427 1.19404
39 6.83391 1.84438
39 7.56691 2.5244
39 8.29487 3.21001
39 8.83773 4.0407
39 9.29829 4.92559
39 9.63002 5.86897
39 9.96175 6.81234
39 10.2935 7.75572

40 0 -1.5
40 0.994921 -1.39934
40 1.99123 -1.31551
40 2.98088 -1.17567
40 5.70153 -0.0334347
40 6.5451 0.503593
40 7.89692 1.92299
40 8.36129 2.80523
40 8.8435 3.6737
40 9.47356 4.45024
40 10.1425 5.18952
40 10.1425 5.18952
40 10.9131 5.82475
40 11.7326 6.39781
40 12.5346 6.99313

41 0 0
41 0 -1

42 0 0
42 0 0
42 0 0
42 0 0
42 0 0
42 0 0
42 0 0
42 0 0
42 0 0
42 0 0
42 0 0
42 0 0
42 0 0
42 0 0
42 0 0
42 0 0
42 0 0
42 0 0
42 0 0
42 0 0
42 0 0
42 0 0
42 0 0

43 0 -1.5
43 0.994177 -1.39224
43 2.89171 -1.03155
43 3.86475 -0.800915
43 4.83813 -0.616988
43 4.83813 -0.616988
43 4.83813 -0.616988
43 5.81441 -0.833505
43 6.79069 -1.05002
43 7.76697 -1.26654
43 8.73519 -1.51094
43 9.67661 -1.84819
43 10.618 -2.18544
43 10.618 -2.18544
43 10.618 -2.18544
43 10.618 -2.18544
43 10.618 -2.18544

44 0 -1.5
44 0.989227 -1.35361
44 1.97666 -1.31537
44 2.9736 -1.31273
44 3.97295 -1.27667
44 4.97242 -1.24445
44 5.972 -1.21546
44 6.97158 -1.18647
44 7.85354 -0.804113
44 8.6711 -0.228267
44 9.48866 0.34758
44 10.3062 0.923426
44 10.8177 1.74068
44 11.1872 2.6699
44 11.4043 3.63824
44 11.5279 4.63057
44 11.5662 5.6282
44 11.5662 6.6282

45 0 -1.5
45 0.989655 -1.35653
45 1.96979 -1.16875
45 2.86164 -0.720112
45 3.74684 -0.254901

46 0 -1.5
46 0.999186 -1.45966
46 1.99573 -1.38575
46 2.98896 -1.26953
46 3.98589 -1.22356
46 4.9857 -1.23111
46 5.9822 -1.14751
46 6.97875 -1.0645
46 7.97532 -0.981698
46 8.9718 -0.897952
46 9.96763 -0.806659
46 10.9634 -0.715366
46 11.9599 -0.631743
46 12.957 -0.555323
46 13.8809 -0.242866
46 14.7463 0.258194

47 0 -1.5
47 0.999763 -1.47821
47 1.98932 -1.47194
47 2.98904 -1.44807
47 3.98881 -1.4385
47 4.98869 -1.45408
47 5.98857 -1.46966
47 6.98833 -1.49088
47 7.98799 -1.51721
47 8.98764 -1.54338
47 9.98737 -1.56675
47 10.9871 -1.59011
47 11.9869 -1.61087
47 12.9867 -1.62803
47 13.9866 -1.6452
47 14.9864 -1.66237
47 15.9864 -1.67172
47 16.9864 -1.67356
47 17.9864 -1.6754

48 0 -1.5
48 0.995792 -1.40836
48 1.92614 -1.4271
48 2.92605 -1.41364
48 3.92585 -1.41363
48 4.92541 -1.44334
48 5.92496 -1.47304
48 6.92453 -1.50234
48 7.92421 -1.52798
48 8.92388 -1.55362
48 8.92388 -1.55362
48 9.92374 -1.54573
48 9.92374 -1.54573
48 9.92374 -1.54573
48 9.92374 -1.54573
48 9.92374 -1.54573
48 8.92388 -1.55362
48 9.92374 -1.54573
48 10.9236 -1.53159
48 10.9236 -1.53159
48 11.9222 -1.56093
48 11.9222 -1.56093
48 12.9192 -1.63775
48 12.9192 -1.63775
48 12.9192 -1.63775
48 13.909 -1.76336
48 13.909 -1.76336
48 14.8856 -1.97876
48 15.8621 -2.19416
48 15.8621 -2.19416
48 16.8386 -2.40956
48 17.8151 -2.62496

49 0 -1.5
49 0.99547 -1.40493
49 1.98712 -1.28751
49 2.98711 -1.29185
49 3.9871 -1.29618
49 4.9801 -1.20578
49 5.94762 -0.989136
49 6.83998 -0.537804
49 7.70945 -0.0555667
49 8.40128 0.666488
49 9.069 1.40663
49 9.56828 2.27307
49 10.0158 3.16557
49 10.4145 4.08264
49 10.5653 5.05129
49 10.5653 6.05129

50 0 -1.5
50 0.991127 -1.63292
50 1.98225 -1.76583
50 2.94583 -1.53106
50 3.71722 -0.915127
50 4.4562 -0.241399
50 4.95787 0.615209
50 5.42107 1.50146
50 5.71133 2.45504
50 5.96931 3.4212
50 6.02531 4.41218
50 6.00903 5.41205

51 0 -1.5
51 0 -1.5

52 0 -1.5
52 0.988704 -1.35012
52 1.97741 -1.20024
52 1.97741 -1.20024
52 1.97741 -1.20024
52 1.97741 -1.20024
52 3.33472 -2.62577
52 4.03772 -3.33526
52 4.03772 -3.33526
52 4.69533 -4.08862
52 5.35294 -4.84197
52 7.59622 -6.70505
52 8.53801 -7.04126
52 9.5022 -7.30376
52 10.4718 -7.54853
52 11.4414 -7.79331
52 12.4109 -8.03809
52 13.3805 -8.28287
52 14.3501 -8.52765
52 15.3197 -8.77242

53 0 -1.5
53 0.99887 -1.54752
53 1.95978 -1.43336
53 2.87457 -1.03222
53 3.79964 -0.652436
53 4.7155 -0.252664
53 5.60504 0.204198
53 6.49457 0.66106
53 7.32679 1.21489
53 8.14064 1.79141
53 8.80462 2.53917
53 9.45013 3.30249
53 10.0748 4.08336
53 10.5793 4.9287
53 11.0322 5.79079
53 11.4457 6.61925
53 11.4457 7.61925
53 11.5097 8.61708

54 0 -1.5
54 0.991989 -1.62633
54 2.9056 -1.32207
54 4.61944 -0.316634
54 4.61944 -0.316634
54 5.50942 0.128314
54 6.42949 0.52006
54 6.42949 0.52006
54 6.42949 0.52006
54 6.42949 0.52006
54 6.42949 0.52006
54 6.42949 0.52006
54 6.42949 0.52006
54 6.42949 0.52006
54 6.42949 0.52006
54 6.42949 0.52006
54 6.42949 0.52006
54 6.42949 0.52006
54 6.42949 0.52006
54 6.42949 0.52006

55 0.983985 -1.32175
55 1.96797 -1.1435
55 1.96797 -1.1435
55 2.93458 -1.248
55 3.9235 -1.39641
55 4.91379 -1.50361
55 5.91036 -1.42082
55 7.84043 -1.02104
55 8.74386 -0.592284
55 9.69721 -0.344081
55 9.69721 -0.344081
55 10.6926 -0.247722
55 11.6879 -0.151364
55 12.6833 -0.0550053
55 13.6786 0.0413532
55 14.6739 0.137712
55 14.6739 0.137712
55 14.6739 0.137712
55 14.6739 0.137712
55 14.6739 0.137712
55 14.6739 0.137712
55 14.6739 0.137712
55 14.6739 0.137712
55 14.6739 0.137712
55 14.6739 0.137712
55 14.6739 0.137712
55 14.6739 0.137712
55 14.6739 0.137712
55 14.6739 0.137712
55 14.6739 0.137712

56 0 -1.5
56 0.999636 -1.47304
56 1.99801 -1.42266
56 2.99768 -1.41377
56 3.99768 -1.41284
56 4.99638 -1.45879
56 5.99479 -1.51504
56 6.99414 -1.51883
56 7.99392 -1.49786
56 8.97308 -1.36693
56 9.91258 -1.02436
56 10.8521 -0.681786
56 11.7916 -0.339213
56 12.7311 0.00336001
56 13.6705 0.345933
56 14.61 0.688506
56 14.9974 1.3765
56 14.8944 2.37119
56 14.7915 3.36588
56 14.6886 4.36057
56 14.5857 5.35526
56 14.4828 6.34995
56 14.3799 7.34464
56 14.2769 8.33933
56 13.7443 9.17661
56 13.1804 10.0025
56 12.6165 10.8283

57 0 -1.5
57 0.999722 -1.52358
57 3.70804 -0.494165
57 3.70804 -0.494165
57 3.70804 -0.494165
57 3.70804 -0.494165
57 3.70804 -0.494165
57 3.70804 -0.494165

58 0 -1.5
58 0.999046 -1.45633
58 1.99535 -1.39208
58 2.97087 -1.17217
58 3.93409 -0.908507
58 4.88136 -0.588078
58 5.82863 -0.267648
58 6.80142 -0.0394864
58 7.77238 0.195163
58 8.71873 0.518306
58 9.66508 0.841449
58 10.6114 1.16459
58 11.5572 1.48939
58 12.5012 1.81936
58 13.4452 2.14932
58 14.393 2.46806
58 15.3425 2.78183
58 16.282 3.1237
58 17.1586 3.5782
58 17.9216 4.22463
58 18.6846 4.87105
58 19.4476 5.51748

59 0 -1.5
59 0.992096 -1.37452
59 1.92628 -1.43227
59 2.92491 -1.48455
59 3.92481 -1.48449
59 4.9248 -1.48054
59 5.92478 -1.47449
59 6.92474 -1.46564
59 7.92467 -1.46459
59 8.92451 -1.48223
59 9.92436 -1.49987
59 10.9242 -1.51439
59 11.9242 -1.52332
59 12.9241 -1.53369
59 13.9241 -1.54753
59 14.924 -1.56137
59 15.9239 -1.57151
59 16.9239 -1.57712
59 17.9239 -1.58273
59 18.9238 -1.58833

60 0 -1.5
60 0.99925 -1.46127
60 1.9985 -1.42254
60 2.99837 -1.43274
60 3.99826 -1.44197
60 4.99789 -1.46912
60 5.99752 -1.496
60 6.99739 -1.51236
60 7.99726 -1.52872
60 8.99717 -1.54035
60 9.99716 -1.54525
60 10.9971 -1.55015
60 11.9971 -1.54703
60 12.997 -1.53333
60 13.9969 -1.51963
60 14.932 -1.45289

61 0 -1.5
61 0.988718 -1.35021
61 1.98157 -1.30802
61 2.98026 -1.33739
61 3.98021 -1.32721
61 4.98019 -1.32221
61 5.98019 -1.32115
61 5.98019 -1.32115
61 6.97771 -1.29263
61 7.96178 -1.11486
61 8.8604 -0.687062
61 9.74744 -0.225354
61 10.5098 0.414227
61 11.2465 1.09046
61 11.8299 1.89356
61 12.3495 2.74637
61 12.5257 3.73072
61 12.6649 4.71997
61 12.7509 5.71627
61 12.6159 6.69647
61 12.3864 7.66979
61 12.0126 8.59459
61 11.6077 9.50899

62 0 -1.5
62 0.998027 -1.56279
62 1.92568 -1.80081
62 2.84715 -1.53359
62 3.72868 -1.07432
62 4.56525 -0.526458
62 5.21117 0.204875
62 5.7265 1.06186
62 6.02953 1.99582
62 6.18311 2.98396
62 6.24311 3.97932
62 6.24311 4.97932

63 0 -1.5
63 0.995657 -1.5931
63 1.94822 -1.52655
63 2.86799 -1.14094
63 3.7295 -0.633208
63 4.58964 -0.123516
63 5.35792 0.516596
63 6.17973 1.0577
63 7.13604 1.35006
63 8.11152 1.45807
63 8.11152 1.45807
63 9.10752 1.36873
63 10.0593 1.08804
63 10.9934 0.731087
63 10.9934 0.731087
63 11.7297 0.127653
63 12.2802 -0.70716
63 12.6659 -1.619
63 12.9529 -2.57692
63 13.2012 -3.54494
63 13.4184 -4.52108
63 13.6355 -5.49722
63 13.8526 -6.47336
63 14.0698 -7.4495
63 14.7582 -8.15716
63 15.4872 -8.84167
63 16.2162 -9.52619
63 16.9452 -10.2107

64 0.983454 -1.31884
64 0.983454 -1.31884
64 0.983454 -1.31884
64 1.86232 -1.50387
64 1.86232 -1.50387
64 2.58961 -2.189
64 2.58961 -2.189
64 3.24765 -2.94198
64 4.61472 -4.4005
64 5.31839 -5.11103
64 6.02207 -5.82155
64 6.72574 -6.53208
64 7.42941 -7.2426
64 7.42941 -7.2426
64 8.13308 -7.95313
64 8.13308 -7.95313
64 8.13308 -7.95313
64 8.13308 -7.95313
64 8.13308 -7.95313
64 8.13308 -7.95313
64 8.13308 -7.95313

65 0 -1.5
65 0.991891 -1.62709
65 1.98378 -1.75418
65 2.80155 -1.25361
65 3.72023 -0.858602
65 4.63789 -0.461507
65 5.51423 0.0201859
65 6.39057 0.501879
65 7.2253 1.05135
65 8.05146 1.61479
65 8.739 2.33984
65 9.38876 3.0969
65 9.95196 3.92322
65 10.5152 4.74954
65 11.0616 5.58704
65 11.4457 6.47322
65 11.4457 7.47322
65 11.5016 8.47136

66 0 -1.5
66 0.996273 -1.58625
66 1.97896 -1.68724

67 0 -1.5
67 0.994713 -1.39731
67 1.98921 -1.37493
67 2.97556 -1.53956
67 3.96192 -1.70419
67 4.95615 -1.65136
67 6.91268 -1.32951
67 7.83058 -0.932693
67 7.83058 -0.932693
67 7.83058 -0.932693
67 7.83058 -0.932693
67 7.83058 -0.932693
67 7.83058 -0.932693
67 7.83058 -0.932693
67 7.83058 -0.932693
67 7.83058 -0.932693
67 7.83058 -0.932693
67 7.83058 -0.932693
67 7.83058 -0.932693
67 7.83058 -0.932693
67 7.83058 -0.932693

68 0 -1.5
68 0.999792 -1.47959
68 1.98995 -1.5333
68 2.98796 -1.47021
68 3.98623 -1.451
68 4.98492 -1.50212
68 5.98388 -1.53362
68 6.98359 -1.50959
68 7.9833 -1.48556
68 8.92163 -1.15515
68 9.85343 -0.792188
68 10.7852 -0.429224
68 11.717 -0.0662594
68 12.6488 0.296705
68 13.5806 0.659669
68 14.131 1.31136
68 14.2272 2.30672
68 14.3235 3.30208
68 14.4197 4.29743
68 14.516 5.29279
68 14.6122 6.28815
68 14.7085 7.2835
68 14.8047 8.27886

69 0 -1.5
69 0.993325 -1.38465
69 1.89728 -1.55997
69 2.68776 -0.97686

70 0 -1.5
70 0.99349 -1.38608
70 1.96549 -1.3901
70 2.96201 -1.30666
70 3.95852 -1.22322
70 4.95591 -1.23333
70 5.95381 -1.29806
70 6.95075 -1.22222
70 7.94898 -1.16397
70 8.9477 -1.11351
70 9.94647 -1.06387
70 10.9455 -1.01953
70 11.9445 -0.975182
70 14.942 -0.853966
70 11.9445 -0.975182
70 11.9445 -0.975182
70 11.9445 -0.975182
70 16.0135 0.705504
70 16.0135 0.705504
70 16.0135 0.705504
70 16.0135 0.705504
70 16.9018 1.16461
70 16.9018 1.16461

71 18.0129 -1.11547
71 17.0133 -1.14399
71 16.0137 -1.17251
71 15.0141 -1.20103
71 14.0146 -1.232
71 13.0166 -1.29435
71 12.0182 -1.34563
71 11.0182 -1.34991
71 10.0182 -1.35418
71 9.01825 -1.36387
71 8.01835 -1.37822
71 7.01845 -1.39258
71 6.01901 -1.42346
71 5.01981 -1.46359
71 4.02092 -1.51008
71 3.0224 -1.56443
71 2.02346 -1.60919
71 1.02494 -1.55612
71 0.0264323 -1.50145

72 0 -1.5
72 0.999938 -1.48884
72 1.99988 -1.47768
72 2.99983 -1.46845
72 3.99953 -1.48638
72 4.99908 -1.51644
72 5.99878 -1.53676
72 6.99878 -1.53774
72 7.99878 -1.53871
72 8.99863 -1.55461
72 9.99846 -1.57294
72 10.9983 -1.59128
72 11.9981 -1.58586
72 12.9977 -1.56121
72 13.997 -1.52651
72 14.9948 -1.5352
72 15.9923 -1.60529

73 0 -1.5
73 0.993233 -1.38386
73 1.9422 -1.36946
73 2.94025 -1.31287
73 3.9402 -1.30286
73 4.94015 -1.29285
73 5.93115 -1.16932
73 6.88341 -0.906076
73 7.7765 -0.456188
73 8.60754 0.0715817
73 9.24574 0.841456
73 9.84596 1.63908
73 10.3854 2.48109
73 10.8017 3.38508
73 11.1564 4.32007
73 11.2682 5.30799
73 11.2899 6.29891

74 0 -1.5
74 0.984988 -1.67262
74 1.96998 -1.84524
74 2.8642 -1.6231
74 3.65727 -1.01396
74 4.33118 -0.293449
74 4.88546 0.538877
74 5.35275 1.41665
74 5.71925 2.34707
74 5.98676 3.29878
74 6.03525 4.2976

75 0.995417 -1.59563
75 2.90302 -1.46498
75 3.84623 -1.18395
75 3.84623 -1.18395
75 3.84623 -1.18395
75 4.84082 -1.28784
75 4.84082 -1.28784
75 5.79722 -1.52497
75 5.79722 -1.52497
75 5.79722 -1.52497
75 5.79722 -1.52497
75 6.69589 -1.96361
75 6.69589 -1.96361
75 6.69589 -1.96361
75 7.49079 -2.54525
75 7.49079 -2.54525
75 8.18656 -3.26352
75 8.65086 -4.09727
75 8.65086 -4.09727
75 8.65086 -4.09727
75 8.80629 -5.08511

76 0 -1.5
76 0.975235 -1.27883
76 1.85676 -1.5298
76 2.67483 -2.10492
76 3.49322 -2.67957
76 4.41795 -3.04416
76 5.36561 -3.36347
76 6.32803 -3.57328
76 7.32643 -3.51662
76 8.32284 -3.44744
76 9.29001 -3.19329
76 10.2572 -2.93914
76 11.1696 -2.5381
76 12.067 -2.09695
76 12.958 -1.64331
76 13.8382 -1.16867
76 14.7045 -0.675601
76 15.405 0.0380489
76 16.1024 0.75474
76 16.7975 1.47361

77 0 -1.5
77 0.997081 -1.42365
77 1.99321 -1.33715
77 2.98701 -1.22598
77 3.94125 -0.946558
77 4.88048 -0.603262
77 5.74827 -0.106422
77 6.61209 0.396862
77 7.43666 0.962618
77 8.21437 1.57801
77 8.82654 2.36874
77 9.38386 3.19597
77 9.87703 4.0659
77 10.1907 5.00179
77 10.3783 5.98405
77 10.5658 6.96631
77 10.7513 7.94895
77 10.9344 8.93204

78 0 0
78 0 0
78 0 0
78 0 0
78 0 0
78 0 0
78 0 0
78 0 0
78 0 0
78 0 0
78 0 0
78 0 0
78 0 0
78 0 0
78 0 0
78 0 0
78 0 0
78 0 0
78 0 0
78 0 0

79 0 0
79 0 0
79 0 0
79 0 0
79 0 0
79 0 0
79 0 0
79 0 0
79 0 0
79 0 0
79 0 0
79 0 0
79 0 0
79 0 0
79 0 0
79 0 0
79 0 0
79 0 0
79 0 0
79 0 0
79 0 0
79 0 0
79 0 0
79 0 0
79 0 0

80 0 -1.5
80 0.993697 -1.3879
80 1.98607 -1.37325
80 2.97637 -1.51224
80 3.90514 -1.17844
80 4.8269 -0.790662
80 5.64853 -0.237334
80 6.42001 0.398922
80 6.8546 1.28149
80 7.22689 2.2096
80 7.59919 3.13772
80 7.97149 4.06583
80 8.0968 5.0448
80 8.1214 6.04449
80 8.39543 6.87374
80 9.31787 7.25987

81 0 -1.5
81 0.994312 -1.39349
81 1.98754 -1.39985
81 2.91332 -1.04211
81 3.83307 -0.651447
81 4.4868 0.105285
81 5.14052 0.862018
81 5.79425 1.61875
81 6.24811 2.45168
81 6.26407 3.45155

82 0 -1.5
82 0.999436 -1.53359
82 1.98867 -1.47704
82 2.95532 -1.22095
82 3.91674 -0.949658
82 4.83594 -0.55587
82 5.75514 -0.162082
82 6.69357 0.179655
82 7.64742 0.479667
82 8.56899 0.867871
82 9.49056 1.25608
82 10.4121 1.64428
82 11.3337 2.03249
82 12.2552 2.42079
82 13.1768 2.80909
82 14.0962 3.20216
82 15.0077 3.61361
82 15.9252 4.01095
82 16.8492 4.3934
82 17.7662 4.79211

83 0 -1.5
83 0.999106 -1.45771
83 3.99156 -1.36985
83 3.99156 -1.36985
83 3.99156 -1.36985

84 0 -1.5
84 0.999356 -1.46411
84 1.99862 -1.42695
84 2.9933 -1.3239
84 3.99204 -1.28976
84 4.98112 -1.14257
84 5.9713 -1.0036
84 6.96491 -0.890736
84 7.95852 -0.77787
84 8.95413 -0.684967
84 9.95038 -0.598471
84 10.9468 -0.514508
84 11.9435 -0.432357
84 12.938 -0.329073
84 13.931 -0.211472
84 14.9254 -0.105249
84 15.9199 -0.00114577
84 16.9145 0.103039
84 17.9082 0.215219

85 0 -1.5
85 0.999307 -1.46279
85 1.99839 -1.4223
85 2.99314 -1.32003
85 3.99143 -1.27666
85 4.98158 -1.13664
85 5.97234 -1.00128
85 6.96493 -0.879743
85 7.95752 -0.758212
85 8.95293 -0.663343
85 9.94897 -0.574448
85 10.9448 -0.482745
85 11.9404 -0.389712
85 12.9354 -0.28959
85 13.9302 -0.188364
85 14.9251 -0.0871373
85 15.92 0.0140891
85 16.9148 0.115316

86 0 -1.5
86 0.999266 -1.4617
86 1.99833 -1.42044
86 2.99363 -1.3236
86 3.99191 -1.27678
86 4.98254 -1.14018
86 5.97353 -1.00632
86 6.96559 -0.880579
86 7.95765 -0.754835
86 8.95359 -0.665836
86 9.95007 -0.581972
86 10.9439 -0.472072
86 11.9374 -0.358623
86 12.9338 -0.273674
86 13.9301 -0.188498
86 14.9256 -0.0929606
86 15.921 0.00257705
86 16.9164 0.0981147

87 0 -1.5
87 0.999376 -1.46469
87 1.99857 -1.4267
87 2.99335 -1.32468
87 3.9915 -1.27665
87 4.98165 -1.13663
87 5.97241 -1.00127
87 6.965 -0.879734
87 7.95759 -0.758203
87 8.95372 -0.671882
87 9.95063 -0.593444
87 10.9441 -0.481354
87 11.9364 -0.358823
87 12.9329 -0.274836
87 13.9294 -0.190848
87 14.9241 -0.0890199
87 15.9186 0.0161613

88 0 -1.5
88 0.999376 -1.46469
88 1.99857 -1.4267
88 2.99335 -1.32468
88 3.9915 -1.27665
88 4.98165 -1.13663
88 5.97252 -1.00217
88 6.96555 -0.884256
88 7.95857 -0.766337
88 8.95308 -0.661893
88 9.94792 -0.560446
88 10.9441 -0.473408
88 11.9405 -0.388589
88 12.9356 -0.289571
88 13.9304 -0.1883
88 14.9251 -0.0850442
88 15.9197 0.0182116

89 1.30646 0.0143189
89 1.95969 0.771478
89 2.61292 1.52864

90 0 -1.5
90 0.753644 -0.842717
90 1.50729 -0.185434

91 0 -1.5
91 0.997884 -1.43498
91 1.99577 -1.36996
91 2.99365 -1.30493
91 3.99267 -1.27648
91 4.98282 -1.13647
91 5.9737 -1.00204
91 6.96672 -0.884116
91 7.95974 -0.766197
91 8.95426 -0.661773
91 9.9491 -0.560326
91 10.9453 -0.473308
91 11.9417 -0.388489
91 12.9376 -0.298194
91 13.9334 -0.207055
91 14.9282 -0.104951
91 15.9228 -0.000848204
91 16.9173 0.10307
91 17.9133 0.192929
91 18.9093 0.282788
91 19.9052 0.372647

92 0 -1.5
92 0.998108 -1.43851
92 1.99622 -1.37703
92 2.99432 -1.31554
92 3.99319 -1.2766
92 4.98381 -1.14
92 5.97492 -1.00709
92 6.96744 -0.885021
92 7.95996 -0.762949
92 8.95465 -0.660201
92 9.94962 -0.560094
92 10.9452 -0.466227
92 11.9409 -0.373306
92 12.9366 -0.280834
92 13.9323 -0.188291
92 14.9277 -0.0927536
92 15.9232 0.00278403
92 16.9186 0.0983216
92 17.9143 0.190403
92 18.9102 0.281325
92 19.906 0.372247

93 0 -1.5
93 0.99804 -1.43742
93 1.99608 -1.37485
93 2.99412 -1.31227
93 3.99306 -1.27662
93 4.98368 -1.14002
93 5.97467 -1.00618
93 6.96674 -0.880434
93 7.9588 -0.75469
93 8.95367 -0.654013
93 9.94894 -0.556801
93 10.9447 -0.464957
93 11.9405 -0.373337
93 12.9355 -0.273242
93 13.9305 -0.173297
93 14.9262 -0.0811535
93 15.922 0.0109899
93 16.9177 0.103103
93 17.9137 0.192962
93 18.9096 0.282821
93 19.9056 0.37268

94 0 -1.5
94 0.998124 -1.43878
94 1.99625 -1.37756
94 2.99437 -1.31634
94 3.99319 -1.27641
94 4.98333 -1.1364
94 5.97405 -1.00065
94 6.96644 -0.877509
94 7.95883 -0.754366
94 8.95324 -0.649044
94 9.94794 -0.546185
94 10.9435 -0.451573
94 11.9391 -0.358596
94 12.9356 -0.274609
94 13.932 -0.190621
94 14.9268 -0.0887356
94 15.9213 0.0164456
94 16.9157 0.12148
94 17.9115 0.2137
94 18.9072 0.305921
94 19.903 0.398142

95 0 -1.5
95 0.997971 -1.43633
95 1.99594 -1.37267
95 2.99391 -1.309
95 3.99272 -1.26811
95 4.98352 -1.13279
95 5.97473 -1.00057
95 6.96712 -0.877425
95 7.95951 -0.754282
95 8.95392 -0.648974
95 9.94862 -0.546115
95 10.9463 -0.478461
95 11.9441 -0.412296
95 12.9387 -0.310346
95 13.932 -0.195479
95 14.9269 -0.0942507
95 15.922 0.00445654
95 16.9171 0.103132
95 17.9125 0.199384
95 18.9078 0.295636
95 19.9032 0.391888

96 0 -1.5
96 0.998867 -1.45241
96 1.9976 -1.40282
96 2.99414 -1.31971
96 3.99275 -1.28055
96 4.9823 -1.13633
96 5.97285 -0.999808
96 6.966 -0.882941
96 7.95915 -0.766075
96 8.95425 -0.667615
96 9.94979 -0.573231
96 10.944 -0.466142
96 11.9382 -0.358556
96 12.9346 -0.273608
96 13.9309 -0.188551
96 14.9269 -0.0987113
96 15.9228 -0.00887193
96 16.9188 0.0809675
96 17.9135 0.183468
96 18.9078 0.290206
96 19.9021 0.396943

97 0 -1.5
97 0.999213 -1.46033
97 1.99824 -1.41787
97 2.99402 -1.32605
97 3.99239 -1.2809
97 4.98269 -1.14195
97 5.97344 -1.00633
97 6.9655 -0.88059
97 7.95756 -0.754847
97 8.95243 -0.654134
97 9.9477 -0.556922
97 10.9429 -0.458737
97 11.938 -0.36051
97 12.9336 -0.266933
97 13.9293 -0.173409
97 14.925 -0.0812659
97 15.9207 0.0108775
97 16.9165 0.102993
97 17.9125 0.192852
97 18.9084 0.282711
97 19.9044 0.372571

98 0 -1.5
98 0.999357 -1.46415
98 1.9985 -1.42524
98 2.99341 -1.32443
98 3.9917 -1.281
98 4.982 -1.14205
98 5.9729 -1.00775
98 6.96562 -0.887293
98 7.95834 -0.766833
98 8.95279 -0.661923
98 9.94764 -0.560475
98 10.9432 -0.466414
98 11.9389 -0.373493
98 12.9346 -0.281021
98 13.9303 -0.188607
98 14.9263 -0.0987679
98 15.9222 -0.00892855
98 16.9182 0.0809108
98 17.9129 0.183401
98 18.9072 0.290138
98 19.9015 0.396876

99 0 -1.5
99 0.998124 -1.43878
99 1.99625 -1.37756
99 2.99437 -1.31634
99 3.99349 -1.28721
99 4.98328 -1.14463
99 5.97352 -1.00538
99 6.96511 -0.875971
99 7.9567 -0.746562
99 8.95142 -0.644422
99 9.94657 -0.54613
99 10.9428 -0.459526
99 11.9391 -0.373442
99 12.9341 -0.273383
99 13.9291 -0.173302
99 14.9242 -0.0750572
99 15.9194 0.0231871
99 16.9146 0.121299
99 17.9109 0.206479
99 18.9073 0.291659
99 19.9037 0.37684

100 0 -1.5
100 0.998057 -1.43769
100 1.99611 -1.37538
100 2.99417 -1.31308
100 3.99328 -1.28301
100 4.9834 -1.1428
100 5.9739 -1.00533
100 6.96549 -0.875922
100 7.95708 -0.746512
100 8.9518 -0.644384
100 9.94696 -0.546092
100 10.9432 -0.459493
100 11.9395 -0.373409
100 12.9345 -0.273344
100 13.9295 -0.173535
100 14.9258 -0.0883188
100 15.9222 -0.00310224
100 16.9186 0.0821144
100 17.9141 0.17598
100 18.9094 0.272743
100 19.9047 0.369505

101 0 -1.5
101 0.999018 -1.45569
101 1.99789 -1.4091
101 2.99431 -1.32455
101 3.99301 -1.28714
101 4.98229 -1.14113
101 5.97236 -1.00086
101 6.96475 -0.877719
101 7.95714 -0.754576
101 8.95155 -0.64922
101 9.94624 -0.546361
101 10.9425 -0.460557
101 11.9389 -0.37552
101 12.9353 -0.290827
101 13.9317 -0.206188
101 14.9266 -0.105119
101 15.9212 -0.00101543
101 16.9157 0.10302
101 17.9109 0.201187
101 18.9061 0.299355
101 19.9012 0.397522

102 0 -1.5
102 0.999066 -1.45679
102 1.99794 -1.41076
102 2.99364 -1.31811
102 3.9921 -1.27656
102 4.98225 -1.13655
102 5.97308 -1.00171
102 6.96592 -0.882245
102 7.95876 -0.762777
102 8.9528 -0.653894
102 9.94702 -0.546475
102 10.9438 -0.46651
102 11.9407 -0.387754
102 12.9358 -0.289545
102 13.9307 -0.188409
102 14.926 -0.0912445
102 15.9212 0.00591946
102 16.9165 0.103072
102 17.9119 0.199324
102 18.9072 0.295576
102 19.9026 0.391827

103 0 -1.5
103 0.999169 -1.45924
103 1.99815 -1.41568
103 2.99383 -1.32278
103 3.99246 -1.28736
103 4.98225 -1.14478
103 5.9726 -1.00644
103 6.96467 -0.880696
103 7.95673 -0.754952
103 8.9511 -0.649266
103 9.9458 -0.546407
103 10.9435 -0.478649
103 11.9413 -0.412484
103 12.9358 -0.310672
103 13.9292 -0.195805
103 14.9241 -0.0945309
103 15.9192 0.00417637
103 16.9143 0.102878
103 17.9095 0.201045
103 18.9046 0.299213
103 19.8998 0.39738

104 0 -1.5
104 0.999158 -1.45897
104 1.99812 -1.41502
104 2.99385 -1.32267
104 3.99235 -1.28509
104 4.98232 -1.14379
104 5.97298 -1.00774
104 6.9657 -0.887284
104 7.95842 -0.766824
104 8.95287 -0.661915
104 9.94771 -0.560467
104 10.9439 -0.473426
104 11.9403 -0.388607
104 12.9346 -0.28252
104 13.9287 -0.173466
104 14.9244 -0.0813221
104 15.9201 0.0108214
104 16.9159 0.102939
104 17.9118 0.192798
104 18.9078 0.282657
104 19.9038 0.372516

105 0 -1.5
105 0.99804 -1.43742
105 1.99608 -1.37485
105 2.99412 -1.31227
105 3.99315 -1.28498
105 4.98312 -1.14368
105 5.97373 -1.00724
105 6.96625 -0.885167
105 7.95877 -0.763095
105 8.9533 -0.658851
105 9.94811 -0.557071
105 10.9431 -0.456837
105 11.9381 -0.357456
105 12.9337 -0.263655
105 13.9294 -0.170373
105 14.9252 -0.0792343
105 15.921 0.0119042
105 16.9169 0.103107
105 17.9122 0.199358
105 18.9076 0.29561
105 19.9029 0.391862
