1 0.002759 1.499954
1 2.081808 -0.586962
2 0.002375 1.499954
3 -0.468052 1.332158
3 3.690300 0.238973
3 2.936890 0.535382
3 1.809800 0.603839
4 0.002994 1.499953
4 12.262383 2.676673
4 11.741583 3.793793
4 14.749383 3.932013
4 1.731383 1.733763
4 4.821723 3.425123
4 6.839193 2.211153
4 4.297653 2.070823
4 7.313203 3.682833
4 9.140963 2.423423
4 9.467393 3.823453
5 0.002991 1.499949
5 14.950246 3.984259
5 12.128946 2.647549
5 11.741446 3.781089
5 9.470106 3.833659
5 9.140816 2.423419
5 7.264636 3.658459
5 6.839026 2.203649
5 4.821576 3.425159
5 4.298816 2.065979
5 1.726946 1.730779
6 0.003016 1.499955
6 12.262423 2.676415
6 11.741623 3.806225
6 9.390003 3.790785
6 9.140943 2.413285
6 7.317663 3.690605
6 6.841253 2.210975
6 4.821753 3.430455
6 4.281703 2.062425
6 15.152423 4.037815
6 1.734463 1.739055
7 0.002998 1.499958
7 15.152516 4.037998
7 12.262416 2.676578
7 11.741616 3.781028
7 9.387226 3.791008
7 9.143716 2.413358
7 7.315486 3.690808
7 6.839226 2.211178
7 4.821776 3.425178
7 4.299006 2.066008
7 1.727126 1.732988
8 0.003000 1.499951
8 15.152395 4.054311
8 12.262295 2.663361
8 11.741495 3.793731
8 9.389925 3.790941
8 9.140895 2.423401
8 7.315365 3.682791
8 6.884225 2.225021
8 4.821675 3.425181
8 4.298915 2.070861
8 1.730715 1.736051
9 0.002997 1.499952
9 14.945934 3.984392
9 12.265934 2.663322
9 11.741434 3.793792
9 9.467294 3.823482
9 9.140844 2.423452
9 7.317524 3.690792
9 6.839074 2.211222
9 4.821624 3.430612
9 4.298854 2.070892
9 1.734354 1.737012
10 0.002968 1.499953
10 14.945915 3.984663
10 12.398515 2.706633
10 11.741515 3.794023
10 9.470135 3.823603
10 9.217015 2.433813
10 7.317535 3.690983
10 6.841165 2.211343
10 4.821625 3.425373
10 4.297555 2.071083
10 1.727595 1.730953
11 0.002996 1.499951
11 14.946077 4.000481
11 12.398677 2.706331
11 11.741577 3.793721
11 9.467427 3.823421
11 9.140967 2.423391
11 7.317657 3.690741
11 6.839197 2.211171
11 4.821747 3.425171
11 4.281707 2.057701
11 1.731377 1.733871
12 0.003006 1.499950
12 12.398766 2.706200
12 11.741666 3.780930
12 9.305606 3.759150
12 9.219966 2.443420
12 7.317736 3.690670
12 6.839246 2.203580
12 4.821816 3.425130
12 15.148066 4.054270
12 4.297706 2.070850
12 1.727746 1.730790
13 0.002980 1.499952
13 11.741658 3.806462
13 12.262458 2.676652
13 9.387248 3.801262
13 9.140998 2.413472
13 7.313248 3.674832
13 6.839248 2.211182
13 4.821778 3.425162
13 14.749358 3.931982
13 4.299028 2.065982
13 1.732028 1.735972
14 0.002990 1.499952
14 12.262398 2.676772
14 11.741598 3.781212
14 9.467428 3.823542
14 9.140998 2.423512
14 7.317658 3.690832
14 6.841288 2.203662
14 4.821748 3.425202
14 14.945998 3.984542
14 4.299008 2.066022
14 1.731418 1.736002
15 -0.085890 1.497487
15 13.744200 3.975857
15 12.522600 2.684387
15 10.623700 2.571627
15 10.442500 3.783707
15 7.912070 3.740227
15 7.515150 2.319427
15 5.858330 3.644027
15 5.296030 2.133067
15 3.302420 3.361197
15 2.720630 1.976847
16 -0.114790 1.495577
16 17.011540 3.003937
16 6.563040 3.407407
16 8.944140 2.384127
16 18.053340 13.107017
16 1.919130 3.157207
16 9.541040 3.510597
16 14.823540 2.840737
16 6.843640 2.225787
16 14.485140 2.782107
16 1.382980 1.770247
16 12.116640 2.694987
16 3.630340 1.954297
16 4.062510 3.385077
16 15.288240 2.925397
16 16.646440 2.946147
16 12.469240 3.782377
16 19.576840 3.180817
17 0.392400 1.447498
17 7.068000 3.657860
17 4.720800 1.837827
17 2.173200 1.004302
18 -1.017900 1.101590
18 14.300100 14.153830
18 23.058500 2.955530
18 22.306600 2.808960
18 18.345800 -0.850100
18 21.797800 2.735510
18 12.288600 15.253130
18 9.837800 14.687030
18 7.451900 13.430330
18 14.351800 4.588440
18 5.262900 13.887030
18 2.651800 13.743530
18 8.989700 6.874430
18 12.667700 6.214290
18 23.061200 3.813530
18 6.226000 6.380820
18 20.275200 3.031310
18 3.474700 5.362850
18 12.012000 5.876840
18 22.089900 3.627210
18 1.104300 3.775840
18 -0.723500 1.735070
19 -1.262000 0.810300
19 14.695700 9.109400
19 12.887600 9.931000
19 12.253900 9.451400
19 10.837200 9.541000
19 10.570400 9.317300
19 8.807100 8.271800
19 6.352700 6.765200
19 4.401300 5.561900
19 2.187100 4.283400
19 0.075700 2.907000
19 13.636900 5.142000
20 0.847600 1.368900
20 10.693400 -9.913900
20 9.429900 -4.888500
20 9.679000 -7.001200
20 9.025600 -2.761400
20 8.086300 -0.963600
20 6.733500 0.716400
20 22.229300 -16.356950
20 4.588400 1.767800
20 1.891700 2.114400
20 -0.703600 1.627100
21 -0.667300 1.343290
21 10.968680 1.158300
21 12.029180 -2.719650
21 9.270280 2.829600
21 7.104150 3.310100
21 11.767180 -0.667010
21 11.858680 -0.662630
21 4.627740 3.262100
21 2.541670 2.547000
21 0.302220 1.736200
21 -1.619799 0.780830
22 0.095090 1.496848
22 11.587750 1.971328
22 13.842880 2.106428
22 14.304970 3.561588
22 9.092130 1.890648
22 12.644270 3.586418
22 6.800260 4.171418
22 9.868220 3.385478
22 3.700800 1.478428
22 6.542190 1.673688
22 1.197060 1.469358
23 -1.642200 0.966915
23 11.097700 15.898840
23 5.372700 7.349360
23 4.790900 6.760430
23 10.516300 9.825000
23 3.514000 5.317960
23 13.937200 10.772800
23 7.431800 8.516750
23 1.681500 2.826360
23 -0.781400 0.952444
24 0.044800 1.499100
24 2.602200 2.427780
24 1.342200 1.391070
24 3.751400 3.810620
24 3.792300 4.927920
25 -1.325300 0.702000
25 12.973700 10.310300
25 14.179800 9.092500
25 12.280800 9.744300
25 6.565800 7.131200
25 10.758100 9.738000
25 8.802100 8.466500
25 4.606300 5.895600
25 2.396500 4.566700
25 10.971800 9.916800
25 0.297600 3.175300
25 -1.591000 1.975200
25 -2.647100 0.409500
26 -0.277200 1.474100
26 15.859500 5.084300
26 14.637800 4.531200
26 14.575000 4.472300
26 12.544600 3.549000
26 10.446900 2.397400
26 6.908300 1.022800
26 5.190800 1.328000
26 3.647800 2.225400
26 1.814000 2.964000
26 -0.103400 2.594600
26 -2.047000 1.358200
27 -0.391200 1.387100
27 8.043000 4.936500
27 17.572700 -1.456400
27 17.525500 -3.512400
27 15.082700 3.978900
27 15.966700 2.314700
27 17.030000 0.608600
27 13.046900 5.011400
27 18.096000 -6.292400
27 10.585500 5.463700
27 18.391800 -6.396800
27 6.390600 4.148000
27 4.974900 3.755600
27 18.057400 -4.995800
27 2.785000 2.982200
27 0.942200 2.190100
27 -0.982600 1.278800
28 11.641300 17.646490
28 -3.141500 1.096450
28 6.143700 8.749190
28 0.241200 -5.099520
28 7.207000 12.628390
28 1.061600 -3.761640
28 -0.044400 1.479920
28 4.155000 4.837890
28 4.756600 5.945890
28 -2.823300 1.387460
28 3.242100 -4.026030
28 6.674100 10.328490
28 -1.992700 0.761960
28 -2.098100 0.685250
28 7.641700 14.761290
28 5.434600 7.136490
28 8.707500 16.542990
28 10.013300 18.200790
29 -0.098130 1.472920
29 9.552290 -3.699260
29 9.134590 -1.602490
29 8.344790 0.178330
29 6.634790 1.893520
29 4.322520 2.330620
29 1.672720 2.166820
29 -0.412810 1.374020
30 -0.034400 1.499607
30 14.390710 2.296147
30 14.200210 2.276017
30 14.560910 3.659387
30 11.263010 2.142057
30 11.362050 3.520877
30 8.888880 2.012917
30 9.441150 3.534017
30 6.852590 3.369637
30 6.172580 1.922657
30 3.704540 4.067027
30 3.465240 1.704847
30 0.600040 1.474207
31 0.122200 1.582975
31 15.847200 12.720095
31 19.961300 -0.073453
31 13.899900 8.450865
31 14.835400 10.204595
31 13.062300 7.189705
31 17.316000 1.782265
31 11.598200 2.352105
31 14.646400 13.793795
31 11.387600 5.727835
31 8.970700 2.211545
31 5.772300 2.037395
31 6.478200 3.233465
31 14.654700 2.552575
31 3.547600 3.028235
31 14.825000 10.153495
31 2.711100 1.855335
31 9.363100 4.013055
31 0.420200 1.707065
32 0.967000 0.791067
32 21.435600 7.273447
32 7.256400 -1.826573
32 18.238300 6.787757
32 13.198600 2.990697
32 12.083800 0.749398
32 16.615200 1.625947
32 9.792700 -1.049773
32 17.141000 6.266767
32 4.705200 -1.124316
32 15.249000 4.954907
32 2.499000 0.385611
32 0.734100 2.205157
33 -0.811200 1.367924
33 7.037500 15.510574
33 19.114200 4.985484
33 11.847800 16.510574
33 9.677800 15.724574
33 6.503700 19.232574
33 6.808000 15.015274
33 10.858900 8.610974
33 5.140200 7.094174
33 8.119900 8.228094
33 2.693900 5.508544
33 21.915900 4.403884
33 0.774400 3.467754
33 -1.113500 0.933241
34 0.841600 1.136880
34 9.941300 4.605510
34 11.039500 -0.128970
34 11.915900 2.503130
34 11.460500 3.708700
34 8.523900 5.786310
34 6.763000 6.940610
34 11.649400 1.216440
34 7.759300 -0.983160
34 2.734300 0.937360
34 5.437200 -0.237980
34 0.155500 2.025940
35 -0.818700 1.589480
35 0.163200 3.505660
35 -0.194000 5.022480
35 -1.347800 6.645210
36 -0.922000 1.182800
36 17.120000 5.841600
36 16.656400 5.697500
36 13.194200 5.481000
36 10.124900 7.234400
36 8.341200 6.956700
36 6.294300 5.618200
36 4.139500 4.304600
36 15.359200 5.437900
36 2.152800 2.993200
36 -0.032400 1.683800
36 12.246400 6.649200
36 -2.097900 0.249200
37 0.366600 1.475800
37 20.750400 -19.738830
37 4.943300 1.271500
37 11.070100 4.435700
37 8.648400 3.320000
37 6.853100 2.214800
37 3.220500 0.804600
37 1.425700 1.112100
37 -0.109600 1.954100
37 15.653700 6.305700
38 -0.499000 1.592500
38 12.184400 -3.775600
38 11.726900 -1.696000
38 7.552700 2.654800
38 9.739400 1.647600
38 11.219200 0.018800
38 4.944200 3.051300
38 2.376100 2.495500
38 0.724600 1.722100
38 -0.796200 1.186600
39 0.452470 2.237840
39 15.492060 -0.571960
39 15.232060 -2.525670
39 14.302260 -4.423200
39 14.696860 3.360520
39 12.716460 -5.880020
39 8.059250 5.323910
39 12.758960 4.996410
39 10.722310 -7.106287
39 6.055930 4.626410
39 3.811940 3.809110
39 1.848898 2.757620
39 0.001570 1.601900
39 10.599340 5.461510
39 -1.127310 1.018970
40 -0.058850 1.498837
40 13.354350 2.226027
40 14.467750 3.498357
40 14.492750 3.495037
40 11.244550 2.149187
40 8.280230 3.382677
40 7.926800 1.971517
40 6.203440 3.365377
40 5.582850 1.842417
40 11.190950 3.440267
40 3.625670 3.212187
40 2.916380 1.777507
40 0.273930 1.518127
41 0.639200 1.522856
41 20.690500 -2.670734
41 18.078300 -1.927174
41 16.220000 -0.418789
41 14.266000 1.457236
41 11.034600 2.142336
41 12.972000 12.575766
41 9.701900 6.775696
41 12.046700 10.060866
41 8.105700 5.370986
41 8.730600 2.099476
41 6.045600 3.638566
41 5.648100 1.870966
41 3.147700 2.863576
41 12.626900 12.207466
41 2.525500 1.733616
41 10.600000 7.984026
41 -0.600100 1.526536
42 -0.184100 1.141150
42 19.596000 8.636130
42 17.997500 1.606930
42 16.551800 11.477530
42 18.968200 1.703360
42 20.896700 1.498100
42 13.776900 3.629190
42 13.825200 13.370630
42 11.197100 4.883430
42 1.907000 12.715830
42 11.345700 13.887930
42 8.881000 13.346330
42 22.820800 2.656130
42 6.485200 12.051030
42 14.257900 3.809640
42 7.948800 5.796820
42 17.912900 9.863130
42 4.318200 12.467130
42 5.288700 5.413350
42 2.512600 4.471460
42 0.156800 2.893460
43 -1.554400 0.993200
43 18.654400 6.506100
43 16.482700 5.275200
43 13.175400 3.894400
43 11.265400 4.140400
43 7.851500 5.756800
43 9.599500 4.964900
43 17.801400 6.178300
43 6.082100 5.517400
43 4.072200 4.216700
43 1.771900 2.756000
43 -0.230100 1.418000
43 -2.343700 0.102400
44 -0.114100 1.384200
44 9.013200 -0.748800
44 5.492400 1.879400
44 7.572900 0.874900
44 2.898400 2.286300
44 9.913600 -2.494000
44 0.234500 1.617300
44 10.247600 -4.536700
45 0.271800 1.475050
45 16.524515 -6.558495
45 12.466920 1.761700
45 6.619490 1.159670
45 17.190574 -6.798406
45 15.599139 -6.878000
45 18.818440 -6.611096
45 12.740000 -6.623008
45 11.059600 -6.631688
45 14.046610 2.414300
45 8.790490 -6.449226
45 17.942970 4.579760
45 6.971590 -6.437058
45 4.215800 -6.259078
45 0.687200 1.342300
45 21.375270 5.924860
45 11.875910 -3.398010
45 3.874000 1.243270
45 15.810609 3.540450
45 8.758660 1.257430
46 0.275020 1.474318
46 17.933720 3.171258
46 15.183320 3.237368
46 14.722880 3.126638
46 13.089880 3.214698
46 10.395780 3.062778
46 7.126580 3.848478
46 12.095410 1.639788
46 6.985420 1.430088
46 4.097900 1.281378
46 1.539020 1.284288
46 9.416160 1.565148
47 0.391690 1.569371
47 19.758530 10.192761
47 16.553130 2.394181
47 13.914430 2.248341
47 17.592030 6.988351
47 13.761330 2.223691
47 10.735430 2.120321
47 11.576030 3.308091
47 8.605030 3.165881
47 16.409830 2.354181
47 7.677730 1.949291
47 5.464930 1.852201
47 19.166630 8.611811
47 5.364530 3.117301
47 2.705230 3.118691
47 16.777830 5.845211
47 2.166030 1.683861
47 0.514740 3.066411
47 19.829430 2.539621
47 -0.135110 1.522361
48 -0.695300 1.492310
48 9.762800 16.224090
48 12.679900 16.943390
48 15.215200 18.295090
48 14.431600 10.680940
48 11.227600 9.994380
48 4.221400 5.671290
48 14.994500 18.036790
48 2.344600 3.206024
48 8.561100 9.141880
48 14.506500 10.771470
48 -0.222300 1.363820
49 -1.212700 0.882300
49 14.090100 8.716900
49 15.539100 7.737400
49 11.750300 9.094400
49 13.588900 8.363600
49 9.844700 8.719600
49 8.103600 7.649500
49 3.794100 4.834400
49 5.794100 6.188500
49 1.612400 3.468300
49 -0.466900 2.015300
49 -2.306400 0.900000
50 0.334300 1.345000
50 18.331600 6.494700
50 11.347700 3.414300
50 9.190900 2.182700
50 5.704000 0.771200
50 3.912300 1.041900
50 13.193100 4.325200
50 2.336300 1.911800
50 0.539900 2.552800
50 7.272500 1.226200
51 -0.693500 1.472500
51 13.424400 0.951900
51 14.032900 -0.814800
51 14.840000 -6.478400
51 13.774700 -4.861100
51 9.608700 3.530100
51 7.286200 4.016400
51 4.579400 3.366500
51 2.981800 2.584600
51 1.436900 2.079300
51 -0.807400 1.184300
51 11.684600 2.549900
51 -0.773600 1.247700
52 1.083400 0.764300
52 12.210900 -12.993060
52 14.123900 -13.458480
52 5.612900 -8.353300
52 8.180600 -20.415948
52 9.120600 -12.212290
52 5.121600 -21.177140
52 10.766000 -13.037290
52 0.892700 -20.298070
52 6.077700 -9.188300
52 4.583100 -6.717500
52 3.903700 -5.181200
52 -0.244100 -20.895150
52 3.356000 -3.601800
52 2.754200 -1.252100
52 16.953200 -13.181050
52 2.257100 0.874100
53 -0.185740 1.705830
53 2.393110 2.254850
53 8.207430 5.151990
53 8.776780 5.455390
53 17.219340 2.193330
53 15.314040 -5.298321
53 13.302840 -6.523283
53 12.859030 6.129290
53 18.171740 -1.912230
53 15.308240 5.756790
53 10.400270 5.997590
53 16.578040 -3.777720
53 16.951140 2.151670
53 10.595070 -6.452202
53 7.891900 -6.712424
53 6.151863 4.429690
53 4.283208 3.453500
53 -0.459430 1.297890
54 0.337500 1.448706
54 15.516300 3.520996
54 17.264200 2.253856
54 14.366900 2.195826
54 12.077500 3.248436
54 11.471000 2.108676
54 8.932000 3.269986
54 6.165640 3.264446
54 5.654820 1.834336
54 19.770500 2.337636
54 3.983730 3.229746
54 9.145600 2.013046
54 17.996900 2.351806
54 3.401620 1.775376
54 1.418770 3.120656
54 0.671530 1.702956
55 0.896300 1.512274
55 20.167700 -2.455976
55 18.289300 17.559294
55 14.805700 -2.394026
55 12.578100 -0.824071
55 8.602100 9.479194
55 7.901800 1.851364
55 10.949100 1.058604
55 7.349700 7.589864
55 4.699600 4.931874
55 4.677900 4.968324
55 5.294400 1.764214
55 9.183400 -2.452616
55 17.726700 -3.226746
55 2.162900 1.564844
55 9.616300 12.032094
55 -0.882300 1.487654
56 0.350900 1.578790
56 13.748900 0.565120
56 20.164300 4.249740
56 18.985100 5.379010
56 10.698800 1.419700
56 20.188900 4.264720
56 13.585900 9.089120
56 10.510800 10.549020
56 15.749500 -0.533070
56 15.238200 7.657920
56 6.042400 10.876420
56 15.986700 -0.566950
56 13.486500 0.212080
56 3.802600 9.923020
56 8.211000 2.683890
56 19.000000 1.530920
56 8.354200 11.298820
56 5.126600 3.689450
56 2.519400 3.405390
56 -0.281900 2.464110
57 1.266600 1.390080
57 3.053200 1.378000
57 4.309300 2.361180
57 0.803900 1.605990
58 -0.662600 1.345700
58 9.709500 2.144700
58 16.825500 5.691900
58 15.017900 4.753500
58 13.512800 3.687400
58 8.045200 2.430900
58 18.010000 2.099800
58 6.490300 3.314100
58 4.593200 3.990200
58 2.715000 3.628000
58 0.761400 2.304200
58 -1.471400 0.910400
59 -0.612800 1.368700
59 21.059900 -7.014700
59 20.990600 -7.839000
59 18.040700 1.539300
59 20.634400 -7.701300
59 18.921500 -0.497500
59 6.075600 4.399400
59 17.581600 3.323800
59 16.535900 4.985500
59 14.240800 5.903300
59 19.267000 -2.649000
59 12.024300 6.410000
59 7.606100 4.907700
59 3.954200 3.576600
59 19.909000 -4.140000
59 2.184300 2.834800
59 0.233500 1.815700
59 19.638200 -5.356100
59 0.219700 1.803300
60 0.304900 1.306700
60 8.529500 -11.258400
60 7.163700 -8.963200
60 10.288000 -21.343675
60 13.377000 -15.146820
60 9.303200 -12.363860
60 8.308000 -10.653100
60 5.346400 -3.653700
60 15.020100 -15.422640
60 15.632300 -14.595890
60 12.691200 -14.464340
60 5.919500 -5.932400
60 4.887300 -1.534100
60 3.807900 0.239000
60 12.157900 -20.291900
60 2.411000 1.878400
60 5.307300 -3.629300
61 0.760260 1.678210
61 7.699960 0.297390
61 8.702360 -1.519370
61 9.158360 -3.625930
61 5.891870 1.945310
61 3.568460 2.334510
61 0.913290 2.069210
61 -1.132510 1.298010
62 -0.014859 1.499919
62 13.574727 2.032809
62 15.246827 3.341529
62 12.072927 2.082369
62 11.657727 3.283959
62 8.447127 1.905129
62 8.968237 3.363709
62 6.875567 3.383819
62 6.177947 1.849269
62 4.199487 3.237219
62 3.483277 1.823999
62 0.812977 1.653959
63 0.356900 1.484390
63 20.216900 -3.026040
63 18.514000 -2.387130
63 14.335800 1.149920
63 13.088100 12.142460
63 18.822300 17.947260
63 16.060900 -0.760956
63 11.436600 1.971580
63 12.241900 9.779770
63 9.724800 6.463660
63 8.669700 1.866860
63 11.125800 7.994000
63 8.043400 5.062250
63 6.123300 3.491190
63 5.671800 1.720580
63 3.229500 2.772830
63 2.590900 1.652380
63 0.376700 2.612660
63 -0.565800 1.523960
64 0.361400 1.593620
64 10.160400 5.109470
64 8.574800 2.770051
64 6.232900 1.072250
64 3.706100 0.339180
64 0.902400 1.127200
64 -1.072200 2.649183
65 0.589700 1.379100
65 12.841800 2.859820
65 8.937100 3.365050
65 8.871200 2.176470
65 8.320900 0.874370
65 8.984200 3.377790
65 4.867000 0.110490
65 2.638700 0.894670
65 7.036600 -0.118730
66 -1.490400 0.868900
66 -1.116700 2.887450
66 -0.902800 1.575060
66 -1.298800 0.234840
67 -0.978700 1.297800
67 16.713500 5.942100
67 16.991000 6.041000
67 15.045000 4.860000
67 11.564200 3.349300
67 9.961200 3.630600
67 8.425200 4.510400
67 6.476300 5.141600
67 4.592200 4.742400
67 2.737700 3.499300
67 0.453900 1.983700
67 -1.478800 0.663300
68 0.254400 1.477400
68 16.613600 -15.036130
68 9.383200 -9.332700
68 17.795500 -14.786870
68 8.191500 -6.369000
68 20.531300 -14.729730
68 7.136800 -2.016000
68 4.687700 1.346200
68 2.479500 2.248100
68 7.753000 -4.204000
68 6.044300 -0.286500
69 0.953400 1.398060
69 14.305510 5.325910
69 16.073250 -6.251120
69 12.092328 -6.345530
69 7.381840 2.000280
69 13.625970 5.083210
69 10.225520 2.934930
69 9.262680 -6.169240
69 7.295320 -6.040374
69 20.724060 7.045910
69 13.488810 -6.160890
69 19.212430 6.568410
69 18.631680 -5.940954
69 5.208130 -5.988003
69 12.214001 4.216560
69 5.038880 1.683340
69 3.430850 -6.129570
69 2.780700 1.475750
69 0.010300 1.488500
70 0.516340 1.691410
70 9.370140 -1.336470
70 8.372940 0.465410
70 6.555510 2.090610
70 4.275700 2.473310
70 9.754340 -3.411730
70 1.590300 2.210210
70 -0.472100 1.374610
71 1.376366 1.508389
71 14.137920 1.857609
71 13.790620 3.098309
71 16.014320 1.834029
71 10.463890 1.733959
71 11.011630 3.169539
71 8.289590 1.722839
71 13.768820 1.812179
71 8.746920 3.155099
71 6.247310 3.127139
71 5.511700 1.718339
71 16.912820 3.004379
71 2.807380 1.589179
71 -0.031150 1.488899
72 0.660200 1.346860
72 9.242100 2.260802
72 11.968900 6.224350
72 6.840900 0.586750
72 4.347800 -0.107910
72 10.775700 4.575340
72 1.584300 0.732310
72 -0.423900 2.284945
73 -0.678800 1.323749
73 18.032800 9.281249
73 21.258400 1.001099
73 13.653300 3.282479
73 22.026800 1.936129
73 23.591600 1.950599
73 0.080900 13.992399
73 19.361000 1.304409
73 11.245200 4.601599
73 14.250500 12.989499
73 4.791100 12.482299
73 11.542600 13.313599
73 16.879800 11.025799
73 7.184200 12.405799
73 16.230300 1.991059
73 2.566600 13.520199
73 20.809500 0.970119
73 8.198800 5.688839
73 5.669400 5.534099
73 18.292100 1.207799
73 17.092000 2.160189
73 2.405400 12.850599
73 2.782200 4.589869
73 17.598700 -2.474781
73 0.304200 3.120309
73 -1.620200 1.220989
73 9.361000 13.176199
74 -0.999000 1.214300
74 8.755400 3.010700
74 16.344900 5.694400
74 13.788600 4.260200
74 7.216800 3.840700
74 10.474900 2.805700
74 5.529400 4.622100
74 3.639400 4.220600
74 1.684000 2.844700
74 -0.575200 1.339300
74 -2.453100 -0.013000
75 -0.485500 1.585400
75 21.763400 -5.924500
75 18.256200 4.219600
75 22.087700 -6.881500
75 19.374000 -1.574900
75 19.715500 -15.983977
75 19.994100 2.607000
75 19.788900 0.488500
75 15.775700 7.073800
75 17.238000 5.862900
75 12.364800 6.991900
75 9.824200 6.328900
75 6.983900 5.113500
75 20.288700 -3.067700
75 4.963800 4.341000
75 3.152600 3.508400
75 1.184800 2.443000
75 -0.700400 1.169800
76 0.500300 1.238600
76 11.254900 -20.952889
76 15.704800 -15.015200
76 14.048300 -14.732540
76 6.401800 -3.943300
76 9.634100 -11.429940
76 17.044900 -14.835190
76 8.249400 -9.232300
76 6.965400 -6.202800
76 5.874400 -1.779300
76 10.534100 -12.651750
76 4.614900 -0.011900
76 3.206400 1.593300
76 10.180200 -11.771070
76 8.805400 -15.219650
77 1.254100 0.822100
77 9.508100 -3.812440
77 13.098700 -11.400810
77 15.639810 -8.162420
77 7.263500 -11.499880
77 4.452100 -11.240496
77 16.257210 -11.790290
77 1.286400 -11.368950
77 -3.516800 -12.596500
77 -2.405700 -11.334050
77 6.591200 -3.752250
77 8.057500 -3.886460
77 3.601800 -2.277530
77 13.529300 -11.789280
77 -0.842400 -11.555750
77 2.385100 -0.730580
77 1.584500 0.422800
77 0.509500 1.999000
78 1.191410 1.694000
78 9.397330 -1.260130
78 9.904630 -3.357080
78 8.516530 0.539300
78 9.671630 -3.333950
78 6.563940 2.157400
78 4.210440 2.490300
78 1.561130 2.203000
78 -0.463590 1.343900
79 0.000000 1.500000
79 19.621200 10.398000
79 17.168600 8.100900
79 13.734800 3.560260
79 6.910610 0.109828
79 9.810600 -0.026882
79 4.715830 1.129370
79 2.591480 2.432770
79 11.445700 1.235680
80 0.000000 1.500000
80 12.208700 -5.332440
80 17.722400 -6.594600
80 14.848500 3.214220
80 18.623500 -2.990380
80 15.260900 1.195950
80 11.212100 7.379500
80 12.776600 5.790520
80 15.260900 -8.756380
80 13.238400 -6.536680
80 17.722400 -2.243520
80 9.080890 7.997250
80 9.638490 -2.730840
80 8.079320 7.230320
80 19.621200 -7.344170
80 7.630470 -0.564523
80 5.308150 1.556300
80 2.930100 2.323530
80 2.753850 2.265260
81 0.000000 1.500000
81 5.693200 5.431900
81 4.578280 3.675670
81 3.762970 2.319960
81 2.117120 1.825040
82 0.000000 1.500000
82 15.260900 7.953500
82 9.898980 6.884130
82 17.168600 8.383170
82 7.904940 5.869960
82 17.722400 8.770140
82 12.629700 8.091060
82 19.978000 9.404610
82 6.741030 3.771800
82 10.464600 7.220160
82 4.949490 2.226900
82 2.746970 1.841100
82 19.978000 8.966680
83 -0.487120 1.387245
83 17.525780 10.005445
83 16.953980 3.165655
83 17.825980 11.779845
83 17.235280 7.375365
83 18.136380 2.448965
83 16.681480 1.082155
83 11.999080 -0.872295
83 8.030610 0.461395
83 9.977480 -0.210247
83 5.062310 0.893885
83 3.328110 1.486725
83 2.219250 2.208375
83 17.235280 16.135745
84 0.000000 1.500000
84 5.063540 3.959810
84 3.329660 2.147700
84 1.630250 1.342790
85 0.000000 1.500000
85 2.012430 1.725970
85 5.439540 3.973650
85 7.276740 6.990610
85 6.501700 6.103530
85 4.308970 2.420440
86 0.000000 1.500000
86 6.243110 4.259580
87 0.000000 1.500000
87 19.978000 -5.682180
87 15.260900 9.291630
87 17.168600 7.931550
87 13.080800 10.659600
87 15.260900 1.630840
87 12.486200 2.634440
87 6.782640 3.200360
87 9.638490 3.280180
87 4.193840 2.502860
87 1.613490 1.355520
88 0.000000 1.500000
88 11.327700 6.586490
88 12.486200 7.520130
88 9.723780 4.694700
88 5.939390 3.264670
88 3.788920 2.917350
89 0.000000 1.500000
89 8.651870 7.088390
89 9.723780 7.305830
89 6.867420 3.157560
89 4.578280 1.899310
89 2.543490 1.980710
89 11.445700 9.741160
89 2.180130 1.953430
89 8.584280 4.869010
90 0.000000 1.500000
90 15.051900 13.849600
90 13.734800 11.734500
90 16.158600 8.102560
90 17.441100 10.752800
90 13.908700 5.327950
90 18.012900 5.853760
90 17.168600 5.221840
90 14.087000 7.295370
90 11.566200 5.482800
90 9.723780 5.387450
90 7.424240 4.862020
90 4.861890 3.908700
90 3.433710 2.463200
90 1.746880 1.551820
91 0.000000 1.500000
91 5.493940 5.205650
91 4.377640 3.437820
91 3.533080 2.120140
91 6.741030 6.439020
91 1.914260 1.660650
91 1.837440 1.668520
92 0.000000 2.250000
92 0.000000 0.750000
92 0.000000 0.750000
92 0.000000 0.750000
92 0.000000 0.750000
92 0.000000 0.750000
92 0.000000 0.750000
93 0.000000 1.500000
93 18.944600 5.637440
93 16.904400 6.623740
93 15.260900 7.083720
93 11.445700 6.115660
93 9.080890 5.429370
93 6.824770 4.746200
93 13.908700 5.297460
93 5.086980 2.751530
93 15.924500 5.052890
93 3.069240 1.532310
93 1.904310 1.674980
94 0.000000 1.500000
94 11.212100 2.328750
94 12.629700 8.700140
94 11.566200 10.236700
94 12.926900 6.099500
94 12.486200 3.852440
94 16.648300 12.672700
94 8.584280 1.152570
94 6.278780 1.386680
94 4.430590 1.716640
94 1.865510 1.554980
94 2.034790 1.747370
95 0.000000 1.500000
95 9.723780 8.797900
95 11.327700 9.442080
95 16.399800 10.883800
95 18.944600 11.451400
95 13.734800 10.199000
95 17.168600 11.939700
95 15.260900 12.787500
95 4.695670 3.939760
95 18.623500 12.829000
95 2.733300 2.107550
95 1.652310 1.485930
96 0.000000 1.500000
96 14.457700 -9.991070
96 11.689200 -5.963920
96 12.926900 -8.338110
96 14.457700 -10.450600
96 16.904400 -15.535700
96 11.327700 -3.358430
96 7.228860 1.501430
96 9.156560 -0.858075
96 5.693200 0.895437
96 5.359940 3.727500
96 7.962230 -1.025410
96 12.629700 -5.114880
96 5.722850 5.090120
96 15.475900 -12.085600
96 3.194150 1.556160
96 2.628680 1.833840
96 2.215300 1.887810
96 9.810600 -3.295740
97 0.000000 1.500000
97 18.313100 0.090324
97 17.168600 -1.834700
97 19.978000 1.718890
97 6.867420 0.861838
97 9.472300 6.545870
97 1.878270 1.392680
97 17.441100 2.322610
97 14.457700 2.796860
97 15.260900 2.366810
97 13.565300 -2.549880
97 16.904400 3.381350
97 9.810600 3.586060
97 8.651870 -0.241811
97 15.051900 3.670690
97 4.578280 3.038390
97 4.024860 1.643250
97 12.486200 3.688220
97 6.699920 6.348360
97 7.181620 3.380740
97 3.339780 2.791160
97 2.318120 1.352950
97 10.667800 -1.385550
97 2.162970 1.226840
98 0.000000 1.500000
98 2.817400 2.647950
98 1.924320 1.686250
99 0.000000 1.500000
99 17.441100 14.002600
99 5.232320 4.418690
99 3.175690 2.246780
99 1.927700 1.241290
100 0.000000 1.500000
100 5.282630 5.063340
100 3.499320 2.989690
100 2.497240 1.753100
100 1.904310 1.643670
101 0.000000 1.500000
101 17.441100 3.049020
101 19.978000 2.113030
101 13.080800 3.849510
101 18.623500 3.684390
101 16.158600 4.950090
101 9.988980 3.979720
101 15.051900 3.060280
101 7.630470 3.951660
101 5.386210 3.657220
101 3.412380 1.957950
101 2.113050 1.233270
101 1.680100 1.486980
102 0.000000 1.500000
102 10.565300 9.385560
102 9.810600 4.865650
102 8.584280 7.258820
102 7.228860 3.371290
102 11.327700 10.422900
102 4.905300 1.938200
102 2.531770 1.882780
102 2.121210 1.921560
103 0.000000 1.500000
103 16.399800 5.257650
103 15.051900 12.249400
103 15.260900 9.057460
103 4.292140 3.836400
103 17.168600 5.880450
103 16.399800 6.318160
103 13.565300 5.493760
103 11.212100 5.634480
103 6.910610 4.866500
103 9.156560 5.414400
103 2.906840 2.410220
103 1.635100 1.475820
104 0.000000 1.500000
104 16.158600 12.193700
104 19.621200 14.161500
104 17.722400 10.498900
104 11.814900 4.992080
104 13.734800 10.199000
104 13.734800 9.581830
104 10.080600 2.513590
104 5.493940 0.918291
104 8.079320 1.022780
104 3.052190 1.677680
104 13.238400 7.668440
105 0.000000 1.500000
105 16.648300 -6.924810
105 19.621200 -13.193700
105 19.621200 3.881770
105 15.260900 6.264110
105 18.623500 -11.706400
105 17.168600 4.694950
105 17.441100 -5.400300
105 13.734800 -1.091410
105 13.908700 8.254900
105 11.445700 0.508071
105 8.790300 1.729400
105 6.104370 2.284850
105 19.621200 -9.064620
105 3.477180 2.159000
105 1.795400 1.592960
106 0.000000 1.500000
106 10.365900 6.004540
106 10.879100 4.835150
106 10.565300 2.078600
106 10.987900 3.558750
106 7.737940 7.247100
106 7.962230 7.160440
106 7.630470 0.581249
106 9.156560 6.889690
106 8.584280 7.343500
106 5.466600 0.853806
106 2.713060 1.452610
106 2.251610 1.834850
107 0.000000 1.500000
107 17.441100 9.720550
107 8.584280 3.269530
107 19.978000 10.696500
107 11.445700 7.520700
107 15.051900 9.527290
107 10.464600 5.098270
107 6.314870 2.557440
107 3.212830 2.237840
107 2.628680 2.447530
108 0.000000 1.500000
108 6.004300 5.511550
108 4.777340 3.306630
108 3.279960 2.047340
108 1.657300 1.452260
109 0.000000 1.500000
109 15.260900 -6.213930
109 14.270000 -3.558200
109 12.629700 1.889530
109 20.347900 -12.812600
109 12.486200 9.477140
109 13.238400 10.584900
109 19.621200 -11.666800
109 2.922310 2.714510
109 11.943300 4.326370
109 13.734800 -0.820440
109 12.486200 -1.033250
109 12.926900 11.681900
109 11.566200 7.257590
109 6.104370 1.890110
109 8.079320 1.323860
109 9.898980 0.265817
109 3.966740 2.302110
110 0.000000 1.500000
110 4.130780 2.157350
110 5.844610 5.569960
110 9.723780 8.904470
110 5.257360 3.673450
110 1.755250 1.461150
110 1.891200 1.414710
111 0.000000 1.500000
111 19.621200 13.860400
111 11.445700 10.493900
111 8.584280 6.073330
111 15.924500 11.772600
111 7.228860 3.474290
111 5.333920 1.733400
111 2.693110 1.309100
111 9.311760 8.649640
111 2.027280 1.740920
112 0.000000 1.500000
112 18.012900 -12.980900
112 16.904400 -11.533600
112 19.978000 0.843021
112 19.277000 -11.145200
112 12.926900 -3.705040
112 15.260900 -9.141090
112 20.347900 -12.121200
112 19.621200 3.021540
112 19.621200 -7.043100
112 13.565300 6.831890
112 14.457700 4.920260
112 15.260900 9.191270
112 19.621200 -13.043200
112 11.445700 -0.859329
112 11.445700 8.499210
112 9.156560 0.677427
112 6.540400 1.845900
112 16.158600 -5.499120
112 3.724700 2.280030
112 17.168600 4.299780
112 2.357910 2.130810
113 0.000000 1.500000
113 6.243110 2.836300
113 7.276740 6.767300
113 6.867420 5.581250
113 8.079320 6.690150
113 7.630470 6.719910
113 6.867420 4.173710
113 8.387690 7.552250
113 4.162070 2.132640
113 2.242420 1.977290
113 2.084990 1.909310
114 0.000000 1.500000
114 12.486200 7.793840
114 17.168600 8.025630
114 12.629700 8.257170
114 19.978000 9.404610
114 18.313100 9.423770
114 8.079320 5.919740
114 17.168600 10.208500
114 15.924500 9.067270
114 6.824770 3.766290
114 10.174000 6.963840
114 4.994490 2.236190
114 2.760770 1.859430
115 0.000000 1.500000
115 12.486200 2.415470
115 14.087000 8.268090
115 17.441100 10.485200
115 13.734800 3.921550
115 14.270000 6.201440
115 19.277000 12.307300
115 9.810600 1.263460
115 17.722400 16.773000
115 5.521540 1.824630
115 7.474740 1.511540
115 2.673450 1.774240
115 2.081040 1.896570
115 15.924500 12.697700
116 0.000000 2.250000
116 2.561280 3.123540
116 1.840510 2.302300
116 0.000000 0.750000
117 0.000000 1.500000
117 9.554670 2.550010
117 7.630470 1.768840
117 14.270000 3.949220
117 4.927300 1.644460
117 7.474740 3.158260
117 6.243110 4.266420
117 15.697000 5.651680
117 2.616160 1.733350
117 16.648300 7.326250
117 9.898980 1.914970
117 12.486200 1.963860
117 15.924500 0.305442
117 12.629700 3.107690
117 15.260900 4.775450
117 14.848500 1.228730
117 17.168600 -0.178766
118 -0.491740 1.409493
118 19.856160 0.835032
118 18.131760 2.471213
118 11.854160 4.354633
118 15.205260 4.167613
118 10.073560 3.910373
118 7.769820 2.494693
118 6.375680 1.320803
118 4.790890 0.549286
118 19.129460 1.189083
118 3.921060 0.835704
118 2.454070 1.570673
118 3.670330 3.839483
118 1.625380 1.813423
119 0.000000 1.500000
119 13.908700 2.111360
119 18.012900 -0.088843
119 11.689200 3.478420
119 8.720530 4.277230
119 5.939390 3.863570
119 3.309600 2.758680
119 2.023550 1.870790
119 1.465050 1.315920
120 0.000000 1.500000
120 4.927300 3.583240
120 5.577600 5.327720
120 3.699620 2.325510
120 1.724940 1.522880
121 0.000000 1.500000
121 3.533080 3.305090
121 2.660500 2.103910
121 1.722240 1.560140
122 0.000000 1.500000
122 2.597610 1.815010
122 4.010170 3.426150
122 4.736150 4.461680
122 3.614430 2.355150
122 1.828270 1.614100
123 0.000000 1.500000
123 7.792820 5.556080
123 8.139170 4.304310
123 7.276740 6.599810
123 8.079320 2.678720
123 8.020350 7.265450
123 6.540400 1.559160
123 7.325250 6.924810
123 4.736150 0.895450
123 2.508650 1.417410
123 7.630470 6.903910
123 1.887950 1.577820
124 -0.491279 1.592977
124 1.871701 2.256857
124 0.883921 1.332717
125 0.000000 1.500000
125 20.731800 4.896790
125 20.347900 3.423380
125 15.260900 6.598650
125 13.080800 7.319080
125 9.898980 7.046870
125 7.474740 5.837240
125 5.386210 4.011430
125 4.162070 2.566010
125 17.722400 5.409710
125 2.628680 1.462180
125 1.644890 1.484660
125 19.621200 5.021570
125 3.510500 1.656410
126 0.000000 1.500000
126 13.565300 -5.359950
126 19.277000 -12.159400
126 14.848500 -6.794620
126 19.277000 -8.018210
126 16.648300 -8.676550
126 19.978000 -13.455500
126 17.722400 -16.268000
126 15.260900 -5.394330
126 17.441100 -7.292800
126 9.898980 -2.164510
126 17.441100 -9.949940
126 7.630470 0.840512
126 8.020350 -0.672483
126 9.156560 3.216530
126 5.493940 1.008610
126 6.172960 5.727260
126 4.069580 1.576760
126 1.990560 1.829380
126 5.466600 4.161180
126 11.566200 -3.606610
127 0.000000 1.500000
127 1.917600 1.724500
127 4.024860 3.800430
127 3.270200 2.528700
128 0.000000 1.500000
128 19.621200 -7.107610
128 16.904400 14.868700
128 12.629700 -6.249980
128 20.731800 1.556520
128 17.441100 9.357340
128 18.313100 -7.657440
128 17.722400 8.711860
128 15.260900 -7.501880
128 13.238400 -6.217460
128 11.445700 -4.271560
128 10.080600 -2.624080
128 9.080890 -0.920654
128 7.630470 0.480890
128 5.971670 1.508670
128 17.722400 10.965100
128 4.360270 1.885330
128 17.441100 6.088480
128 19.277000 3.285460
128 2.781740 1.897940
128 1.789560 1.623080
129 0.000000 1.500000
129 2.332880 2.097960
129 1.654800 1.439190
130 0.000000 1.500000
130 20.347900 4.939920
130 17.168600 5.579370
130 19.978000 3.996140
130 2.891550 1.659100
130 9.391350 7.086930
130 15.260900 6.916450
130 7.228860 5.906690
130 4.840470 4.045330
130 12.486200 7.287480
130 3.590810 2.583770
130 19.277000 5.081370
130 1.983370 1.448870
130 1.927700 1.585680
131 -0.483929 1.374252
131 17.238471 1.457342
131 15.915871 15.179852
131 14.364571 12.722952
131 16.684671 10.421452
131 14.567971 9.319052
131 15.674671 7.711162
131 19.863971 1.959502
131 13.603071 10.936952
131 19.137271 -3.512888
131 14.991971 -1.355508
131 9.070741 -3.063228
131 16.420471 -5.100498
131 7.595391 -1.927798
131 14.364571 -2.217028
131 3.709911 1.296912
131 5.759181 -0.101799
131 1.800451 1.938612
132 0.000000 1.500000
132 3.488210 3.221070
132 4.578280 4.317970
132 3.121560 2.191380
132 2.049980 1.625600
133 0.000000 1.500000
133 2.969700 2.644610
133 5.521540 0.329825
133 2.081040 1.568120
133 1.878270 1.635600
134 0.000000 1.500000
134 15.260900 6.899720
134 3.018650 1.695640
134 19.621200 5.129090
134 17.168600 5.240650
134 12.486200 7.301160
134 7.228860 5.906690
134 19.277000 7.447740
134 9.638490 7.262870
134 4.905300 4.067250
134 19.621200 4.828010
134 3.699620 2.613410
134 2.117120 1.481610
134 1.901020 1.567900
134 2.061510 1.892330
135 0.000000 1.500000
135 11.327700 5.953290
135 9.810600 7.295790
135 9.080890 3.558210
135 9.233510 4.883040
135 8.020350 2.527300
135 5.971670 2.097730
135 3.828530 2.087620
135 2.831930 2.127730
135 9.233510 6.107600
135 8.720530 7.278460
135 2.436340 2.156290
136 0.000000 1.500000
136 15.260900 -12.185300
136 3.788920 1.837620
136 17.168600 4.582040
136 16.904400 4.011300
136 15.475900 -13.256000
136 11.212100 1.087570
136 14.087000 -2.725150
136 17.168600 -7.536380
136 10.667800 -0.613850
136 18.012900 5.123280
136 8.199910 1.181850
136 6.824770 0.370271
136 5.971670 1.482490
136 12.629700 -1.612680
136 4.010170 0.806540
136 19.621200 -14.742100
136 15.260900 -4.307100
136 2.543490 2.156340
136 1.994170 1.159510
136 19.621200 6.053840
136 9.156560 0.025090
136 2.597610 2.432830
136 1.730370 1.561820
137 0.000000 1.500000
137 8.584280 4.276260
137 15.260900 9.943970
137 14.650500 6.142010
137 18.313100 9.403700
137 17.168600 10.773000
137 12.629700 11.233400
137 17.168600 9.135860
137 13.734800 10.575400
137 12.776600 11.518000
137 17.722400 7.993160
137 9.810600 6.016200
137 11.327700 10.199400
137 13.908700 10.450100
137 7.737940 2.836930
137 11.212100 8.313460
137 6.954350 1.726440
137 11.445700 6.667640
137 11.566200 11.060700
137 4.597440 1.242110
137 17.441100 9.988170
137 2.117120 1.511780
137 1.722240 1.465750
137 17.168600 8.289080
138 0.000000 1.500000
138 19.621200 4.526940
138 19.978000 4.105620
138 15.051900 5.831860
138 17.168600 5.071300
138 12.486200 6.616890
138 9.156560 6.488250
138 6.540400 5.372820
138 4.258870 3.647960
138 19.978000 3.536310
138 2.922310 2.288520
138 2.141890 1.402690
138 1.430710 1.263120
138 1.604070 1.421440
139 0.000000 1.500000
139 3.602580 3.038430
139 4.578280 4.132310
139 2.441750 1.703440
139 5.308150 4.988890
139 1.541080 1.385890
140 0.000000 1.500000
140 3.841910 3.387660
140 4.861890 4.633420
140 2.373190 1.848090
140 3.455310 2.368870
140 2.081040 1.773400
141 0.000000 1.500000
141 17.441100 4.979750
141 3.477180 1.709290
141 19.621200 5.000060
141 12.926900 7.218810
141 9.810600 6.973200
141 7.525940 5.893720
141 5.386210 4.046850
141 15.260900 6.548470
141 2.591480 1.512500
141 1.878270 1.604720
141 4.162070 2.625320
141 2.100930 1.937730
142 0.000000 1.500000
142 15.697000 7.595790
142 4.146370 3.156220
142 8.584280 7.710440
142 5.086980 4.379580
142 6.782640 5.846880
142 1.569700 1.325610
143 0.000000 1.500000
143 5.722850 3.578450
143 6.172960 5.050680
143 4.715830 2.586950
143 6.741030 6.416860
143 2.740120 2.148850
143 2.549390 2.141780
144 0.000000 1.500000
144 3.412380 3.218360
144 1.769380 1.606720
144 1.831310 1.675000
145 0.000000 1.500000
145 9.638490 4.019670
145 8.079320 6.858400
145 8.651870 5.703900
145 9.723780 2.659090
145 9.156560 0.988542
145 7.228860 6.889160
145 9.156560 5.123360
145 7.577840 0.153654
145 9.810600 9.048500
145 5.086980 4.836780
145 5.634810 -0.188367
145 3.510500 0.698349
145 4.024860 3.826900
145 2.012430 1.333350
145 1.822200 1.482930
146 0.000000 1.500000
146 2.260880 1.981170
146 1.569700 1.291200
147 0.000000 1.500000
147 13.734800 9.356030
147 11.445700 -1.298400
147 16.399800 10.919700
147 12.486200 7.985430
147 11.445700 6.278750
147 11.327700 4.960040
147 9.988980 3.859280
147 9.156560 0.346241
147 9.156560 3.156310
147 10.565300 -0.770067
147 6.998650 1.231160
147 15.260900 0.025090
147 4.430590 1.405840
147 19.621200 11.537800
147 6.619200 5.219910
147 4.292140 2.081680
147 2.883960 1.344980
147 2.150270 1.427030
148 -0.491276 1.592995
148 14.769624 -1.370585
148 16.949824 -4.848525
148 15.908524 -4.122105
148 10.836424 1.440095
148 7.708634 2.721815
148 12.285324 -0.376128
148 4.921474 2.866485
148 2.100204 2.238895
148 1.593714 1.981735
148 0.897834 1.330045
149 0.000000 1.500000
149 4.484850 4.239680
149 3.841910 2.920250
149 2.573270 2.091330
149 2.420240 2.221620
150 0.000000 1.500000
150 7.630470 3.550220
150 7.630470 2.312450
150 5.971670 5.586320
150 6.659320 4.477860
150 6.138480 0.992383
150 4.675690 1.027510
150 2.591480 1.577820
150 2.162970 1.729430
151 0.000000 1.500000
151 14.650500 -8.695160
151 13.734800 -8.768920
151 20.731800 -1.397460
151 15.475900 13.934400
151 15.697000 7.750630
151 19.277000 0.242976
151 17.168600 2.512130
151 16.399800 -8.277420
151 18.012900 14.501100
151 18.012900 7.966250
151 16.399800 10.272600
151 16.158600 12.034300
151 15.475900 5.249800
151 11.212100 -6.838790
151 9.723780 -4.598780
151 8.452210 -2.922780
151 7.228860 -1.144890
151 19.621200 -7.408690
151 5.971670 0.291261
151 4.559280 1.416690
151 2.817400 1.804930
151 2.167230 1.844480
152 0.000000 1.500000
152 19.621200 6.376420
152 14.087000 11.217100
152 19.621200 8.010850
152 19.277000 11.525500
152 19.621200 8.053860
152 6.954350 6.322660
152 12.629700 10.679600
152 14.848500 10.879500
152 5.844610 4.621880
152 4.971890 3.130680
152 3.924240 2.131210
152 15.475900 14.104100
152 1.714180 1.402530
153 0.000000 1.500000
153 2.038570 1.737210
154 0.000000 1.500000
155 0.000000 1.500000
156 0.000000 1.500000
156 15.260900 1.430120
156 14.270000 10.799700
156 17.168600 11.111700
156 12.345900 1.535840
156 6.243110 1.666200
156 9.810600 8.629140
156 2.077100 1.792810
156 10.667800 1.549240
156 11.445700 9.226810
156 5.282630 1.728310
156 13.734800 1.467760
156 3.614430 1.828260
156 8.517730 1.657100
156 9.810600 1.639800
157 0.000000 1.500000
157 15.260900 1.430120
157 13.734800 1.467760
157 17.168600 11.111700
157 14.457700 10.957700
157 12.345900 1.535840
157 10.565300 1.534340
157 9.810600 1.639800
157 9.810600 8.629140
157 6.243110 1.666200
157 8.517730 1.657100
157 3.614430 1.832220
157 5.282630 1.728310
157 11.327700 9.131690
157 2.077100 1.792810
158 0.000000 1.500000
158 15.260900 1.430120
158 14.457700 10.957700
158 12.345900 1.535840
158 17.168600 11.111700
158 10.667800 1.549240
158 11.445700 9.239360
158 9.810600 1.639800
158 9.723780 8.552770
158 6.243110 1.666200
158 8.517730 1.657100
158 3.614430 1.824300
158 5.282630 1.728310
158 2.081040 1.798490
159 0.000000 1.500000
159 15.260900 1.430120
159 12.345900 1.535840
159 14.270000 10.815400
159 17.168600 11.130500
159 10.667800 1.549240
159 9.810600 1.650560
159 9.810600 8.629140
159 14.270000 10.815400
159 13.734800 1.467760
159 6.243110 1.666200
159 8.517730 1.657100
159 3.614430 1.828260
159 5.282630 1.722520
159 2.084990 1.797330
160 0.000000 1.500000
160 15.260900 1.430120
160 12.345900 1.535840
160 17.168600 11.130500
160 10.565300 1.534340
160 9.723780 1.635950
160 14.270000 10.799700
160 9.810600 8.639890
160 11.327700 9.131690
160 13.734800 1.467760
160 6.243110 1.666200
160 8.452210 1.644350
160 3.614430 1.828260
160 5.282630 1.728310
160 2.081040 1.796210
161 0.000000 1.500000
161 15.260900 1.413400
161 12.345900 1.535840
161 10.565300 1.545920
161 9.810600 1.650560
161 14.270000 10.799700
161 9.723780 8.542110
161 17.168600 11.111700
161 11.327700 9.131690
161 13.734800 1.467760
161 6.243110 1.666200
161 8.517730 1.657100
161 3.614430 1.828260
161 5.282630 1.734100
161 2.077100 1.792810
162 0.000000 1.500000
162 15.260900 1.430120
162 17.168600 11.092900
162 12.208700 1.518780
162 10.565300 1.534340
162 9.810600 1.650560
162 9.810600 8.629140
162 13.734800 1.467760
162 6.243110 1.666200
162 8.517730 1.657100
162 3.614430 1.832220
162 5.282630 1.722520
162 2.077100 1.792810
163 0.000000 1.500000
163 14.270000 10.799700
163 15.475900 1.382420
163 17.168600 11.111700
163 12.345900 1.535840
163 10.565300 1.534340
163 9.810600 1.639800
163 9.810600 8.629140
163 13.734800 1.467760
163 6.243110 1.666200
163 8.517730 1.657100
163 3.614430 1.828260
163 5.282630 1.728310
163 2.084990 1.801900
164 0.000000 1.500000
164 15.260900 1.430120
164 11.445700 9.226810
164 12.345900 1.535840
164 17.168600 11.111700
164 14.087000 10.676700
164 10.667800 1.549240
164 9.810600 1.650560
164 9.810600 8.629140
164 13.734800 1.467760
164 6.243110 1.666200
164 8.517730 1.657100
164 3.614430 1.832220
164 5.282630 1.722520
164 2.084990 1.801900
165 0.000000 1.500000
165 14.087000 10.661300
165 11.327700 9.131690
165 15.260900 1.413400
165 17.168600 11.111700
165 12.345900 1.535840
165 10.667800 1.549240
165 9.810600 1.650560
165 9.810600 8.629140
165 13.734800 1.467760
165 6.243110 1.666200
165 8.452210 1.644350
165 3.614430 1.832220
165 5.282630 1.728310
165 2.081040 1.798490
166 0.000000 1.500000
166 15.260900 1.379940
166 12.345900 1.535840
166 14.270000 10.799700
166 17.168600 11.092900
166 10.667800 1.549240
166 9.723780 1.635950
166 9.810600 8.629140
166 13.734800 1.467760
166 6.243110 1.673040
166 8.517730 1.657100
166 3.614430 1.832220
166 5.282630 1.728310
166 2.081040 1.798490
167 0.000000 1.500000
167 11.327700 9.144110
167 13.734800 1.467760
167 15.260900 1.413400
167 12.345900 1.535840
167 17.168600 11.111700
167 10.667800 1.549240
167 9.810600 1.650560
167 9.723780 8.552770
167 6.243110 1.666200
167 8.517730 1.657100
167 3.614430 1.832220
167 5.282630 1.734100
167 2.081040 1.798490
168 0.000000 1.500000
168 15.475900 1.382420
168 11.445700 9.239360
168 17.168600 11.111700
168 12.345900 1.522310
168 14.270000 10.799700
168 10.667800 1.549240
168 9.810600 1.650560
168 9.723780 8.542110
168 13.734800 1.467760
168 6.243110 1.666200
168 8.517730 1.657100
168 3.614430 1.828260
168 5.282630 1.734100
168 2.081040 1.798490
169 0.000000 1.500000
169 14.270000 10.799700
169 15.475900 1.382420
169 17.168600 11.111700
169 12.345900 1.535840
169 10.667800 1.560930
169 9.723780 1.635950
169 9.723780 8.552770
169 13.734800 1.467760
169 6.243110 1.666200
169 5.282630 1.728310
169 8.517730 1.657100
169 3.614430 1.828260
169 2.081040 1.798490
170 0.000000 1.500000
170 15.475900 1.382420
170 14.087000 13.131700
170 12.345900 1.535840
170 17.168600 11.111700
170 10.667800 1.549240
170 9.723780 1.635950
170 9.810600 8.618380
170 13.734800 1.452710
170 6.243110 1.673040
170 5.282630 1.728310
170 8.517730 1.657100
170 3.614430 1.828260
170 2.081040 1.798490
171 0.000000 1.500000
171 14.270000 13.380400
171 13.565300 1.479380
171 12.208700 1.545540
171 17.168600 11.187000
171 10.667800 1.572630
171 9.723780 1.657270
171 9.723780 8.616720
171 13.734800 1.452710
171 6.207840 1.690800
171 5.207520 1.737980
171 8.324150 1.637690
171 3.533080 1.825840
171 2.019830 1.783230
172 -0.486633 1.385160
172 11.999567 11.141360
172 14.774267 1.566180
172 11.202567 1.608360
172 9.977967 1.691630
172 8.519817 1.706440
172 7.143837 1.679090
172 17.826467 1.541090
172 12.751767 1.619080
172 3.805507 1.684580
172 2.783567 1.711350
172 6.015067 1.691630
172 1.454687 1.675680
173 0.000000 1.500000
173 12.486200 11.283600
173 17.441100 1.366800
173 11.445700 1.674750
173 8.517730 1.703780
173 9.391350 1.693250
173 15.260900 1.463580
173 7.228860 1.723280
173 5.722850 1.765700
173 4.193840 1.776600
173 3.052190 1.821530
173 13.565300 1.583450
173 1.972690 1.778370
174 0.000000 1.500000
174 15.260900 1.664300
174 12.208700 1.639210
174 17.168600 1.627710
174 18.944600 1.546920
174 9.988980 1.592980
174 7.630470 1.618300
174 15.051900 1.608500
174 5.493940 1.652920
174 3.212830 1.670900
174 2.016120 1.658420
174 1.792480 1.568750
175 0.000000 1.500000
175 17.168600 13.953100
175 19.621200 7.301160
175 13.080800 1.225820
175 18.944600 10.433900
175 19.621200 8.161390
175 18.623500 11.522600
175 17.441100 9.930820
175 11.445700 1.411310
175 9.156560 1.369910
175 6.037290 1.439220
175 13.080800 1.297510
175 3.289780 1.476550
175 1.604070 1.426720
176 0.000000 1.500000
176 9.554670 4.623520
176 9.080890 3.209850
176 7.737940 2.234770
176 8.584280 7.879800
176 9.810600 6.016200
176 9.156560 7.060300
176 5.813690 2.004010
176 3.555950 1.806470
176 1.965630 1.800010
177 0.000000 1.500000
177 3.477180 1.758830
177 9.898980 9.227660
177 9.006450 7.428260
177 8.079320 5.875470
177 6.867420 4.309190
177 5.110640 2.921170
177 1.986960 1.336070
177 1.554150 1.356770
178 0.000000 1.500000
178 7.683830 7.297480
178 6.314870 3.997080
178 7.043510 5.685760
178 4.675690 2.687930
178 3.052190 1.737890
178 1.597070 1.402990
179 -0.487218 1.387666
179 12.751182 9.021596
179 19.860682 6.634066
179 14.773682 8.593866
179 13.599782 9.421826
179 11.456082 8.887306
179 14.773682 2.371566
179 19.133982 1.597366
179 19.133982 8.070556
179 7.250722 1.147106
179 8.519232 2.074186
179 9.501762 2.652116
179 12.593582 2.733576
179 15.912582 7.517996
179 10.840482 10.198866
179 5.147592 0.687455
179 16.681382 1.966996
179 2.688472 1.170296
179 1.353292 1.298756
179 10.078082 9.666936
179 1.471402 1.588946
180 0.000000 1.500000
180 6.782640 4.032970
180 6.004300 2.056550
180 3.712120 3.517330
180 2.788800 2.318460
180 4.949490 4.689780
180 1.849810 1.582440
181 0.000000 1.500000
181 13.238400 9.322560
181 11.814900 1.819420
181 11.445700 9.076270
181 13.734800 3.183910
181 8.584280 1.754730
181 6.867420 1.734970
181 5.333920 1.680780
181 1.887950 1.654380
182 0.000000 1.500000
182 15.260900 1.697750
182 12.074600 1.727070
182 5.017290 1.603000
182 9.810600 1.704320
182 7.276740 1.631010
182 4.466620 1.520080
182 1.934480 1.476770
182 3.077840 1.550090
182 1.760880 1.371260
182 2.441750 1.489340
183 0.000000 1.500000
183 8.720530 2.996450
183 7.630470 2.103370
183 9.156560 6.980010
183 9.311760 4.403920
183 9.810600 7.650630
183 9.391350 5.635580
183 5.722850 1.909970
183 8.517730 7.725360
183 3.370510 1.727050
183 1.914260 1.744580
183 2.109000 1.933610
184 -0.540742 1.878096
184 2.809218 2.112976
184 10.904958 11.135396
184 8.111128 7.760456
184 8.615818 7.849866
184 7.364198 6.317366
184 6.159178 4.714366
184 4.431148 3.296246
184 0.540738 1.121903
184 1.240108 1.766866
185 0.000000 1.500000
185 5.466600 1.908330
185 7.228860 4.060600
185 7.525940 4.994610
185 7.577840 6.067260
185 7.374410 7.068280
185 6.579570 2.772810
185 8.079320 -0.278941
185 3.499320 1.689490
185 2.113050 1.684880
186 0.000000 1.500000
186 9.311760 3.311870
186 4.343030 2.263450
186 7.088950 2.886470
186 2.293920 2.055380
187 0.000000 1.500000
187 17.168600 1.721790
187 18.623500 1.704410
187 13.734800 12.050700
187 11.445700 1.649660
187 8.584280 1.679460
187 14.848500 1.749510
187 12.486200 11.653100
187 12.486200 1.676460
187 7.043510 1.609610
187 5.722850 1.583800
187 4.162070 1.571540
187 2.585380 1.545770
187 9.810600 1.661310
187 2.251610 1.560920
187 1.766540 1.503460
188 0.000000 1.500000
188 15.260900 8.973820
188 13.734800 11.147400
188 15.697000 1.298940
188 17.441100 4.195990
188 19.277000 8.208360
188 10.565300 1.325910
188 17.168600 5.823990
188 16.904400 14.053400
188 16.648300 1.268180
188 16.904400 5.975260
188 19.621200 3.516170
188 8.584280 1.331330
188 13.908700 13.041700
188 4.971890 1.326930
188 7.228860 1.398430
188 2.420240 1.367460
188 15.475900 7.454880
189 -0.486040 1.382677
189 17.526860 8.895297
189 15.210960 8.304287
189 7.476190 -5.898913
189 3.140320 0.568302
189 12.440860 7.569047
189 6.742820 -4.233393
189 10.841660 7.238937
189 19.491960 6.418827
189 8.234490 8.269877
189 9.324560 6.834377
189 7.593280 6.351447
189 5.421420 5.324757
189 4.333200 4.470167
189 5.236810 -1.995933
189 4.441260 -0.805889
189 1.647530 1.588597
189 6.468310 5.923307
189 1.363770 1.513777
190 0.000000 1.500000
190 2.760770 2.431330
190 6.243110 1.967280
190 1.894460 1.552110
191 0.000000 1.500000
191 12.629700 0.159191
191 12.486200 7.875950
191 10.565300 0.677428
191 7.228860 0.923045
191 8.261560 7.891440
191 5.663850 1.139130
191 4.054570 1.215430
191 8.261560 0.828533
191 3.060690 1.373720
191 10.565300 7.810680
191 1.659800 1.432630
192 -0.542879 1.888527
192 17.179521 1.835647
192 7.536441 1.756667
192 5.150321 1.751957
192 2.817331 1.723587
192 1.983071 1.702197
192 10.022421 1.864967
192 1.554041 1.644557
192 0.542881 1.111473
193 0.000000 1.500000
193 4.377640 4.119140
193 5.257360 3.235520
193 3.712120 2.805320
193 2.447190 2.002280
194 0.000000 1.500000
194 19.621200 13.021700
194 17.168600 15.044500
194 15.475900 10.898200
194 15.924500 11.999500
194 16.648300 7.618210
194 15.260900 8.890190
194 18.944600 11.056900
194 15.475900 5.385500
194 13.908700 11.898300
194 13.734800 2.401100
194 15.260900 3.805300
194 12.345900 1.170490
194 9.988980 0.235389
194 8.387690 -0.501032
194 5.333920 -0.038000
194 3.815230 0.574977
195 0.000000 1.500000
195 15.260900 3.035880
195 18.313100 5.449530
195 17.441100 2.379960
195 3.855390 2.410740
195 9.810600 4.510810
195 19.277000 8.102720
195 16.648300 5.428540
195 13.734800 3.966710
195 11.566200 4.392580
195 4.905300 2.841430
195 3.112710 2.007760
195 8.139170 4.134820
195 1.955140 1.633970
195 1.969150 1.242090
196 -0.478006 1.353336
196 12.008194 10.425336
196 19.143194 9.799696
196 19.143194 2.315736
196 13.256794 3.112516
196 16.690594 9.986536
196 12.008194 3.514186
196 19.143194 12.315836
196 12.602794 10.140236
196 16.170294 2.836756
196 14.370494 3.214026
196 7.601314 2.664886
196 6.389414 1.701206
196 8.528444 3.273786
196 1.659714 1.562576
196 1.603034 1.674636
196 4.138744 1.156326
197 0.000000 1.500000
197 14.087000 5.365380
197 12.074600 4.863580
197 9.233510 4.174620
197 6.824770 3.616690
197 7.630470 0.497616
197 4.039660 2.858040
197 7.792820 3.779500
198 0.000000 1.500000
198 10.174000 1.655930
198 5.939390 1.650240
198 7.848480 1.673140
198 15.260900 1.697750
198 12.486200 1.676460
198 12.776600 11.392000
198 3.521750 1.596100
198 2.373190 1.580180
198 4.777340 1.578700
198 1.741340 1.510640
198 2.469190 1.535840
198 1.859200 1.566020
199 0.000000 1.500000
199 6.278780 3.127780
199 6.867420 4.580160
199 7.525940 6.982560
199 6.867420 5.761900
199 5.134520 2.191970
199 3.148390 1.934150
199 2.201980 1.688210
199 1.969150 1.719060
200 0.000000 1.500000
200 8.584280 6.826020
200 6.540400 3.967790
200 7.792820 5.205890
200 9.156560 8.706200
200 2.803030 1.851020
200 1.700910 1.361850
201 0.000000 1.500000
201 10.565300 6.617950
201 4.736150 2.826510
201 19.621200 7.301160
201 12.629700 7.080540
201 19.277000 10.067700
201 15.051900 7.217640
201 8.079320 6.185400
201 17.168600 6.821320
201 19.277000 8.884470
201 6.278780 4.022410
201 7.525940 5.134840
201 3.241260 1.980550
201 2.038570 1.187560
202 0.000000 1.500000
202 4.883500 2.700340
202 7.577840 3.625400
202 2.463650 2.067050
202 8.584280 0.550410
203 0.000000 1.500000
203 16.648300 1.231690
203 17.722400 1.019780
203 7.276740 1.399720
203 12.486200 11.393100
203 13.908700 1.257670
203 13.080800 11.362100
203 9.233510 1.381420
203 17.722400 1.000360
203 11.445700 1.298400
203 6.243110 1.392490
203 4.971890 1.419570
203 3.370510 1.449980
203 2.289140 1.486580
203 1.979800 1.489660
203 1.760880 1.456180
204 -0.478986 1.643430
204 5.764124 1.953320
204 6.388434 3.353680
204 6.061414 5.774320
204 9.331614 7.546750
204 4.584554 1.078578
204 6.388434 4.512840
204 2.498754 0.905510
204 1.805394 0.545286
204 1.667084 1.000799
205 0.000000 1.500000
205 19.621200 -4.483920
205 15.475900 -8.455650
205 3.148390 -2.179160
205 20.347900 -2.999640
205 2.817400 -0.449302
206 0.000000 1.500000
206 8.139170 7.078700
206 3.103920 -2.114360
206 14.457700 10.054500
206 19.978000 -2.945100
206 15.260900 -8.354940
206 18.944600 -6.239600
206 17.168600 -7.272940
206 19.621200 -4.505430
206 2.817400 -0.452390
207 0.000000 1.500000
207 18.623500 -6.133840
207 20.347900 -3.021940
207 17.168600 -7.272940
207 15.475900 -8.472610
207 13.565300 -9.047230
207 19.621200 -4.526940
207 11.445700 -9.063730
207 9.810600 -8.715160
207 3.112710 -2.144230
207 2.817400 -0.452390
208 0.000000 1.500000
208 12.208700 1.906830
208 9.810600 1.822600
208 7.737940 1.759830
208 6.699920 1.744050
208 5.086980 1.764660
208 3.614430 1.685650
208 2.603760 1.690890
209 0.000000 1.500000
209 18.623500 1.786060
209 15.260900 1.731200
209 11.689200 1.710380
209 10.365900 1.732620
209 12.629700 11.108800
209 8.861190 1.714210
209 7.683830 1.705410
209 17.168600 11.525700
209 6.388300 1.669940
209 12.926900 1.693130
209 4.292140 1.648880
209 3.270200 1.654140
209 15.475900 13.442500
209 1.769380 1.604780
210 0.000000 1.500000
210 12.486200 10.804600
210 16.648300 1.359420
210 13.734800 1.392490
210 7.737940 1.530840
210 9.723780 1.540030
210 6.824770 1.522220
210 5.493940 1.520450
210 4.024860 1.559430
210 2.514390 1.583250
210 1.716860 1.530800
210 11.689200 1.441340
210 1.672430 1.500350
211 0.000000 1.500000
211 9.810600 1.414000
211 6.824770 1.432460
211 15.260900 1.296310
211 4.736150 1.445700
211 12.486200 1.375380
211 2.357910 1.538990
211 15.475900 1.263680
211 1.690440 1.516510
212 0.000000 1.500000
212 15.260900 7.652420
212 15.260900 0.510161
212 8.651870 7.183220
212 20.347900 -6.701790
212 11.445700 4.459730
212 10.772400 7.255410
212 15.697000 8.301180
212 4.616750 3.989930
212 6.867420 5.084470
212 19.621200 12.828100
212 15.260900 11.482800
212 12.629700 10.250500
212 18.623500 9.338550
212 18.944600 0.155730
212 15.697000 -2.572070
212 20.731800 15.849200
212 17.722400 10.013300
212 12.486200 2.894460
212 20.731800 12.190900
212 3.166530 2.507540
212 1.719540 1.463460
212 9.080890 4.951630
213 0.000000 1.500000
213 11.445700 10.330800
213 4.430590 1.784620
213 10.269000 9.178690
213 9.006450 5.947540
213 9.810600 7.446330
213 7.683830 4.290900
213 6.004300 2.931820
213 2.977740 1.362610
213 1.615860 1.389390
214 0.000000 1.500000
214 7.737940 7.281020
214 5.040310 2.809150
214 7.325250 5.889100
214 6.579570 4.114140
214 3.412380 1.808340
214 1.615860 1.423040
214 1.583270 1.364830
215 0.000000 1.500000
215 12.486200 4.126150
215 13.565300 6.207430
215 11.445700 8.223220
215 12.345900 7.232660
215 12.486200 -0.239495
215 12.486200 4.933590
215 11.689200 2.825020
215 9.810600 8.650640
215 9.156560 1.701100
215 9.311760 8.516960
215 5.439540 1.767720
215 8.720530 8.310730
215 3.614430 1.733180
215 2.452650 1.751370
215 10.667800 8.178820
215 2.042360 1.765060
216 0.000000 1.500000
216 19.621200 1.215070
216 17.168600 1.288990
216 17.168600 1.270180
216 14.650500 1.356860
216 17.168600 11.695000
216 14.848500 11.969900
216 15.475900 11.305300
216 17.168600 11.450400
216 7.683830 1.385380
216 6.243110 1.413020
216 5.086980 1.458000
216 10.269000 9.313750
216 3.674870 1.443970
216 9.311760 1.372720
216 1.801290 1.412600
216 10.879100 1.341440
216 1.962120 1.463460
216 12.776600 11.406000
217 0.000000 1.500000
217 18.623500 11.155200
217 19.277000 14.335600
217 19.621200 10.828100
217 11.445700 1.248220
217 19.978000 6.864600
217 6.243110 1.399330
217 12.926900 1.197230
217 3.309600 1.438290
217 2.746970 1.524960
217 9.233510 1.259980
217 2.158720 1.532010
218 0.000000 1.500000
218 6.579570 5.722300
218 5.333920 4.235570
218 3.938310 2.885610
218 1.969150 1.773020
219 0.000000 1.500000
219 8.452210 7.767840
219 14.457700 11.718300
219 16.648300 12.490200
219 19.978000 15.886000
219 7.525940 6.330910
219 5.207520 3.524480
219 3.841910 2.179140
219 6.388300 4.764750
219 1.825230 1.543400
219 1.594760 1.442910
220 0.000000 1.500000
220 13.734800 8.016230
220 15.697000 -0.387101
220 10.772400 8.589600
220 12.208700 8.610860
220 19.621200 6.806530
220 2.647680 2.221450
220 17.441100 -0.888900
220 19.978000 9.317020
220 13.734800 0.248390
220 17.168600 0.385757
220 11.445700 0.997324
220 9.391350 1.662370
220 7.228860 2.365050
220 5.521540 2.829230
220 17.168600 1.702980
220 2.953730 2.309890
220 3.802030 2.689920
220 4.054570 2.766370
221 0.000000 1.500000
221 6.782640 2.048080
221 8.584280 4.200990
221 8.517730 7.314580
221 8.861190 5.142620
221 8.020350 2.958050
221 9.006450 8.366040
221 8.861190 6.172120
221 8.199910 -0.139305
221 4.756660 1.822110
221 2.109000 1.808780
221 2.019830 1.798730
222 0.000000 1.500000
222 13.734800 2.732290
222 11.445700 2.402360
222 12.486200 9.655050
222 10.565300 10.149800
222 10.667800 2.636630
222 6.998650 2.074950
222 5.971670 2.058460
222 9.156560 4.190010
222 3.203460 1.831050
222 8.584280 2.234570
222 2.228780 2.016560
223 0.000000 1.500000
223 12.486200 1.375380
223 10.269000 1.457560
223 8.079320 1.518680
223 5.549430 1.529720
223 15.051900 1.410530
223 4.636230 1.521910
223 3.638370 1.545270
223 3.533080 1.488940
223 2.573270 1.547000
223 2.525950 1.526850
224 0.000000 1.500000
224 6.243110 3.349500
224 6.782640 4.791240
224 5.086980 2.383540
224 7.737940 7.162290
224 3.279960 2.338530
224 2.817400 2.595450
224 6.867420 6.047920
225 0.000000 1.500000
225 19.978000 -1.061990
225 18.012900 15.863400
225 18.623500 13.421000
225 15.924500 12.209000
225 17.168600 -3.697630
225 15.475900 -4.265990
225 13.565300 -4.616540
225 11.445700 -4.484820
225 9.233510 -4.154380
225 18.944600 -3.270340
225 20.731800 0.761218
225 3.815230 0.721335
225 2.585380 1.755470
225 2.224270 1.966150
226 0.000000 1.500000
226 7.904940 6.277170
226 6.782640 4.456710
226 3.638370 2.251110
226 1.881490 1.648720
227 0.000000 1.500000
227 13.399800 6.117040
227 12.486200 7.027450
227 14.270000 4.230740
227 12.345900 2.740160
227 12.776600 4.782250
227 9.988980 8.424740
227 10.565300 8.123340
227 11.566200 7.967500
227 9.006450 1.633720
227 11.327700 8.113610
227 5.634810 1.658250
227 3.828530 1.651210
227 8.933230 8.484060
227 2.313240 1.697450
227 1.868690 1.672320
228 0.000000 1.500000
228 7.630470 1.543030
228 11.814900 1.482730
228 15.260900 1.363220
228 14.087000 1.443630
228 11.689200 1.428520
228 16.904400 1.454440
228 12.486200 11.488900
228 9.638490 1.547650
228 6.540400 1.508980
228 5.207520 1.515380
228 17.722400 1.291730
228 3.614430 1.519260
228 2.023550 1.520370
228 1.724940 1.500200
228 1.664830 1.431490
229 0.000000 1.500000
229 11.445700 10.757300
229 15.260900 6.180480
229 11.566200 1.489550
229 13.734800 1.452710
229 12.345900 1.508780
229 16.648300 4.497940
229 17.168600 5.842810
229 13.734800 7.143100
229 15.260900 1.363220
229 15.260900 10.780300
229 19.277000 7.447740
229 8.651870 1.455610
229 13.734800 8.919460
229 12.776600 8.689280
229 6.867420 1.494100
229 5.308150 1.533030
229 13.734800 7.474280
229 3.130450 1.514830
229 1.807220 1.553920
229 3.139390 1.567330
230 0.000000 1.500000
230 8.584280 3.325980
230 9.156560 4.792170
230 7.525940 2.412760
230 8.584280 7.710440
230 8.452210 7.916060
230 8.584280 7.117690
230 5.663850 2.331030
230 9.156560 6.026600
230 3.662620 2.603330
230 2.585380 2.393050
230 2.224270 1.922270
231 0.000000 1.500000
231 15.475900 8.167290
231 17.168600 -1.702980
231 19.621200 11.086200
231 6.867420 5.701680
231 20.347900 9.801790
231 19.621200 9.129140
231 15.697000 10.451700
231 3.069240 2.709710
231 17.722400 -2.884530
231 13.908700 7.660360
231 11.445700 5.312790
231 12.629700 3.273800
231 9.080890 5.280080
231 10.772400 7.633240
231 2.001430 1.819640
231 13.565300 5.211270
232 0.000000 1.500000
232 5.722850 3.496910
232 6.867420 4.407040
232 6.278780 4.043060
232 3.724700 2.133070
232 1.625430 1.445710
232 7.848480 6.008670
232 1.613490 1.401500
233 17.330600 1.149938
233 6.662800 1.327798
233 10.790200 1.244938
233 0.682300 1.465538
233 4.249800 1.391898
233 5.884900 1.312148
233 8.878390 1.312818
233 4.249800 11.313138
233 11.836660 1.176408
233 13.168530 1.134808
233 16.231810 0.409259
233 14.804650 1.082658
233 16.246980 0.443907
233 15.787360 1.009018
233 15.069720 0.897618
234 0.000000 1.500000
234 13.399800 1.417270
234 12.629700 10.527400
234 18.313100 1.294640
234 14.650500 5.997490
234 17.722400 3.486690
234 17.441100 5.878210
234 13.238400 7.349230
234 6.540400 1.458800
234 19.621200 1.193560
234 11.445700 1.486580
234 15.697000 4.309730
234 14.650500 7.474790
234 15.475900 1.365460
234 19.621200 6.139860
234 12.345900 10.818500
234 8.517730 1.461050
234 5.063540 1.517880
234 15.260900 9.910510
234 11.689200 8.654420
234 16.904400 1.324750
234 3.433710 1.473400
235 0.000000 1.500000
235 6.910610 3.366780
235 7.325250 4.740990
235 9.810600 9.306560
235 8.584280 7.663400
235 7.525940 6.083440
235 5.752810 2.386560
235 3.995590 2.345130
235 2.706370 2.531730
235 2.853990 2.378910
236 0.000000 1.500000
236 14.270000 13.098900
236 19.621200 12.914100
236 15.697000 4.757050
236 18.012900 12.349200
236 16.648300 6.760590
236 11.566200 0.779636
236 15.697000 8.266770
236 15.260900 11.934400
236 15.475900 9.914400
236 14.848500 3.100300
236 13.238400 1.864510
236 7.630470 -0.171448
236 9.554670 0.047125
236 5.634810 0.602158
236 3.175690 1.787330
236 2.034790 1.847730
236 2.088950 1.928970
237 0.000000 1.500000
237 7.276740 5.993660
237 5.783090 3.540050
237 3.412380 1.830780
237 6.579570 4.236740
237 1.752450 1.387750
237 5.086980 2.902070
237 1.682680 1.358310
238 0.000000 1.500000
238 2.753850 2.521820
238 1.887950 1.617140
239 0.000000 1.500000
239 8.584280 0.973802
239 4.994490 2.882150
239 7.577840 3.949320
239 2.706370 2.137220
240 0.000000 1.500000
240 12.486200 10.065600
240 10.565300 9.675050
240 8.452210 2.190930
240 6.699920 2.059820
240 19.621200 13.387300
240 11.566200 2.478350
240 1.649830 1.478270
241 0.000000 1.500000
241 11.689200 2.620030
241 11.098900 9.871740
241 10.565300 2.541800
241 8.079320 2.235950
241 7.228860 2.206590
241 5.466600 2.064110
241 2.922310 1.833700
242 0.000000 1.500000
242 11.689200 2.620030
242 10.464600 2.529060
242 10.987900 9.905500
242 8.079320 2.244810
242 7.228860 2.222440
242 5.439540 2.053890
242 3.855390 1.852960
243 0.000000 1.500000
243 11.566200 2.592450
243 10.464600 2.529060
243 8.079320 2.244810
243 7.181620 2.207910
243 5.439540 2.053890
244 0.000000 1.500000
244 10.879100 9.807420
244 11.689200 2.607220
244 10.464600 2.517590
244 8.079320 2.244810
244 7.181620 2.207910
244 5.439540 2.053890
245 0.000000 1.500000
245 11.689200 2.620030
245 10.464600 2.529060
245 8.079320 2.244810
245 7.181620 2.207910
245 5.439540 2.053890
246 0.000000 1.500000
246 11.566200 2.592450
246 10.565300 2.553380
246 10.772400 9.723080
246 8.079320 2.244810
246 7.181620 2.207910
246 5.412750 2.049710
246 2.868900 1.822200
247 0.000000 1.500000
247 10.879100 9.807420
247 11.566200 2.592450
247 10.464600 2.540530
247 8.079320 2.235950
247 7.181620 2.207910
247 5.412750 2.043780
247 2.868900 1.822200
248 0.000000 1.500000
248 8.079320 2.244810
248 11.566200 2.592450
248 10.565300 2.553380
248 7.181620 2.207910
248 5.412750 2.049710
248 2.876410 1.823810
249 0.000000 1.500000
249 11.445700 2.577990
249 10.464600 2.540530
249 8.079320 2.235950
249 7.134980 2.193570
249 5.439540 2.059860
249 2.876410 1.826970
250 0.000000 1.500000
250 11.445700 2.577990
250 10.464600 2.540530
250 8.079320 2.244810
250 7.181620 2.215780
250 5.412750 2.061570
250 2.876410 1.823810
251 0.000000 1.500000
251 11.566200 2.605120
251 10.464600 2.529060
251 8.079320 2.244810
251 7.181620 2.207910
251 5.439540 2.059860
251 3.882640 1.870310
251 2.861430 1.820590
252 0.000000 1.500000
252 11.445700 2.577990
252 10.464600 2.529060
252 8.079320 2.235950
252 7.181620 2.207910
252 5.412750 2.049710
252 3.868970 1.863720
252 2.853990 1.809600
253 0.000000 1.500000
253 11.445700 2.577990
253 10.464600 2.540530
253 8.079320 2.244810
253 7.088950 2.179420
253 5.412750 2.049710
253 3.896410 1.872670
253 2.861430 1.817450
254 0.000000 1.500000
254 11.566200 2.605120
254 10.464600 2.540530
254 8.079320 2.244810
254 7.088950 2.187190
254 5.412750 2.049710
254 3.896410 1.872670
254 2.861430 1.817450
255 0.000000 1.500000
255 10.464600 2.529060
255 8.079320 2.244810
255 11.566200 2.605120
255 7.134980 2.193570
255 5.386210 2.033760
255 3.855390 1.852960
255 2.853990 1.815860
256 0.000000 1.500000
256 8.079320 2.244810
256 11.566200 2.605120
256 10.464600 2.540530
256 7.134980 2.193570
256 5.439540 2.059860
256 2.846600 1.808030
257 0.000000 1.500000
257 11.566200 2.605120
257 10.464600 2.540530
257 8.079320 2.244810
257 7.134980 2.201400
257 5.412750 2.049710
258 0.000000 1.500000
258 12.208700 2.669570
258 10.464600 2.529060
258 8.079320 2.235950
258 7.181620 2.207910
258 5.439540 2.059860
259 0.000000 1.500000
259 11.445700 2.577990
259 10.464600 2.529060
259 8.079320 2.253660
259 7.181620 2.215780
259 5.439540 2.059860
259 2.861430 1.817450
260 0.000000 1.500000
260 11.689200 2.607220
260 10.464600 2.529060
260 8.079320 2.244810
260 7.181620 2.215780
260 5.439540 2.059860
260 2.861430 1.820590
261 18.531100 -2.589020
261 1.090000 1.615910
261 -1.446900 -16.099220
261 -0.745900 -16.417620
261 1.090000 -15.837120
261 9.810570 1.697150
261 2.372500 -14.416220
261 3.270200 0.725820
261 3.270200 -15.632820
261 7.203400 1.226490
261 14.288680 0.838350
261 12.216230 1.579160
261 16.094760 0.188730
261 5.450300 1.011360
261 17.442110 -0.300665
262 0.000000 1.500000
262 19.621200 0.483877
262 13.734800 8.934520
262 11.445700 1.612030
262 9.391350 1.610900
262 13.734800 1.633350
262 7.792820 1.567320
262 15.697000 0.748396
262 6.540400 1.573500
262 5.282630 1.502500
262 11.566200 9.754960
262 15.475900 8.964520
262 3.423010 1.521340
262 2.597610 1.464820
263 0.000000 1.500000
263 19.621200 0.483877
263 13.734800 8.934520
263 11.445700 1.612030
263 9.311760 1.597250
263 13.734800 1.633350
263 7.737940 1.564760
263 15.475900 0.754817
263 6.540400 1.566330
263 5.282630 1.508290
263 11.566200 9.754960
263 15.475900 8.947560
263 3.423010 1.517590
263 2.591480 1.461370
264 0.000000 1.500000
264 19.621200 0.483877
264 13.734800 8.934520
264 11.566200 1.616320
264 9.311760 1.597250
264 13.734800 1.633350
264 7.737940 1.564760
264 15.697000 0.765601
264 6.540400 1.566330
264 5.282630 1.508290
264 11.566200 9.742280
264 15.260900 8.823280
264 2.597610 1.464820
265 0.000000 1.500000
265 19.621200 0.483877
265 13.734800 8.949570
265 11.566200 1.616320
265 9.311760 1.597250
265 13.734800 1.633350
265 7.792820 1.567320
265 15.697000 0.748396
265 6.540400 1.573500
265 5.282630 1.508290
265 11.566200 9.754960
265 15.260900 8.840010
265 3.423010 1.521340
265 2.591480 1.461370
266 0.000000 1.500000
266 13.734800 8.949570
266 19.621200 0.483877
266 11.445700 1.599480
266 9.311760 1.597250
266 13.734800 1.633350
266 7.848480 1.587120
266 15.924500 0.759242
266 6.540400 1.566330
266 5.282630 1.508290
266 11.566200 9.754960
266 15.260900 8.823280
266 3.412380 1.516610
266 2.597610 1.467670
267 0.000000 1.500000
267 13.734800 8.949570
267 19.621200 0.483877
267 11.445700 1.599480
267 9.311760 1.597250
267 13.734800 1.633350
267 7.737940 1.564760
267 15.475900 0.754817
267 6.540400 1.573500
267 5.282630 1.508290
267 11.566200 9.742280
267 15.260900 8.823280
267 3.423010 1.521340
267 2.597610 1.467670
268 0.000000 1.500000
268 10.565300 9.837170
268 19.277000 0.581029
268 12.486200 8.957100
268 18.012900 -0.187557
268 10.565300 1.708040
268 8.139170 1.654820
268 12.486200 1.703830
268 6.659320 1.631300
268 14.848500 0.854413
268 5.333920 1.593090
268 4.130780 1.537090
268 14.457700 9.103670
268 2.224270 1.529770
268 1.565220 1.404180
269 0.000000 1.500000
269 19.621200 4.569950
269 18.313100 3.602910
269 12.486200 9.983500
269 15.475900 0.686969
269 16.904400 1.917640
269 12.629700 9.807560
269 13.399800 -0.007343
269 10.772400 9.050080
269 19.978000 4.718730
269 6.699920 1.758740
269 4.412800 1.709740
269 8.933230 1.777100
269 2.876410 1.672490
269 10.879100 0.912180
269 1.708850 1.562990
270 -0.487335 1.388176
270 14.773565 6.269376
270 16.160965 7.488136
270 10.958365 4.209916
270 8.445895 1.126756
270 12.593465 5.343436
270 6.053065 0.257356
270 9.323265 2.345196
270 3.788105 1.029226
270 1.617625 1.725796
271 0.000000 1.500000
271 19.978000 15.338600
271 18.313100 5.449530
271 16.904400 6.012310
271 14.087000 5.998420
271 11.445700 6.379110
271 9.080890 5.648340
271 7.181620 4.876300
271 4.798200 3.910080
271 2.922310 2.413440
271 19.277000 4.341870
271 1.558560 1.346950
272 0.000000 1.500000
272 12.486200 -7.698040
272 13.734800 -9.190430
272 1.813180 1.567000
272 14.087000 6.060180
272 11.445700 10.820000
272 19.621200 3.838760
272 5.813690 0.207091
272 9.723780 -3.213280
272 7.630470 -1.191770
272 12.486200 7.711730
272 11.098900 -5.528900
272 16.904400 4.900640
272 3.270200 1.517940
273 0.000000 1.500000
273 15.260900 5.862680
273 15.260900 9.943970
273 14.457700 11.544000
273 15.924500 8.665840
273 11.445700 3.543950
273 12.486200 4.098780
273 15.697000 7.234500
273 13.908700 5.068800
273 13.734800 3.635530
273 9.156560 2.644480
273 6.540400 1.451630
273 4.412800 1.288960
273 1.795400 1.423730
274 0.000000 1.500000
274 5.971670 1.947190
274 7.792820 5.718360
274 8.079320 7.575680
274 7.630470 4.328010
274 6.867420 2.991970
274 2.733300 1.667170
274 4.559280 1.756500
274 1.846700 1.632400
275 0.000000 1.500000
275 5.783090 5.454280
275 4.115310 3.574610
275 1.597070 -1.145680
275 2.746970 2.268630
275 1.941320 1.745830
276 0.000000 1.500000
276 4.819240 3.826870
276 6.243110 5.826560
276 4.069580 2.642800
276 3.194150 1.783720
276 1.601730 1.329840
277 0.000000 1.500000
277 9.554670 3.660070
277 17.168600 5.108930
277 17.441100 5.591460
277 6.824770 2.793860
277 19.621200 4.161340
277 4.292140 2.227510
277 2.693110 1.716440
277 1.786650 1.569530
278 -0.488283 1.607610
278 4.598697 2.808960
278 19.132917 14.161510
278 6.466067 5.904330
278 16.952817 13.402910
278 5.754827 4.339820
278 2.715177 1.893020
278 0.850067 1.312660
279 0.000000 1.500000
279 6.540400 4.440910
279 7.962230 0.397075
279 5.308150 2.946790
279 3.231730 1.850750
279 6.910610 6.245020
279 1.604070 1.460120
280 0.000000 1.500000
280 7.904940 7.594120
280 16.648300 0.593034
280 14.848500 0.284804
280 10.879100 -3.893160
280 9.233510 5.136050
280 8.079320 -2.519320
280 10.565300 3.097640
280 7.630470 -1.517940
280 6.867420 -0.267208
280 5.844610 1.008930
280 4.430590 1.653510
280 2.628680 1.989430
280 8.584280 -3.711740
281 0.000000 1.500000
281 15.697000 0.473124
281 19.978000 3.120270
281 13.565300 9.121580
281 15.051900 12.133900
281 18.623500 0.112267
281 11.566200 8.335130
281 18.012900 2.122360
281 15.260900 -0.677428
281 10.365900 -0.085211
281 8.079320 0.951941
281 8.861190 8.337940
281 12.629700 -1.211240
281 5.783090 1.099730
281 3.499320 1.236920
281 2.184470 1.310860
281 2.100930 1.327510
281 1.620630 1.409480
282 0.000000 1.500000
282 8.020350 6.685270
282 11.566200 8.956300
282 17.168600 9.662750
282 14.848500 9.724030
282 4.559280 3.430550
282 3.444470 2.097170
282 5.971670 5.278700
282 2.023550 1.305230
283 0.000000 1.500000
283 20.347900 1.393880
283 13.908700 -10.907400
283 12.486200 11.461500
283 13.734800 8.272140
283 18.313100 2.759890
283 12.629700 -9.115420
283 13.734800 -10.138800
283 14.270000 9.532860
283 10.565300 -4.521970
283 8.651870 -2.233200
283 6.910610 -0.640029
283 4.559280 0.936967
283 2.188820 1.392640
283 14.087000 5.952100
283 15.697000 4.258120
283 1.807220 1.468750
284 0.000000 1.500000
284 15.260900 5.996490
284 15.260900 10.144700
284 13.565300 3.843400
284 13.908700 5.190750
284 13.734800 13.119500
284 15.475900 7.251340
284 15.697000 14.426000
284 14.087000 11.464200
284 15.697000 13.737800
284 15.260900 2.400270
284 11.814900 3.114390
284 9.006450 2.680100
284 6.540400 1.501810
284 4.292140 1.310160
284 1.693050 1.414930
284 1.819180 1.554240
285 0.000000 1.500000
285 6.243110 5.655490
285 5.844610 4.154250
285 5.282630 2.961570
285 4.275440 1.904880
285 2.795900 1.739060
285 1.837440 1.666510
286 0.000000 1.500000
286 19.621200 -4.311880
286 19.277000 10.448000
286 14.087000 9.688560
286 13.734800 -1.392490
286 19.621200 -3.215090
286 11.445700 0.219537
286 9.311760 0.933855
286 12.074600 10.289600
286 16.399800 -2.938890
286 6.463460 1.037840
286 3.924240 1.120440
286 2.180130 1.124270
287 0.000000 1.500000
287 10.565300 9.478200
287 8.584280 5.809880
287 6.172960 2.845030
287 4.466620 1.882350
287 7.737940 4.049720
287 2.641320 1.564740
287 11.445700 11.008200
287 9.006450 7.586200
287 1.795400 1.465050
288 0.000000 1.500000
288 8.324150 4.365640
288 1.772240 1.494710
288 8.452210 5.072020
288 6.867420 4.512420
288 5.493940 3.248640
288 8.517730 0.471457
288 1.708850 1.467470
289 0.000000 1.500000
289 9.391350 8.507410
289 8.020350 4.654640
289 6.824770 3.130470
289 4.756660 1.983730
289 9.638490 6.449430
289 2.420240 1.558450
289 1.783750 1.563070
290 0.000000 1.500000
290 19.621200 3.903270
290 12.486200 -2.784980
290 14.270000 4.246390
290 19.277000 4.532030
290 10.464600 7.013700
290 16.904400 3.066370
290 10.365900 -0.971405
290 11.327700 -2.116860
290 9.810600 -0.059140
290 12.208700 5.198630
290 8.651870 1.047850
290 7.525940 2.165290
290 5.971670 2.542810
290 4.069580 2.544670
290 1.941320 1.747960
290 1.532480 1.277380
291 0.000000 1.500000
291 19.621200 3.709720
291 17.168600 1.025550
291 10.772400 8.695870
291 16.158600 1.018360
291 15.051900 12.892800
291 17.441100 1.003600
291 17.722400 2.709710
291 15.260900 12.687100
291 13.565300 9.760900
291 15.260900 -0.175629
291 12.629700 -0.782113
291 9.988980 0.322976
291 8.079320 1.323860
291 9.723780 8.915130
291 11.445700 8.975910
291 3.289780 1.451310
291 1.652310 1.442460
291 5.722850 1.408170
291 1.868690 1.502320
291 1.801290 1.507370
292 0.000000 1.500000
292 13.734800 -9.039890
292 15.475900 -9.880480
292 18.944600 4.163190
292 14.650500 -11.392800
292 13.734800 6.360290
292 16.158600 5.109490
292 13.908700 9.733610
292 11.689200 7.719150
292 10.772400 9.723080
292 10.667800 -5.244030
292 9.156560 -2.975660
292 15.475900 -10.881200
292 7.424240 -1.078190
292 5.493940 0.286025
292 2.883960 1.550440
292 12.486200 -7.588560
292 1.639980 1.487420
293 0.000000 1.500000
293 12.486200 5.439950
293 13.080800 10.559300
293 15.260900 12.787500
293 13.734800 9.295810
293 13.908700 6.318850
293 6.867420 2.916700
293 4.430590 1.697210
293 2.228780 1.444930
293 1.724940 1.449150
293 13.908700 7.950010
294 0.000000 1.500000
294 4.430590 3.629940
294 5.971670 5.651770
294 2.647680 1.571410
294 3.724700 2.492320
294 1.733100 1.579480
295 0.000000 1.500000
295 7.962230 7.108080
295 8.139170 5.348050
295 7.683830 4.088780
295 7.683830 3.676110
295 5.333920 2.288780
295 3.270200 1.862030
295 1.763700 1.516510
296 0.000000 1.500000
296 3.924240 3.692520
296 17.168600 13.275700
296 1.672430 1.516850
297 0.000000 1.500000
297 7.228860 5.241150
297 7.848480 7.066750
297 6.314870 3.547190
297 4.655880 2.390770
297 2.922310 1.542230
297 1.608770 1.363890
297 1.708850 1.325120
298 -0.554383 1.832257
298 5.584097 5.718037
298 4.912217 3.882287
298 3.455787 2.510137
298 0.554387 1.167743
298 1.141277 1.665737
299 0.000000 1.500000
299 9.898980 7.057720
299 4.258870 2.789060
299 6.501700 5.127250
299 9.898980 5.267520
299 9.156560 3.617960
299 5.439540 3.860370
299 8.020350 2.175680
299 2.497240 1.917330
299 6.659320 5.930340
300 0.000000 1.500000
300 8.020350 7.546750
300 14.087000 2.894990
300 16.648300 0.337573
300 14.848500 0.056961
300 8.584280 -3.871690
300 9.638490 5.181730
300 10.772400 -3.890410
300 10.667800 2.975710
300 7.577840 -1.607140
300 6.867420 -0.357531
300 5.875870 0.949928
300 8.079320 -2.643300
300 4.430590 1.614660
300 2.641320 1.984520
301 0.000000 1.500000
301 6.388300 3.112320
301 8.584280 0.954985
301 7.737940 0.597917
301 2.781740 1.513780
301 1.587840 1.285240
301 3.924240 1.989270
302 0.000000 1.500000
302 15.260900 1.480300
302 18.944600 4.370830
302 16.904400 3.270180
302 20.347900 5.296760
302 13.565300 10.102900
302 9.006450 0.577479
302 11.566200 -0.450034
302 6.579570 1.467530
302 13.734800 0.233336
302 9.723780 8.957760
302 4.412800 1.511440
302 9.810600 9.134520
302 1.620630 1.430790
302 2.001430 1.505940
302 1.780850 1.439520
303 0.000000 1.500000
303 20.731800 5.351250
303 18.623500 6.256320
303 19.978000 -7.171150
303 19.621200 4.828010
303 15.475900 -8.116410
303 13.734800 7.760310
303 15.697000 5.892540
303 9.810600 -3.596820
303 19.621200 -8.763550
303 13.565300 -6.980570
303 15.924500 6.937900
303 9.723780 9.085650
303 18.623500 -8.930310
303 11.689200 -5.528320
303 10.667800 10.131500
303 8.079320 -1.616090
303 5.722850 0.021954
303 3.614430 1.051800
303 1.786650 1.649810
303 10.667800 8.272360
304 -0.458365 1.699755
304 10.987335 10.643455
304 6.160835 2.996525
304 12.027835 7.596715
304 13.276435 10.699855
304 11.887535 9.177995
304 11.887535 6.241625
304 3.972225 2.222325
304 1.591615 1.405195
304 0.807515 1.148084
305 0.000000 1.500000
305 17.168600 6.915410
305 17.441100 8.975020
305 6.910610 3.578860
305 4.466620 2.773350
305 19.621200 6.204380
305 2.883960 2.094120
305 2.019830 1.843000
306 0.000000 1.500000
306 19.978000 11.616200
306 18.313100 11.370700
306 6.104370 5.041400
306 5.110640 3.509320
306 3.724700 2.100410
306 1.667360 1.371530
306 1.574190 1.344930
307 0.000000 1.500000
307 11.814900 7.957550
307 16.648300 12.417200
307 13.734800 12.080800
307 14.087000 7.665930
307 13.565300 12.362800
307 16.904400 7.161050
307 18.012900 3.405650
307 9.810600 1.930130
307 9.554670 7.440580
307 14.650500 12.372300
307 7.577840 3.392850
307 6.501700 1.614070
307 9.156560 0.687463
307 4.949490 0.615720
307 8.079320 5.769200
307 3.260500 0.741530
307 1.587840 1.365300
308 0.000000 1.500000
308 7.043510 1.092380
308 10.772400 8.672250
308 11.212100 7.170590
308 11.212100 10.033900
308 10.565300 3.421880
308 11.327700 5.332510
308 11.445700 10.656900
308 11.689200 10.845200
308 9.233510 2.019000
308 4.736150 0.931787
308 2.719770 1.232630
308 2.008750 1.619330
309 0.000000 1.500000
309 3.802030 3.039960
309 9.156560 4.922640
309 7.683830 2.564430
309 5.971670 0.494162
309 4.883500 4.370330
309 2.141890 1.846380
309 1.632670 1.368050
310 0.000000 1.500000
310 19.978000 5.616490
310 19.277000 5.123620
310 17.168600 3.979890
310 15.260900 3.052610
310 13.734800 1.332270
310 12.208700 0.073597
310 12.486200 11.311000
310 7.228860 0.479349
310 9.723780 -0.559527
310 5.110640 1.425570
310 2.846600 1.486670
310 1.690440 1.451660
310 1.647360 1.483280
311 0.000000 1.500000
311 18.623500 3.296560
311 20.347900 14.396000
311 16.904400 4.789470
311 14.457700 5.474880
311 11.445700 5.852220
311 9.006450 5.256540
311 6.954350 4.493320
311 4.655880 3.743070
311 2.666960 2.328250
311 1.599400 1.426070
312 0.000000 1.500000
312 20.731800 6.919130
312 19.621200 -7.000080
312 17.168600 7.893910
312 14.457700 -7.217970
312 19.277000 -4.384130
312 13.908700 8.056720
312 9.638490 9.016520
312 11.814900 8.708630
312 9.638490 8.942570
312 12.926900 -5.561100
312 11.327700 -4.463420
312 10.269000 9.786470
312 9.156560 -2.674580
312 7.228860 -0.851736
312 19.621200 7.301160
312 17.441100 -6.470810
312 4.883500 0.553985
312 1.813180 1.672330
312 2.679970 1.393770
313 -0.565802 1.810009
313 7.573368 3.936339
313 5.974598 3.367389
313 11.642898 8.171509
313 11.377498 6.678479
313 11.123398 9.617829
313 3.743168 2.489579
313 1.442948 1.629909
313 0.565798 1.189990
314 0.000000 1.500000
314 3.095180 2.705470
314 2.088950 1.713750
314 1.948200 1.288660
315 0.000000 1.500000
315 4.777340 2.191330
315 6.314870 4.315460
315 5.722850 3.158190
315 6.243110 5.990790
315 3.060690 1.655510
315 1.881490 1.601290
316 0.000000 1.500000
316 9.156560 3.617960
316 6.501700 2.804130
316 17.168600 6.087440
316 3.995590 2.261920
316 19.621200 4.182850
316 2.368080 1.745480
316 1.825230 1.631430
317 -0.492872 1.415873
317 19.128328 9.002003
317 18.451728 4.909633
317 19.128328 7.001983
317 16.411528 1.277673
317 11.196328 10.786773
317 14.983028 -0.143495
317 7.586448 -0.478186
317 9.406108 -1.011775
317 5.511428 0.636488
317 18.130628 2.559243
317 3.546788 1.795403
317 1.922048 1.915563
317 1.584228 1.451433
318 0.000000 1.500000
318 12.486200 4.358800
318 9.156560 6.478210
318 10.174000 9.149450
318 8.651870 4.509070
318 7.474740 2.978020
318 5.386210 1.803520
318 3.103920 1.376120
318 1.576450 1.383150
319 0.000000 1.500000
319 16.904400 5.122970
319 9.810600 8.113000
319 14.087000 7.712250
319 11.689200 6.912000
319 4.193840 3.224530
319 17.722400 9.197470
319 13.238400 -1.240590
319 11.689200 -0.595752
319 10.565300 0.422668
319 13.734800 0.986033
319 9.898980 1.242290
319 9.080890 2.274270
319 18.623500 5.970550
319 7.630470 3.207330
319 6.037290 3.397890
319 14.087000 5.859460
320 0.000000 1.500000
320 8.720530 4.000050
320 8.720530 1.381140
320 4.695670 2.663390
320 6.172960 3.156250
320 19.621200 7.150620
320 3.370510 2.166660
320 2.210840 1.791930
320 7.088950 0.431223
321 0.000000 1.500000
321 19.978000 -0.514571
321 17.168600 0.498662
321 15.260900 1.480300
321 14.087000 9.858400
321 12.629700 1.488090
321 15.924500 10.027200
321 10.365900 1.494030
321 7.228860 1.461820
321 5.971670 1.430120
321 8.584280 1.472460
321 1.669890 1.399240
322 0.000000 1.500000
322 18.944600 13.174800
322 16.904400 0.657742
322 13.908700 1.562560
322 11.814900 1.586330
322 12.345900 10.453200
322 9.311760 1.556420
322 15.260900 10.261800
322 13.565300 10.251500
322 6.425660 1.517720
322 5.110640 1.453580
322 7.737940 1.530840
322 2.378330 1.435010
323 0.000000 1.500000
323 13.908700 1.562560
323 16.648300 0.647776
323 13.908700 1.547320
323 11.814900 1.573380
323 12.345900 10.453200
323 15.260900 10.261800
323 9.311760 1.556420
323 13.734800 10.364600
323 6.501700 1.528550
323 5.110640 1.453580
323 7.683830 1.528550
323 2.373190 1.431910
324 0.000000 1.500000
324 16.648300 0.647776
324 13.734800 1.543030
324 11.814900 1.573380
324 12.208700 10.337000
324 15.260900 10.278500
324 9.311760 1.556420
324 13.565300 10.251500
324 6.501700 1.542810
324 5.110640 1.453580
324 18.944600 13.174800
324 7.737940 1.530840
324 2.373190 1.434510
325 0.000000 1.500000
325 13.734800 1.543030
325 16.648300 0.647776
325 11.689200 1.569450
325 12.208700 10.323700
325 9.311760 1.556420
325 15.260900 10.261800
325 13.565300 10.251500
325 6.463460 1.533730
325 5.110640 1.464780
325 7.737940 1.530840
325 3.212830 1.491310
325 2.378330 1.437620
326 0.000000 1.500000
326 18.623500 12.971900
326 16.399800 0.656082
326 13.908700 1.547320
326 11.689200 1.569450
326 9.311760 1.546220
326 12.345900 10.439700
326 15.260900 10.261800
326 13.734800 10.394700
326 6.501700 1.542810
326 5.134520 1.466000
326 7.737940 1.522360
326 3.231730 1.500080
326 2.368080 1.431420
327 0.000000 1.500000
327 13.734800 1.543030
327 12.345900 10.439700
327 11.689200 1.569450
327 15.260900 10.278500
327 9.391350 1.580020
327 13.734800 10.379700
327 6.463460 1.533730
327 5.110640 1.464780
327 7.737940 1.522360
327 3.222250 1.495680
327 2.378330 1.437620
328 0.000000 1.500000
328 12.208700 10.337000
328 15.260900 10.278500
328 9.233510 1.543350
328 13.734800 10.379700
328 6.463460 1.526650
328 5.110640 1.453580
328 7.683830 1.520130
328 3.250850 1.508960
328 2.373190 1.434510
329 0.000000 1.500000
329 16.399800 0.656082
329 12.345900 10.453200
329 15.260900 10.278500
329 13.565300 10.251500
329 5.086980 1.480300
329 3.241260 1.504510
329 2.378330 1.437620
330 0.000000 1.500000
330 18.313100 12.735600
330 16.648300 0.647776
330 13.908700 1.547320
330 11.814900 1.573380
330 9.311760 1.556420
330 12.208700 10.323700
330 15.260900 10.278500
330 7.683830 1.528550
330 6.463460 1.533730
330 13.565300 10.236700
330 5.086980 1.452430
330 2.368080 1.431420
331 0.000000 1.500000
331 18.944600 13.174800
331 16.648300 0.647776
331 13.908700 1.547320
331 11.814900 1.573380
331 12.208700 10.337000
331 9.311760 1.556420
331 7.737940 1.530840
331 6.314870 1.512320
331 13.565300 10.251500
331 5.110640 1.453580
331 2.373190 1.434510
332 0.000000 1.500000
332 18.944600 13.195600
332 16.158600 0.628724
332 13.908700 1.547320
332 11.814900 1.573380
332 12.345900 10.439700
332 15.260900 10.278500
332 9.311760 1.556420
332 7.737940 1.522360
332 6.278780 1.496790
332 13.734800 10.379700
332 5.086980 1.458000
332 3.121560 1.476310
332 2.362980 1.425750
333 0.000000 1.500000
333 16.648300 0.647776
333 13.908700 1.562560
333 11.814900 1.573380
333 9.311760 1.556420
333 7.630470 1.509580
333 6.463460 1.533730
333 5.110640 1.453580
334 0.000000 1.500000
334 13.734800 1.543030
334 16.648300 0.647776
334 11.689200 1.556640
334 9.233510 1.543350
334 7.630470 1.509580
334 6.463460 1.540820
334 5.110640 1.453580
334 2.399100 1.444920
335 0.000000 1.500000
335 13.908700 1.547320
335 16.158600 0.628724
335 11.689200 1.556640
335 9.311760 1.556420
335 7.577840 1.490860
335 6.463460 1.540820
335 5.086980 1.452430
335 2.373190 1.447520
336 0.000000 1.500000
336 13.734800 1.527980
336 16.399800 0.638107
336 11.814900 1.573380
336 9.233510 1.543350
336 7.630470 1.509580
336 6.463460 1.540820
336 5.110640 1.453580
336 2.373190 1.444920
337 0.000000 1.500000
337 13.908700 1.562560
337 16.399800 0.638107
337 11.689200 1.569450
337 9.311760 1.556420
337 7.630470 1.501210
337 6.425660 1.531800
337 5.110640 1.453580
338 0.000000 1.500000
338 2.388670 1.388890
338 16.158600 0.646434
338 13.734800 1.543030
338 11.814900 1.573380
338 9.233510 1.553470
338 7.630470 1.509580
338 6.463460 1.540820
338 5.110640 1.453580
339 0.000000 1.500000
339 16.648300 0.647776
339 13.734800 1.527980
339 11.689200 1.556640
339 7.630470 1.501210
339 6.388300 1.522900
339 5.110640 1.459180
339 9.233510 1.543350
340 0.000000 1.500000
340 2.399100 1.394960
340 13.908700 1.562560
340 16.904400 0.657742
340 11.689200 1.569450
340 9.233510 1.543350
340 7.630470 1.509580
340 6.463460 1.540820
340 5.086980 1.452430
