1 -0.002760 -1.499956
2 -0.002376 -1.499956
2 4.172151 1.095194
3 -0.473952 -1.667752
3 1.839280 -0.843637
4 -0.002993 -1.499957
4 14.559483 6.915233
4 14.950483 -0.399508
4 17.586583 4.347273
4 11.739783 -0.605188
4 11.614683 6.639823
4 2.036683 -1.270727
4 3.550303 -1.160497
4 5.403003 -1.011177
4 7.312883 -0.925787
4 9.222573 6.568343
4 9.210683 -0.807937
5 -0.002992 -1.499951
5 15.152346 -0.404963
5 11.864546 -0.611652
5 11.614546 6.639799
5 9.210486 -0.817974
5 9.146256 6.524019
5 7.312696 -0.925771
5 5.402836 -1.005121
5 3.538156 -1.156531
5 2.036496 -1.270651
5 14.368646 6.826609
6 -0.003016 -1.499955
6 15.152523 -0.405240
6 14.373023 6.841695
6 11.864623 -0.611874
6 11.618223 6.639485
6 9.213333 -0.818230
6 9.222673 6.568165
6 7.310563 -0.933885
6 5.401263 -1.011205
6 17.586523 4.346765
6 3.551323 -1.160555
6 2.032393 -1.270575
7 -0.002997 -1.499952
7 11.614816 6.639738
7 14.950416 -0.415720
7 11.868216 -0.611815
7 9.146486 6.523988
7 9.216146 -0.818161
7 17.591716 4.347018
7 14.559716 6.930748
7 7.361906 -0.940072
7 5.374446 -1.006052
7 3.551376 -1.160442
7 2.032446 -1.270462
8 -0.003000 -1.499949
8 15.147995 -0.404903
8 11.868095 -0.611795
8 9.213295 -0.818070
8 9.222575 6.568331
8 7.312755 -0.925769
8 11.614695 6.639761
8 5.401225 -1.011079
8 14.368695 6.842021
8 3.551295 -1.156379
8 2.032365 -1.268009
9 -0.002996 -1.499948
9 15.152434 -0.404958
9 14.372734 6.826572
9 11.732634 -0.617671
9 9.213274 -0.807985
9 9.222524 6.578412
9 7.312694 -0.933758
9 5.374324 -1.000028
9 11.614634 6.639822
9 3.538184 -1.152428
9 2.027484 -1.265368
10 -0.002968 -1.499957
10 14.950415 -0.399294
10 14.372815 6.826783
10 11.864615 -0.624210
10 9.222505 6.578623
10 9.210555 -0.817733
10 7.361845 -0.931757
10 5.402895 -1.010927
10 11.618015 6.639953
10 3.539355 -1.152307
10 2.036565 -1.272937
11 -0.002996 -1.499949
11 15.152477 -0.405038
11 11.868177 -0.611801
11 11.614777 6.639751
11 9.222647 6.568321
11 14.368577 6.826671
11 9.293577 -0.825032
11 7.310617 -0.925719
11 5.376077 -1.006109
11 14.364477 6.826691
11 3.551367 -1.156389
11 2.048587 -1.278499
12 -0.003006 -1.499950
12 15.152566 -0.388923
12 17.586566 4.365820
12 14.368866 6.841860
12 11.868166 -0.611924
12 11.614866 6.639630
12 9.213396 -0.818169
12 9.222756 6.568230
12 7.310646 -0.925790
12 5.376096 -1.006160
12 3.550276 -1.156380
12 2.033146 -1.265570
13 -0.002980 -1.499958
13 14.372958 6.826502
13 15.152558 -0.404943
13 11.868258 -0.624551
13 11.614758 6.639782
13 9.210698 -0.817965
13 9.146458 6.524022
13 7.312888 -0.933798
13 5.403038 -1.011138
13 3.550328 -1.160448
13 2.032518 -1.268048
14 -0.002989 -1.499958
14 11.614698 6.639922
14 14.950498 -0.415464
14 11.868198 -0.624442
14 14.368598 6.842092
14 9.222618 6.578472
14 9.216238 -0.808002
14 7.312918 -0.925698
14 5.372878 -1.005968
14 14.368598 6.842222
14 3.551468 -1.156378
14 2.033218 -1.268048
15 0.085890 -1.497483
15 16.320900 -0.208696
15 16.239300 7.199437
15 19.378900 11.753817
15 13.482500 -0.499698
15 16.672400 -0.249434
15 10.203500 -0.692186
15 17.026200 7.951917
15 10.276600 6.650827
15 13.389700 7.014067
15 7.696570 6.488797
15 7.641470 -0.911501
15 5.785150 -1.014503
15 17.229600 4.492307
15 3.802810 -1.092783
15 20.447900 13.464217
15 20.502000 0.105395
15 1.946630 -1.223653
16 0.114800 -1.495583
16 3.721780 -1.244988
16 12.518140 -0.633658
16 6.477440 -1.078170
16 6.348940 6.196467
16 1.815810 -1.367573
16 9.301440 6.490407
16 12.097740 6.782347
16 10.653040 6.509967
16 16.923540 13.144817
16 15.555040 -0.459648
16 15.822840 9.811917
16 9.360740 -0.861467
16 18.104740 -0.258612
17 -0.392400 -1.447500
17 20.511600 6.721540
17 22.344500 5.989590
17 21.317400 8.009320
17 7.925100 -0.075800
17 5.548500 -1.711100
17 3.025200 -2.807320
17 0.648400 -2.601980
17 10.081800 2.113008
17 11.329000 4.215560
18 1.017800 -1.101580
18 5.907200 2.342750
18 25.440900 1.269930
18 23.870800 0.092500
18 18.832100 -0.435050
18 4.522300 17.120330
18 14.642900 0.774500
18 7.827200 16.877930
18 9.380500 17.898530
18 25.731000 2.662600
18 11.271600 2.491580
18 12.768200 1.627990
18 17.924400 -0.487770
18 4.501100 17.079930
18 16.262100 0.182120
18 9.698000 2.874860
18 19.128100 -0.359010
18 3.667900 1.194440
18 10.728900 18.039930
18 1.808900 -0.101190
19 1.262000 -0.810300
19 9.442100 4.822200
19 4.839700 1.590400
19 2.798200 0.546500
19 6.558800 3.021500
20 0.703500 -1.627000
20 5.513600 -4.283000
20 3.862300 -2.399400
20 1.936900 -1.497700
21 0.667310 -1.343280
21 8.126530 -2.711840
21 8.216540 -3.691730
21 7.328340 -0.890980
21 3.348780 -0.308220
21 5.720770 0.034860
21 0.772850 -1.396900
22 -0.095080 -1.496852
22 20.099330 -0.869098
22 14.330600 6.420948
22 12.171360 6.586058
22 17.168630 -1.077014
22 17.442130 6.722778
22 20.100030 6.771308
22 14.550190 -1.215942
22 12.457080 -1.262612
22 10.318950 -1.290892
22 14.694050 6.574918
22 8.472900 -1.411782
22 5.585060 -1.626422
22 6.854870 -1.508622
22 3.938380 -1.592612
22 1.636390 -1.593952
22 -1.423990 -1.432702
23 -0.950800 -1.952140
23 14.405900 6.508140
23 17.424000 5.190650
23 6.118000 3.435960
23 4.562500 1.229689
23 2.369100 -0.929760
23 -0.048400 -2.562750
24 -0.044800 -1.499100
24 7.277000 4.601240
24 7.127500 3.005470
24 4.921700 -0.078270
24 3.626100 -1.197400
24 1.487000 -1.913270
24 6.320600 1.433770
24 0.051100 -1.957490
25 1.325300 -0.702100
25 14.087100 5.649700
25 9.507300 5.076200
25 11.243400 5.671100
25 5.023700 1.881300
25 3.007600 0.837700
25 6.712500 3.327300
26 0.277200 -1.474100
26 17.528000 1.750300
26 14.801400 0.685700
26 18.138800 1.805200
26 19.597800 2.864200
26 12.714300 -0.286900
26 10.475700 -1.764000
26 10.407400 -1.758300
26 7.975600 -2.235300
26 5.728200 -2.486700
26 3.369400 -1.303800
26 0.886900 -0.971200
27 0.982700 -1.278900
27 14.152400 -5.345300
27 14.632700 -3.482100
27 5.678900 0.673700
27 14.106200 -1.000600
27 12.450300 0.878700
27 10.639100 1.766800
27 13.803500 -5.244900
27 7.866500 1.816900
27 4.045200 -0.362700
27 1.171200 -1.409700
27 -0.405000 -2.386800
28 12.998100 14.971290
28 3.348500 -0.304790
28 10.110600 10.600290
28 6.833300 2.714450
28 11.036300 13.185090
28 12.806600 15.113290
28 2.888300 -2.063890
28 5.339500 1.511110
29 0.809780 -1.386360
29 4.622580 -1.902920
29 5.353540 -3.695920
29 2.910590 -1.018890
29 0.412810 -1.374050
30 0.034400 -1.499603
30 17.173810 6.702417
30 16.787310 6.564447
30 14.463510 6.712787
30 9.229460 6.591257
30 13.900610 -1.083518
30 17.290610 -0.977942
30 11.207280 -1.206863
30 11.304270 6.385327
30 9.203190 -1.249033
30 7.109120 -1.265493
30 5.215670 -1.355843
30 19.699310 -0.807399
30 2.443472 -1.558033
30 3.681270 -1.442573
30 0.748420 -1.497373
30 -1.401120 -1.488033
31 0.305800 -1.411397
31 20.663700 -5.364045
31 7.575300 6.799965
31 19.526000 -4.400965
31 10.614400 10.324895
31 11.798500 12.768795
31 12.346700 13.394595
31 14.177400 -1.533188
31 8.898400 7.631235
31 14.139400 -1.499886
31 12.344600 -1.098194
31 17.589300 -2.895325
31 8.583500 -1.182903
31 5.966700 -1.290435
31 10.622700 10.292295
31 4.706400 6.018005
31 2.982500 -1.464458
31 19.440800 -1.904185
31 6.253400 6.308385
31 11.702700 11.923395
31 -0.122300 -1.582970
32 -0.286400 -1.934563
32 19.479800 3.326407
32 21.695400 3.969967
32 18.298000 2.453367
32 12.881600 -3.021993
32 18.600900 2.489027
32 15.063700 -0.933703
32 0.281300 -2.287313
32 10.669400 -4.671353
32 8.041300 -5.627503
32 16.044500 1.217717
32 5.731600 -5.413363
32 4.263000 -4.891603
32 -0.896600 -1.218453
32 2.495900 -3.853563
33 1.113500 -0.933246
33 10.090700 19.277774
33 7.981800 18.287674
33 16.734800 2.250504
33 12.956300 3.976494
33 6.477200 19.081374
33 14.448400 3.099744
33 9.671000 4.540854
33 5.280200 2.843344
33 18.526700 1.619644
33 19.733600 0.884543
33 16.662000 2.295094
33 12.940800 4.016034
33 11.091500 19.233974
33 9.295400 4.362984
33 11.375700 4.422114
33 3.344400 1.573564
33 1.593100 -0.693789
34 -0.040400 -1.729800
34 15.517000 1.993370
34 14.144500 5.527610
34 14.582500 -1.212630
34 12.990800 6.939210
34 12.246400 -3.886450
34 15.515200 3.890370
34 9.047400 9.163110
34 13.740800 -2.783130
34 9.976200 -4.521455
34 15.032700 0.308580
34 11.216000 8.058610
34 6.074600 -4.252877
34 4.071000 -3.623330
34 2.568400 -2.984870
34 8.451500 -4.505174
34 0.698500 -1.932710
34 -0.766400 -1.234260
35 1.335300 -0.498590
35 1.567400 8.582210
35 2.605700 7.019510
35 3.304500 5.125220
35 3.361900 3.170950
35 3.008400 1.467430
35 2.062800 -0.058960
35 0.818600 -1.589470
36 0.922000 -1.182800
36 22.022800 4.208000
36 13.908000 1.736500
36 11.824800 2.951600
36 7.180400 2.366800
36 4.362100 0.576300
36 2.713100 -0.823600
37 0.322000 -1.523900
37 19.721700 3.680900
37 15.195800 2.645300
37 10.879800 0.512000
37 18.263200 3.477200
37 9.277700 -0.475200
37 13.955500 1.622500
37 6.856100 -1.921600
37 4.428300 -2.465000
37 2.094100 -2.677900
37 17.534700 3.859100
37 -0.366600 -1.475800
38 0.547100 -1.219100
38 8.371700 -3.290500
38 6.790300 -1.503600
38 4.988200 -0.640300
38 2.193900 -0.628600
38 0.056700 -1.785100
39 1.683035 -0.497720
39 10.930220 1.197470
39 11.675670 -1.563700
39 10.184810 -3.749270
39 11.121670 -2.775660
39 8.553580 -4.154270
39 11.719870 -0.639950
39 6.859540 1.730540
39 4.324240 0.606190
39 8.577280 -4.132260
39 5.817550 -4.219290
39 2.173321 -0.582910
39 0.397940 -1.703090
40 0.058840 -1.498843
40 5.971850 6.342427
40 18.742950 4.076997
40 16.609250 6.599027
40 14.027650 6.544487
40 13.944050 -1.101319
40 17.383750 6.853277
40 10.782350 -1.234843
40 8.175530 6.206627
40 7.989950 -1.348323
40 6.023550 -1.381423
40 15.072250 6.365147
40 3.972340 -1.393153
40 2.042530 -1.483663
40 11.069250 6.423607
40 0.524030 -1.465613
40 -0.793990 -1.591613
41 0.848300 -1.469856
41 19.918300 -6.036014
41 16.314200 -4.784064
41 13.927200 -3.188674
41 11.253300 -1.855027
41 18.099500 -5.925904
41 8.725200 -1.405723
41 5.450700 -1.516309
41 2.646300 -1.608514
41 5.722100 7.330376
41 -0.374800 -1.749180
42 1.802900 -1.105190
42 12.051100 16.920130
42 3.703400 15.581530
42 2.041800 16.838430
42 10.621100 17.958230
42 23.926200 2.658280
42 23.485800 -1.206989
42 24.106400 -0.094010
42 16.824600 -1.641029
42 14.740700 -0.976430
42 13.378900 -0.322840
42 2.086800 17.276430
42 7.589200 16.880730
42 23.964800 -1.175260
42 25.699000 1.396320
42 10.142200 1.421570
42 3.790200 15.957530
42 8.873800 1.934250
42 14.014600 15.878430
42 7.067000 15.694030
42 4.750900 1.360030
42 6.915100 1.958800
42 11.641500 0.565540
42 2.568800 0.271790
42 0.184100 -1.141160
43 0.230100 -1.418000
43 20.628500 3.580000
43 18.497400 2.476900
43 7.038900 1.744800
43 15.597000 0.985000
43 11.408700 0.226800
43 9.223200 1.385900
43 4.849000 0.858100
43 2.026200 -0.933600
44 0.396000 -1.571700
44 6.487200 -4.107200
44 4.836300 -2.270500
44 2.983100 -1.413800
44 0.114100 -1.384200
45 -0.271900 -1.475050
45 16.016659 0.076750
45 19.071410 -3.552980
45 10.997030 -1.899690
45 16.831278 -3.614540
45 17.057709 -3.678770
45 12.084240 -3.428870
45 17.210457 1.268900
45 14.270310 -1.069560
45 6.349740 -1.698980
45 9.054300 -3.254160
45 17.500910 1.258940
45 3.617800 -2.948410
45 3.814700 -1.741660
45 6.829900 -3.135080
45 1.422200 -2.862320
45 0.501700 -1.651730
45 8.661640 -1.801170
45 -1.654000 -2.626420
45 8.516660 -1.774040
45 -2.287400 -1.465660
46 -0.275020 -1.474322
46 17.884720 6.223408
46 21.333520 6.467098
46 20.224620 -1.383582
46 17.182120 5.992578
46 17.526320 -1.531262
46 14.977320 -1.642562
46 12.754770 -1.633712
46 15.137820 6.162048
46 10.597530 -1.637342
46 8.762810 -1.712702
46 5.977763 -1.894772
46 4.255224 -1.812412
46 7.150470 -1.779042
46 1.978780 -1.776562
46 -1.099330 -1.541762
47 0.558710 -1.425969
47 11.398630 6.489581
47 16.175530 10.042761
47 17.716230 16.529561
47 15.554430 10.287961
47 17.818530 14.855161
47 16.977930 13.098761
47 14.960330 9.250851
47 16.345430 5.717141
47 11.143430 -1.257261
47 9.715430 6.168621
47 17.251930 -1.087379
47 7.989530 -1.367609
47 8.358630 6.235911
47 12.466830 6.775921
47 15.389230 10.185461
47 4.896030 -1.477779
47 2.138770 -1.588229
47 14.238030 -1.205833
47 0.135120 -1.522359
48 0.222300 -1.363820
48 15.454900 6.774570
48 8.785800 5.023120
48 18.467100 5.401830
48 5.652500 7.237330
48 13.018800 6.572830
48 6.558200 3.083797
48 5.161800 1.543470
48 12.824200 6.515820
48 6.160000 7.658630
48 2.946700 -0.571090
49 1.212700 -0.882300
49 6.012200 2.362800
49 4.351600 0.897300
49 11.049900 5.122500
49 8.754500 4.182000
50 0.655400 -1.637500
50 19.790500 3.906100
50 16.644700 1.707900
50 19.685400 -1.540000
50 16.067400 1.630100
50 17.902900 2.772200
50 13.493800 0.550400
50 11.823900 -0.456300
50 9.317300 -1.940500
50 6.885000 -2.503700
50 4.535800 -2.757700
50 2.078500 -1.590800
50 -0.334200 -1.345000
51 0.653700 -1.208000
51 10.764900 -4.864500
51 8.858300 -0.675500
51 10.607900 -2.432200
51 7.232500 0.222600
51 4.411000 0.229400
51 2.257700 -0.961700
51 0.580800 -2.049400
52 -1.313700 -1.039500
52 2.337800 -18.632528
52 2.099800 -16.367650
52 4.655400 -16.368570
52 7.494900 -15.342440
52 7.695000 -16.614270
52 3.477500 -11.666930
52 5.374100 -13.640930
52 2.260000 -10.230600
52 0.987200 -8.113700
52 -0.125200 -5.446300
52 -0.068200 -3.383400
52 -0.750900 -16.640550
52 10.914000 -16.507100
52 -1.083400 -0.764200
53 0.537920 -1.205370
53 12.800990 -3.227200
53 14.526830 -0.976710
53 13.747680 -2.235830
53 14.084530 -0.005520
53 13.640620 1.900160
53 10.944610 -3.531210
53 8.136100 -3.576190
53 6.619310 1.192570
53 9.369150 2.406500
53 5.740675 -3.649190
53 4.582031 0.010520
53 2.802290 -1.158210
53 3.049930 -3.562770
53 12.654240 -3.174860
53 -0.187430 -2.060500
54 0.471430 -1.548294
54 19.750200 10.716356
54 17.461900 -1.161614
54 11.637800 6.217146
54 14.824000 6.436416
54 14.896500 -1.211574
54 15.125100 6.571726
54 12.061900 6.444366
54 13.626700 6.448366
54 20.079000 11.853656
54 11.762300 -1.314184
54 19.212900 10.431356
54 8.801300 6.174996
54 6.046420 6.069696
54 12.395900 6.561016
54 5.653190 -1.444774
54 3.799670 6.250206
54 3.747240 -1.478154
54 8.389700 -1.358844
54 1.591890 -1.436184
54 -0.337500 -1.448714
55 0.882300 -1.487649
55 12.735700 -5.213306
55 20.573000 -6.031506
55 9.138700 -2.450416
55 8.946600 -2.379256
55 18.012300 -7.021766
55 10.384700 -3.567366
55 5.281000 -1.717206
55 1.942800 -1.801726
55 7.473700 -2.150746
55 14.279800 -6.229886
55 1.883500 -1.754176
56 1.445800 -1.212560
56 13.265600 -3.605712
56 14.888700 -3.751615
56 11.688200 -3.019156
56 21.674300 0.520500
56 17.468500 -4.026222
56 22.756100 2.161290
56 11.255400 13.553420
56 1.846100 -0.678240
56 15.269400 11.022520
56 19.412300 -3.362551
56 13.699700 12.535120
56 9.462500 14.789420
56 21.304000 -0.918750
56 7.621900 15.069020
56 18.042200 10.220920
56 10.469300 -2.468942
56 8.749900 -1.553840
56 7.273800 -0.692900
56 20.953700 -2.330196
56 5.850200 -0.177800
56 4.307900 13.159120
56 4.007300 -0.107830
56 -0.240800 -1.732860
57 0.821000 -1.576218
57 8.771600 2.797660
57 7.957900 1.263040
57 9.107500 4.448540
57 6.612600 -0.205518
57 5.247200 -1.277965
57 3.145700 -1.971313
57 1.632200 -1.890177
57 -0.803900 -1.605985
58 0.662700 -1.345600
58 19.874300 3.084400
58 17.637700 2.055400
58 13.137000 -0.537200
58 10.595500 -1.079900
58 8.495600 -1.390400
58 6.158500 -0.277300
58 3.823700 0.008200
58 15.929300 1.001300
58 1.598200 -0.922300
59 0.612900 -1.368600
59 12.106100 2.622000
59 13.864200 1.735100
59 15.326000 -4.433700
59 15.945500 -2.596300
59 9.242700 2.603500
59 5.335500 0.281700
59 15.069000 -0.124000
59 6.927100 1.354000
59 2.535700 -0.856500
59 0.902600 -1.857500
60 -0.959600 -1.412800
60 7.810600 -15.361520
60 10.380100 -18.878290
60 9.650000 -16.725520
60 12.637500 -17.705580
60 2.484500 -5.784200
60 6.086300 -13.805090
60 1.496200 -3.172400
60 -0.304900 -1.306800
61 1.132510 -1.298030
61 4.048620 -1.864270
61 2.231730 -0.992600
62 0.014857 -1.499921
62 17.919027 6.563799
62 11.505727 6.195549
62 18.272027 -1.229041
62 15.878027 6.228509
62 6.697247 6.401749
62 14.456927 -1.287311
62 14.917127 6.439659
62 17.452527 6.428619
62 11.320527 -1.334801
62 12.114027 6.496149
62 8.867647 6.185719
62 8.478857 -1.373051
62 6.546567 -1.407081
62 4.527517 -1.368791
62 2.569277 -1.416411
62 -0.303710 -1.507481
62 0.985657 -1.360541
62 16.409727 6.426459
63 0.443200 -1.514340
63 17.766400 -6.245030
63 15.973600 -5.056540
63 14.111500 -3.544410
63 20.354900 -6.648890
63 11.509400 -2.160350
63 8.785400 -1.611170
63 4.502000 6.350640
63 5.421500 -1.650680
63 4.477500 6.357970
63 3.098300 5.858630
63 5.979500 7.296090
63 2.671000 -1.688960
63 -0.397600 -1.763410
64 -0.902400 -1.127210
64 14.994400 4.402020
64 11.624700 1.076320
64 12.976200 2.607746
64 9.205000 -0.974920
64 7.005800 -2.592590
64 4.452900 -3.571710
64 21.500700 5.145170
64 2.102100 -3.326260
64 20.498300 5.059260
64 0.512000 -2.655160
64 22.825700 5.378290
64 -1.273300 -1.454250
65 -0.589700 -1.379089
65 12.816000 4.794010
65 12.897600 2.885540
65 10.656500 -1.748041
65 12.140900 -0.294220
65 10.912800 8.123650
65 9.317600 -2.854541
65 7.185200 -3.521200
65 5.721000 -3.498130
65 3.270600 -3.160410
65 11.722400 6.540230
65 12.780100 1.236100
65 1.215000 -2.436284
65 -0.271500 -1.759113
66 1.298900 -0.234840
66 -0.818600 7.781840
66 1.068600 6.597840
66 2.073400 4.947980
66 2.707800 2.959080
66 2.719500 0.989960
66 -2.796200 9.040040
67 0.649000 -1.221500
67 18.169300 2.314600
67 21.229600 4.288900
67 10.483500 -0.229400
67 19.229100 3.244700
67 19.461900 3.312200
67 8.119400 0.864100
67 5.801800 1.154200
67 12.346200 0.074000
67 3.586300 0.204600
67 15.396700 0.680800
68 -0.254400 -1.477500
68 3.791200 -3.760300
68 1.972900 -1.914300
68 4.773700 -6.283200
69 0.952100 -1.601900
69 21.793140 -1.478720
69 14.572890 1.935000
69 17.112300 3.145190
69 8.161650 -2.869060
69 16.115000 -3.023110
69 18.374730 -2.809090
69 12.183069 0.641520
69 21.848010 2.747440
69 20.637500 -2.501880
69 10.409910 -6.023990
69 13.378809 -3.073800
69 7.567780 -1.483150
69 4.958530 -1.391780
69 5.537720 -2.863920
69 3.225500 -2.771640
69 2.677700 -1.383190
69 0.012600 -2.649480
69 -0.010200 -1.488490
70 1.180170 -1.233760
70 4.740920 -1.750800
70 2.951540 -0.915680
70 0.472110 -1.374550
71 1.307764 -1.490791
71 18.753920 6.246589
71 20.332720 6.365929
71 19.790120 -1.535951
71 17.385420 6.343509
71 17.919120 5.979369
71 13.868920 6.135439
71 20.882320 3.441729
71 16.580720 -1.551841
71 13.395920 -1.585261
71 14.171920 6.228199
71 11.078130 6.093419
71 10.381730 -1.561521
71 6.412360 -1.485111
71 6.472130 6.486419
71 16.488320 6.002679
71 8.624890 -1.576921
71 1.668448 -1.591061
71 2.928710 -1.518721
71 0.031140 -1.488901
71 4.544160 -1.520621
72 -0.660300 -1.346870
72 24.100700 3.669130
72 23.826400 4.675730
72 11.990100 0.521920
72 13.656100 2.044450
72 15.547200 3.784077
72 7.526700 -3.051630
72 4.961700 -3.965230
72 10.058100 -1.530100
72 2.647400 -3.686240
72 1.115600 -3.051990
72 -0.675900 -1.866240
73 1.257900 -0.966535
73 2.591400 16.331699
73 4.893800 1.390279
73 25.133600 0.712199
73 23.413100 -1.787021
73 17.258400 -2.051451
73 11.856200 0.375173
73 9.039300 16.251099
73 13.610400 -0.606524
73 25.375900 0.727719
73 11.215400 17.615999
73 4.338000 15.838199
73 7.851100 16.009099
73 19.118900 1.255909
73 10.387800 1.280089
73 12.805400 16.928699
73 9.037500 1.819079
73 6.997100 1.880189
73 2.700600 0.385434
73 0.653300 -1.370241
74 0.575100 -1.339300
74 16.811800 1.796500
74 18.476200 2.871600
74 17.956000 2.796800
74 20.714600 3.988600
74 13.838000 0.179500
74 11.609900 -0.432400
74 9.544500 -0.759700
74 14.392600 0.217200
74 7.044400 0.315100
74 4.746700 0.566700
74 2.603600 -0.411700
75 0.700500 -1.169800
75 12.728500 3.388400
75 16.591300 -3.659100
75 21.808600 -6.740600
75 16.250100 0.782300
75 20.679300 -9.530060
75 14.212000 2.527800
75 16.735200 -3.594700
75 9.942800 3.311800
75 6.331800 1.005500
75 7.929400 2.104800
75 3.551700 -0.199600
75 1.946600 -1.241100
75 17.274800 -1.744200
75 1.920600 -1.225300
76 -0.571300 -1.562400
76 11.254600 -18.427360
76 10.681300 -16.427420
76 3.422100 -6.009700
76 2.404600 -3.488000
76 0.511500 -1.629000
76 -1.433200 -0.878600
77 -1.254200 -0.821980
77 12.398200 -6.779620
77 7.031600 -7.909210
77 9.284500 -6.893130
77 10.251500 -8.118410
77 3.451600 -6.003780
77 4.060200 -7.915530
77 1.050000 -7.608780
77 17.618990 -6.877730
77 6.556900 -6.942450
77 -1.429700 -7.400090
77 1.456900 -4.451230
77 -4.188900 -8.274370
77 -0.250000 -2.993050
77 15.105400 -6.733430
77 -1.526000 -1.533620
77 12.392400 -8.102050
78 1.747160 -1.253720
78 4.758520 -1.712790
78 2.936990 -0.904700
78 0.463580 -1.343900
79 0.000000 -1.500000
79 19.277000 6.560350
79 15.260900 -0.008363
79 3.130450 -1.984890
79 16.904400 2.529060
79 18.313100 3.281760
79 11.445700 -3.719580
79 8.790300 -3.848990
79 13.399800 -2.107550
79 7.424240 -3.714660
79 5.493940 -3.043910
79 1.758060 -1.187940
79 1.547590 -1.418890
80 0.000000 -1.500000
80 19.978000 0.426985
80 19.978000 -6.623740
80 9.080890 -7.838000
80 19.277000 2.503710
80 15.260900 -10.479200
80 17.722400 3.875180
80 14.457700 8.200440
80 13.565300 10.206900
80 11.445700 10.669500
80 19.978000 -2.923200
80 10.565300 9.651890
80 7.904940 -6.285830
80 8.517730 -7.071850
80 17.168600 -10.660100
80 6.579570 -4.647790
80 5.577600 -3.279770
80 4.578280 -2.275650
80 17.168600 6.030990
80 11.445700 -4.861170
80 1.580990 -1.180920
81 0.000000 -1.500000
81 8.199910 7.140510
81 8.651870 5.675460
81 8.261560 3.825740
81 7.525940 2.000320
81 6.579570 0.530043
81 4.927300 -0.801977
81 3.626360 -1.281820
81 2.084990 -1.705920
82 0.000000 -1.500000
82 19.621200 4.935540
82 19.277000 5.208140
82 16.648300 4.370210
82 13.908700 4.138880
82 10.772400 3.571620
82 9.638490 2.477300
82 8.651870 0.877159
82 7.630470 -0.681609
82 5.971670 -1.397400
82 3.737370 -1.349730
82 1.775100 -1.298680
82 1.397950 -1.293950
83 -0.487120 -1.612755
83 20.244680 3.852395
83 19.490880 9.182375
83 19.490880 0.379920
83 1.529000 -1.589975
83 19.134080 6.242165
83 17.525780 -2.866885
83 7.592200 -3.145685
83 19.134080 18.844445
83 16.953980 -6.526215
83 5.685840 -2.808935
83 19.134080 -1.456855
83 14.988780 -3.785065
83 9.878780 -3.458705
83 3.552540 -2.284505
83 11.327780 -3.732175
83 1.121650 -1.240365
84 0.000000 -1.500000
84 15.051900 14.031100
84 10.464600 9.846710
84 19.978000 18.469800
84 9.311760 7.128940
84 9.233510 6.482050
84 7.325250 0.493769
84 8.324150 2.239840
84 3.762970 -2.051870
84 2.188820 -2.081160
84 5.907460 -1.136330
85 0.000000 -1.500000
85 9.723780 5.760470
85 9.472300 3.618140
85 6.867420 0.011291
85 8.584280 1.359560
85 4.578280 -0.970979
85 2.436340 -1.192300
85 1.526090 -1.435980
85 9.233510 7.534560
86 0.000000 -1.500000
86 5.308150 -0.061088
86 6.243110 1.837270
86 3.802030 -1.560610
86 2.555320 -2.415630
86 2.357910 -2.128230
87 0.000000 -1.500000
87 14.270000 -3.448720
87 15.475900 -4.910550
87 19.621200 -9.150650
87 15.051900 -3.472720
87 12.208700 -1.184240
87 17.168600 12.805300
87 19.621200 12.333500
87 17.168600 -4.431500
87 17.168600 -6.896590
87 13.734800 -2.340890
87 17.441100 11.154300
87 7.577840 -0.419434
87 17.168600 -8.063270
87 12.486200 -1.074300
87 4.883500 -0.923309
87 2.803030 -1.466990
87 2.125310 -2.006800
88 0.000000 -1.500000
88 16.399800 8.583000
88 15.260900 6.949900
88 15.260900 5.310700
88 14.848500 3.458340
88 15.260900 9.877060
88 13.565300 2.222780
88 10.879100 1.448760
88 8.584280 0.635088
88 6.278780 -0.030968
88 3.981110 -0.848693
88 1.574190 -1.443280
88 2.137720 -1.852160
89 0.000000 -1.500000
89 12.486200 5.316780
89 13.734800 7.263530
89 12.208700 3.298490
89 10.565300 1.360650
89 12.486200 11.256200
89 8.584280 -0.145835
89 6.037290 -0.810597
89 4.395150 -0.855064
89 2.831930 -1.109650
89 1.547590 -1.291670
89 1.554150 -1.443650
90 0.000000 -1.500000
90 8.861190 1.325720
90 16.158600 11.998900
90 15.475900 1.755590
90 17.441100 1.137410
90 19.277000 10.722600
90 12.074600 4.307740
90 9.311760 1.974870
90 18.623500 0.091855
90 5.844610 0.086480
90 7.228860 0.756659
90 3.775900 -1.086370
90 2.274920 -2.120640
90 2.373190 -2.238260
91 0.000000 -1.500000
91 8.452210 5.257300
91 8.139170 6.846760
91 8.079320 3.502260
91 7.276740 1.694810
91 6.278780 0.237422
91 4.597440 -1.045590
91 3.270200 -1.482100
91 2.215300 -1.831970
92 0.000000 -0.750000
92 12.208700 12.050500
92 9.311760 8.287180
92 8.139170 5.625250
92 6.782640 3.615820
92 5.282630 1.656132
92 3.981110 -0.159782
92 2.357910 -1.083610
92 2.092930 -1.230810
93 0.000000 -1.500000
93 19.621200 1.967770
93 17.168600 1.458350
93 19.277000 3.644640
93 15.475900 1.653810
93 12.629700 1.903370
93 9.156560 1.901810
93 7.630470 0.974325
93 6.540400 -0.448034
93 5.282630 -1.832530
93 3.444470 -2.221750
93 1.914260 -1.656460
93 1.669890 -1.236350
94 0.000000 -1.500000
94 15.051900 12.942300
94 9.898980 -1.632880
94 20.347900 13.035600
94 8.452210 -1.607300
94 16.648300 8.256860
94 16.904400 4.048350
94 17.168600 6.125070
94 19.621200 7.795790
94 15.475900 11.712400
94 16.158600 1.974720
94 14.650500 0.216777
94 15.475900 10.033100
94 12.486200 -1.156420
94 4.578280 -1.869200
94 15.697000 14.167900
94 2.666960 -1.889780
94 2.201980 -1.927150
94 6.867420 -1.757550
95 0.000000 -1.500000
95 9.233510 4.387150
95 19.277000 15.011700
95 18.623500 15.298900
95 12.208700 6.014890
95 19.621200 6.785030
95 8.933230 3.696170
95 11.445700 6.667640
95 18.012900 7.985990
95 13.399800 10.787400
95 19.621200 14.290500
95 17.168600 7.781010
95 7.792820 2.558100
95 6.243110 0.776647
95 10.269000 4.766610
95 4.905300 -0.905925
95 3.130450 -1.964300
95 2.654080 -2.485720
96 0.000000 -1.500000
96 19.621200 -9.666780
96 17.441100 -5.935550
96 19.277000 -10.469100
96 10.269000 3.247150
96 9.311760 -7.741300
96 9.156560 5.173540
96 15.475900 -3.621430
96 7.630470 7.188260
96 16.904400 -11.311300
96 2.706370 -1.454970
96 6.540400 -4.046640
96 7.474740 -5.337490
96 11.445700 1.060050
96 6.425660 -3.130520
96 4.448530 -2.118520
96 1.635100 -1.456110
96 5.577600 -2.955770
96 1.891200 -1.648940
97 0.000000 -1.500000
97 6.540400 -2.548420
97 7.325250 -2.412650
97 14.848500 6.794620
97 18.623500 1.092050
97 17.168600 -6.219160
97 11.566200 6.611060
97 19.621200 -5.774260
97 10.667800 6.354810
97 9.006450 -3.943640
97 20.731800 -0.102253
97 7.962230 6.575740
97 6.351370 6.101630
97 3.938310 -1.815110
97 1.652310 -1.511280
97 14.087000 -5.921220
97 17.168600 6.783680
97 19.621200 18.914200
97 1.735840 -1.532510
98 0.000000 -1.500000
98 7.474740 4.444500
98 6.579570 2.116570
98 5.722850 0.254035
98 4.039660 -1.476610
98 2.109000 -1.841150
98 1.878270 -1.645900
99 0.000000 -1.500000
99 17.168600 11.506900
99 9.311760 5.046900
99 8.199910 3.275920
99 6.540400 0.835136
99 4.430590 -1.163040
99 2.937930 -2.403800
99 2.654080 -2.520630
100 0.000000 -1.500000
100 7.228860 2.681980
100 7.630470 4.336370
100 7.630470 6.025760
100 6.243110 0.961400
100 5.086980 -0.398651
100 3.260500 -1.499140
100 2.180130 -1.728810
100 2.233310 -1.851760
101 0.000000 -1.500000
101 9.156560 0.687463
101 15.260900 -1.195950
101 13.399800 -0.712309
101 11.098900 -0.042577
101 7.276740 0.490499
101 5.722850 -0.191311
101 4.430590 -1.425270
101 2.868900 -2.576860
101 2.628680 -2.459050
101 17.722400 -0.534172
101 1.924320 -1.762180
102 0.000000 -1.500000
102 13.908700 9.474460
102 12.629700 11.053400
102 12.776600 12.232200
102 13.734800 12.336700
102 12.776600 3.605940
102 12.486200 7.533810
102 10.987900 1.728190
102 9.080890 0.104507
102 6.540400 -0.706102
102 4.883500 -0.843021
102 3.309600 -1.166230
102 12.629700 5.627060
102 1.760880 -1.498640
102 2.154480 -1.892660
103 0.000000 -1.500000
103 10.080600 2.038500
103 15.260900 1.881740
103 20.347900 11.095300
103 19.621200 -0.892484
103 15.260900 13.239100
103 18.012900 10.493300
103 18.012900 0.207300
103 17.168600 1.288990
103 11.814900 3.930210
103 5.257360 0.077791
103 8.861190 1.966720
103 3.289780 -1.101550
103 6.619200 0.758138
103 2.184470 -2.057870
103 2.480330 -2.320280
104 0.000000 -1.500000
104 20.731800 10.236700
104 20.347900 9.110420
104 2.154480 -1.597490
104 13.565300 1.598320
104 6.138480 -2.815680
104 19.621200 3.344130
104 15.260900 4.323830
104 11.943300 -0.674155
104 15.697000 6.133410
104 17.168600 8.627790
104 9.988980 -2.436000
104 7.737940 -2.896290
104 6.278780 -2.886920
104 4.275440 -2.387540
104 2.393870 -1.014090
104 1.722240 -1.531820
105 0.000000 -1.500000
105 17.441100 7.464840
105 17.441100 9.586730
105 10.365900 -3.209610
105 19.978000 6.952190
105 15.475900 -12.831900
105 12.486200 -7.438020
105 20.347900 10.136300
105 19.621200 -10.527000
105 18.623500 12.032900
105 13.734800 -9.747430
105 17.168600 -4.845490
105 12.208700 -2.161080
105 13.734800 -10.786200
105 12.486200 -6.001050
105 11.445700 -4.484820
105 8.452210 -2.153870
105 6.104370 -1.388310
105 3.401820 -1.325490
105 1.457280 -1.310530
106 0.000000 -1.500000
106 14.848500 3.474610
106 12.486200 8.341250
106 14.650500 5.146440
106 13.399800 8.804720
106 13.734800 0.067743
106 12.486200 -1.306960
106 11.445700 9.741160
106 13.734800 6.826960
106 2.233310 -2.074510
106 14.650500 1.838590
106 10.565300 -2.426000
106 9.156560 -2.714730
106 10.667800 9.172680
106 6.910610 -2.965340
106 4.905300 -2.755410
106 5.110640 -3.559730
106 3.360210 -2.428890
106 1.635100 -1.500910
107 0.000000 -1.500000
107 20.731800 6.987300
107 16.904400 6.160540
107 16.399800 6.408040
107 14.650500 5.467590
107 12.926900 3.960070
107 12.486200 2.360730
107 11.566200 0.627512
107 9.898980 -0.265817
107 7.737940 -0.496144
107 5.282630 -0.825072
107 2.945810 -1.041260
107 1.667360 -1.296600
108 0.000000 -1.500000
108 9.638490 7.252300
108 8.199910 0.930199
108 9.723780 4.854560
108 9.233510 2.889350
108 6.540400 -0.562731
108 4.039660 -1.556310
108 1.714180 -1.520890
108 2.113050 -1.075780
109 0.000000 -1.500000
109 18.944600 -7.340100
109 15.260900 -13.506700
109 16.158600 -12.902100
109 19.621200 -5.193610
109 19.277000 -2.545970
109 17.168600 15.797200
109 5.783090 -1.841340
109 16.648300 3.184140
109 16.904400 11.070400
109 17.722400 0.087410
109 15.697000 8.249560
109 15.260900 6.899720
109 14.087000 -10.723000
109 10.667800 -3.782490
109 17.722400 -11.547800
109 12.629700 -7.648100
109 11.689200 -4.977410
109 16.648300 14.241900
109 15.475900 5.164990
109 12.345900 -6.353100
109 17.168600 -9.211130
109 2.237860 -1.308560
109 3.910280 -1.425040
109 1.509320 -1.193560
110 0.000000 -1.500000
110 9.156560 3.206490
110 9.156560 5.153470
110 8.517730 1.022270
110 4.292140 -1.272530
110 2.162970 -1.456800
110 1.931080 -1.647730
110 6.741030 -0.336174
111 0.000000 -1.500000
111 13.399800 10.200000
111 19.978000 10.236700
111 19.978000 13.411700
111 11.566200 5.622250
111 12.486200 7.766470
111 10.772400 2.945850
111 9.233510 0.490835
111 7.630470 -1.492850
111 5.359940 -2.170710
111 3.924240 -2.350570
111 2.458140 -2.108230
111 1.856060 -1.620330
112 0.000000 -1.500000
112 20.731800 6.328340
112 3.815230 -1.365310
112 17.722400 -15.918300
112 15.051900 9.741760
112 17.441100 7.350150
112 13.734800 -12.803400
112 18.944600 -16.414000
112 19.277000 8.483030
112 16.904400 9.458510
112 20.347900 9.534170
112 10.565300 -5.668390
112 11.943300 -10.688300
112 10.667800 -7.383740
112 9.080890 -0.990326
112 11.445700 -9.339720
112 9.311760 -4.312060
112 8.020350 -3.045950
112 15.260900 -12.352600
112 19.621200 -16.634600
112 6.037290 -2.014910
112 19.277000 7.067430
112 1.727650 -1.294260
112 1.816180 -1.434230
113 0.000000 -1.500000
113 9.898980 2.696150
113 10.565300 6.247390
113 10.565300 4.591450
113 10.080600 7.761760
113 9.156560 1.159150
113 7.683830 -0.282130
113 12.926900 5.716960
113 6.278780 -0.836139
113 3.995590 -1.504300
113 2.256240 -1.648210
113 1.849810 -1.622990
114 0.000000 -1.500000
114 19.621200 5.193610
114 14.270000 4.121260
114 10.772400 3.488970
114 9.723780 2.445930
114 8.790300 0.843021
114 7.683830 -0.736906
114 17.168600 4.337420
114 5.971670 -1.423580
114 3.712120 -1.352820
114 1.507250 -1.332350
114 1.558560 -1.217130
115 0.000000 -1.500000
115 20.731800 15.349300
115 15.924500 15.263400
115 16.158600 14.407500
115 16.904400 11.885700
115 17.441100 3.909250
115 17.168600 7.950360
115 17.168600 15.402100
115 13.734800 -1.106460
115 15.697000 0.232261
115 17.168600 9.643930
115 17.441100 5.839970
115 17.168600 1.985240
115 16.904400 10.218200
115 11.445700 -1.837840
115 8.020350 -1.665820
115 5.722850 -1.746880
115 3.828530 -1.764510
115 9.472300 -1.500200
115 1.604070 -1.504080
115 1.597070 -1.366230
116 0.000000 -0.750000
116 7.374410 4.342740
116 5.493940 0.626558
116 6.540400 2.445360
116 3.775900 -1.019230
116 2.206400 -1.178600
116 6.954350 7.057410
117 0.000000 -1.500000
117 15.260900 11.315500
117 18.623500 -2.684190
117 19.978000 -1.959750
117 6.540400 -1.408620
117 11.327700 -1.235350
117 7.848480 6.765670
117 15.260900 -3.152960
117 7.737940 -1.327290
117 5.063540 -1.362490
117 9.156560 -1.249480
117 2.961690 -1.326050
117 13.565300 7.040040
117 11.943300 5.884130
117 13.734800 8.814090
117 19.978000 -0.448881
117 16.399800 -3.154590
117 17.168600 13.426200
118 -0.491740 -1.590507
118 20.240060 0.238976
118 3.885900 -2.693457
118 18.785260 -1.263127
118 16.676860 0.088259
118 10.953960 1.107533
118 9.407240 0.045114
118 14.984160 0.952663
118 8.298560 -0.760106
118 6.882670 -1.678747
118 5.479930 -2.541677
118 2.510410 -2.165157
118 1.109990 -1.295697
119 0.000000 -1.500000
119 20.731800 -3.010790
119 15.697000 -3.914030
119 14.087000 -2.647950
119 12.629700 -1.031280
119 6.104370 0.899891
119 4.540440 0.057230
119 11.327700 0.155195
119 3.260500 -0.605731
119 1.669890 -1.338840
119 8.861190 0.849819
120 0.000000 -1.500000
120 8.651870 4.300450
120 8.933230 6.173340
120 8.079320 2.342220
120 6.782640 0.747122
120 9.233510 8.141780
120 5.282630 -0.645583
120 2.053810 -1.788460
121 0.000000 -1.500000
121 7.525940 3.567580
121 7.630470 5.423600
121 5.971670 0.539978
121 4.430590 -0.721132
121 6.867420 1.930670
121 3.002150 -1.623850
121 2.065390 -1.782700
122 0.000000 -1.500000
122 7.325250 3.785570
122 6.540400 0.369180
122 6.540400 5.372820
122 5.359940 -0.895893
122 7.228860 6.786160
122 3.349960 -1.264900
122 7.181620 1.900930
122 1.760880 -1.533380
123 0.000000 -1.500000
123 11.445700 4.572640
123 11.327700 2.886630
123 10.987900 6.148030
123 12.629700 5.973130
123 8.079320 -1.084770
123 9.638490 9.217240
123 10.269000 0.782242
123 6.207840 -1.935750
123 10.879100 7.386870
123 10.365900 8.719930
123 3.924240 -2.096800
123 1.840510 -1.705610
124 -0.491279 -1.407023
124 5.751831 4.297817
124 5.143531 2.276187
124 4.265381 0.408393
124 3.064671 -0.789798
124 1.456921 -1.580043
125 0.000000 -1.500000
125 19.621200 1.688190
125 17.441100 2.360840
125 13.734800 4.057040
125 15.260900 3.403860
125 7.474740 1.863820
125 8.584280 3.128400
125 6.540400 0.842304
125 5.232320 -0.369897
125 3.868970 -1.482070
125 2.247010 -1.939470
125 1.828270 -1.694260
126 0.000000 -1.500000
126 19.978000 -5.047180
126 15.697000 -13.617400
126 16.648300 -14.132500
126 17.168600 -13.821400
126 2.171520 -1.148380
126 18.944600 -15.687200
126 9.898980 9.368710
126 11.445700 -7.696330
126 16.648300 -2.946920
126 13.734800 -0.790332
126 15.260900 -1.915200
126 19.277000 -4.447520
126 17.441100 -12.205600
126 13.908700 -10.526300
126 12.486200 0.431090
126 7.683830 -4.602510
126 12.629700 -9.212320
126 10.772400 1.883220
126 9.723780 -6.165460
126 8.079320 7.611100
126 8.079320 6.087990
126 15.260900 -12.269000
126 8.584280 4.558520
126 10.565300 3.086060
126 18.944600 -13.818500
126 6.243110 -3.342660
126 4.292140 -1.700630
126 1.695660 -1.435700
127 0.000000 -1.500000
127 7.848480 6.301150
127 8.651870 5.798730
127 6.741030 1.311450
127 7.577840 2.819760
127 5.308150 -0.107632
127 3.966740 -1.149970
127 7.962230 4.463820
127 1.887950 -1.733010
127 1.825230 -1.539400
128 0.000000 -1.500000
128 19.277000 16.004700
128 19.978000 -10.543200
128 19.621200 16.548600
128 14.457700 -10.609100
128 20.731800 12.077200
128 20.347900 9.065820
128 8.079320 -4.733140
128 17.441100 -10.963100
128 20.347900 10.827700
128 6.782640 -2.977340
128 10.667800 -8.190510
128 3.924240 -1.387110
128 2.049980 -1.493040
128 9.311760 -6.200180
128 1.543240 -1.431820
129 0.000000 -1.500000
129 17.722400 7.896040
129 5.939390 3.883100
129 5.752810 1.409240
129 4.430590 -0.672571
129 3.112710 -1.373190
129 1.642430 -1.527450
130 0.000000 -1.500000
130 10.565300 3.919820
130 16.648300 2.326520
130 18.944600 1.671510
130 15.051900 3.472720
130 6.867420 1.870450
130 5.844610 0.835974
130 8.079320 3.174610
130 4.578280 -0.363804
130 12.926900 3.988410
130 3.241260 -1.490300
130 2.081040 -1.892010
130 1.719540 -1.602930
131 -0.483929 -1.625748
131 19.137271 8.874362
131 18.793071 9.350312
131 19.137271 12.078652
131 19.137271 10.035652
131 7.308891 -7.116758
131 16.684671 5.547712
131 17.528971 11.058552
131 18.460671 -2.087948
131 16.957171 -3.614438
131 14.776971 -6.356408
131 12.754471 -6.807518
131 10.843771 -7.097118
131 5.904371 -4.813478
131 4.443371 -3.114938
131 2.939081 -1.958488
131 0.954271 -1.252038
132 0.000000 -1.500000
132 6.579570 1.683880
132 5.971670 0.166902
132 6.824770 3.586770
132 4.861890 -1.100400
132 2.788800 -1.447320
132 6.172960 5.280720
132 1.749660 -1.657850
133 0.000000 -1.500000
133 6.172960 5.098040
133 4.430590 -0.619154
133 6.540400 2.655950
133 2.634980 -1.387710
133 1.703550 -1.498390
134 0.000000 -1.500000
134 10.667800 3.981260
134 17.168600 2.474490
134 15.260900 3.571130
134 19.621200 1.774210
134 13.080800 4.093240
134 6.954350 1.909370
134 8.199910 3.221990
134 5.971670 0.880328
134 4.736150 -0.324438
134 3.370510 -1.442590
134 2.242420 -1.896180
134 1.951660 -1.725190
135 0.000000 -1.500000
135 13.080800 4.781420
135 1.804250 -1.203330
135 12.074600 9.416160
135 13.908700 7.507920
135 12.776600 3.171830
135 11.814900 1.443880
135 11.814900 10.055400
135 10.667800 0.122770
135 8.720530 -0.941469
135 7.474740 -1.216600
135 12.776600 6.308650
135 5.110640 -1.375160
135 3.212830 -1.530040
135 1.576450 -1.158530
136 0.000000 -1.500000
136 12.776600 -8.563240
136 7.276740 -2.572130
136 9.233510 -2.939950
136 14.270000 5.982480
136 15.260900 7.100440
136 12.486200 -6.356870
136 12.486200 -10.790900
136 16.648300 -6.651110
136 11.689200 -5.041470
136 10.772400 4.032100
136 6.388300 4.617710
136 8.452210 4.432810
136 9.898980 -3.444780
136 5.086980 4.725270
136 17.168600 8.383170
136 4.905300 4.664030
136 3.069240 -1.878800
136 19.978000 5.923040
136 4.905300 -2.244650
136 1.755250 -1.665070
136 1.674980 -1.535690
137 0.000000 -1.500000
137 17.168600 5.203020
137 15.697000 10.451700
137 19.621200 12.806600
137 18.012900 5.912990
137 15.924500 13.395800
137 17.168600 7.065950
137 19.621200 10.677500
137 15.051900 13.981600
137 13.734800 5.893620
137 13.565300 12.972400
137 12.486200 4.044040
137 13.734800 13.194800
137 19.978000 3.755270
137 19.277000 5.651830
137 10.879100 1.734930
137 15.260900 13.490000
137 8.861190 -0.247662
137 6.867420 -1.268290
137 4.484850 -1.600020
137 1.997800 -1.323650
137 15.697000 12.843200
137 1.700910 -1.464380
138 0.000000 -1.500000
138 9.988980 3.169540
138 14.270000 2.353890
138 16.158600 1.160040
138 18.012900 0.286272
138 12.486200 3.086060
138 6.172960 1.363310
138 7.474740 2.576580
138 3.724700 -0.720548
138 2.237860 -1.745150
138 5.086980 0.404226
138 2.117120 -1.987470
139 0.000000 -1.500000
139 13.908700 9.611660
139 12.776600 9.949610
139 8.199910 4.057820
139 7.181620 2.058360
139 5.971670 0.533433
139 4.597440 -0.939769
139 2.591480 -1.691440
139 2.104960 -1.890680
140 0.000000 -1.500000
140 6.910610 1.738300
140 6.243110 0.249759
140 6.540400 5.301140
140 7.276740 3.680740
140 5.086980 -0.978506
140 3.018650 -1.258910
140 1.547590 -1.386660
141 0.000000 -1.500000
141 19.978000 4.674930
141 19.621200 1.645180
141 17.168600 2.286320
141 15.260900 3.353680
141 13.734800 4.041980
141 7.325250 1.866690
141 8.651870 3.181480
141 10.772400 3.795960
141 6.463460 0.860731
141 5.207520 -0.316775
141 3.815230 -1.432220
141 2.197570 -1.887160
141 1.941320 -1.675620
142 0.000000 -1.500000
142 13.908700 9.169570
142 9.080890 3.657740
142 4.756660 -0.550023
142 3.157430 -1.721690
142 10.565300 7.498020
142 6.243110 0.701377
142 7.630470 2.178640
143 0.000000 -1.500000
143 9.810600 4.919410
143 9.810600 6.586100
143 9.311760 3.250630
143 8.517730 1.591750
143 7.374410 0.238438
143 5.577600 -0.834462
143 9.156560 8.254580
143 4.275440 -1.145740
143 1.772240 -1.316010
143 1.576450 -1.419430
144 0.000000 -1.500000
144 5.722850 1.859790
144 4.883500 0.077611
144 3.762970 -1.185760
144 2.279640 -2.042590
144 5.521540 3.652280
144 1.792480 -1.470520
145 0.000000 -1.500000
145 11.327700 -1.272600
145 12.486200 5.754710
145 2.388670 -2.299980
145 11.098900 8.229490
145 12.486200 0.636371
145 12.486200 4.304060
145 12.629700 2.263280
145 10.987900 7.725680
145 10.565300 8.273880
145 9.554670 8.424970
145 8.651870 -2.726310
145 6.579570 -3.205500
145 4.360270 -3.008400
146 0.000000 -1.500000
146 6.278780 3.877900
146 5.549430 1.846010
146 4.597440 0.012597
146 3.309600 -1.148090
146 1.994170 -1.758390
147 0.000000 -1.500000
147 17.168600 14.254200
147 19.621200 -2.139810
147 8.452210 6.322660
147 9.638490 -4.315460
147 6.824770 5.494220
147 15.475900 -2.807240
147 9.233510 8.354310
147 1.760880 -1.597070
147 15.051900 -3.538710
147 13.734800 12.396900
147 6.910610 5.214910
147 7.276740 -2.300960
147 11.327700 10.671200
147 8.584280 -3.523560
147 19.621200 -2.354870
147 13.080800 -4.064570
147 5.134520 -1.831800
147 3.339780 -1.769870
147 2.609950 -1.797890
147 1.997800 -1.702460
148 -0.491276 -1.407005
148 19.129924 -8.756575
148 13.417424 -6.835635
148 11.994924 -5.264845
148 9.407704 -1.821975
148 7.246664 -0.691506
148 4.526014 -0.113223
148 2.798504 -0.655195
148 1.396674 -1.066835
148 10.836424 -3.302675
148 1.233664 -1.269185
149 0.000000 -1.500000
149 8.584280 7.597540
149 8.452210 5.192450
149 7.374410 1.943880
149 8.079320 3.475690
149 6.138480 0.433957
149 4.798200 -0.686302
149 2.803030 -1.436270
149 1.642430 -1.428440
149 1.370060 -1.181040
150 0.000000 -1.500000
150 9.810600 -1.155930
150 10.565300 3.885080
150 10.667800 0.263079
150 8.517730 7.874730
150 13.238400 -0.950394
150 8.790300 8.367580
150 6.314870 -2.190610
150 9.156560 5.825880
150 8.651870 -2.470270
150 3.737370 -2.058400
150 7.683830 7.314320
150 1.958620 -1.815060
151 0.000000 -1.500000
151 17.722400 15.898900
151 19.978000 4.346480
151 20.347900 -10.961500
151 15.260900 -11.365700
151 19.621200 -12.161400
151 17.441100 14.633400
151 12.629700 -11.247200
151 19.277000 8.419640
151 8.861190 -8.532190
151 7.374410 -6.332760
151 6.314870 -4.917620
151 4.994490 -3.073740
151 20.347900 15.488800
151 2.247010 -1.385330
151 3.590810 -1.835990
151 19.621200 10.333500
151 1.597070 -1.459010
152 0.000000 -1.500000
152 16.399800 6.300190
152 10.667800 6.693890
152 17.722400 8.731290
152 20.731800 13.826900
152 13.908700 7.492670
152 19.621200 14.010900
152 16.904400 6.623740
152 17.441100 4.425380
152 9.638490 4.473930
152 8.079320 2.103120
152 19.621200 2.720460
152 6.004300 0.036195
152 15.260900 7.184080
152 4.039660 -1.020570
152 1.618240 -1.393210
152 1.511400 -1.223370
153 0.000000 -1.500000
153 7.228860 4.575610
153 5.722850 0.793468
153 3.466210 -0.970671
153 6.954350 2.946000
153 1.662310 -1.536820
154 0.000000 -1.500000
154 8.199910 -4.947580
155 0.000000 -1.500000
155 12.486200 1.443810
156 0.000000 -1.500000
156 20.731800 -1.624690
156 16.399800 -1.482930
156 13.734800 -1.422600
156 14.650500 13.656900
156 11.689200 -1.428520
156 9.810600 -1.370980
156 1.795400 -1.228910
156 3.521750 -1.202390
156 5.971670 -1.240310
156 7.683830 -1.259060
157 0.000000 -1.500000
157 16.399800 -1.482930
157 13.908700 -1.440610
157 20.731800 -1.624690
157 11.689200 -1.428520
157 9.810600 -1.370980
157 7.683830 -1.259060
157 5.971670 -1.240310
157 3.521750 -1.206250
157 1.798340 -1.230920
158 0.000000 -1.500000
158 16.399800 -1.482930
158 20.731800 -1.624690
158 13.734800 -1.422600
158 11.689200 -1.428520
158 9.810600 -1.370980
158 7.737940 -1.267920
158 5.971670 -1.240310
158 3.521750 -1.202390
158 1.798340 -1.232900
159 0.000000 -1.500000
159 16.158600 -1.461120
159 13.734800 -1.422600
159 20.731800 -1.624690
159 14.650500 13.656900
159 9.810600 -1.381740
159 7.683830 -1.259060
159 11.689200 -1.428520
159 5.971670 -1.233770
159 3.521750 -1.206250
159 1.795400 -1.226950
160 0.000000 -1.500000
160 16.399800 -1.482930
160 20.731800 -1.601970
160 13.734800 -1.422600
160 9.810600 -1.370980
160 14.270000 13.302200
160 7.737940 -1.259440
160 11.689200 -1.428520
160 5.971670 -1.240310
160 3.521750 -1.206250
160 1.798340 -1.228950
161 0.000000 -1.500000
161 20.731800 -1.624690
161 16.399800 -1.482930
161 13.734800 -1.422600
161 11.566200 -1.413490
161 9.810600 -1.370980
161 7.683830 -1.259060
161 5.971670 -1.233770
161 14.270000 13.302200
161 3.510500 -1.202390
161 1.798340 -1.228950
162 0.000000 -1.500000
162 20.731800 -1.624690
162 16.399800 -1.482930
162 13.734800 -1.422600
162 11.566200 -1.413490
162 9.810600 -1.381740
162 7.737940 -1.267920
162 5.971670 -1.233770
162 3.521750 -1.202390
162 1.798340 -1.230920
163 0.000000 -1.500000
163 20.731800 -1.601970
163 16.399800 -1.482930
163 13.734800 -1.422600
163 11.566200 -1.413490
163 9.810600 -1.381740
163 7.683830 -1.259060
163 5.971670 -1.240310
163 3.521750 -1.206250
163 1.798340 -1.230920
164 0.000000 -1.500000
164 16.399800 -1.482930
164 20.731800 -1.624690
164 13.734800 -1.422600
164 11.689200 -1.415710
164 9.810600 -1.381740
164 7.737940 -1.267920
164 14.087000 13.131700
164 5.971670 -1.233770
164 3.521750 -1.206250
164 1.795400 -1.228910
165 0.000000 -1.500000
165 16.648300 -1.523640
165 20.731800 -1.624690
165 13.734800 -1.422600
165 11.566200 -1.413490
165 9.810600 -1.370980
165 7.683830 -1.259060
165 5.971670 -1.240310
165 3.521750 -1.206250
165 1.795400 -1.226950
166 0.000000 -1.500000
166 14.270000 13.302200
166 20.731800 -1.624690
166 13.734800 -1.422600
166 16.648300 -1.523640
166 11.689200 -1.428520
166 9.810600 -1.370980
166 7.683830 -1.259060
166 5.971670 -1.240310
166 3.521750 -1.206250
166 1.795400 -1.228910
167 0.000000 -1.500000
167 20.731800 -1.624690
167 16.399800 -1.482930
167 13.908700 -1.440610
167 11.689200 -1.415710
167 9.810600 -1.370980
167 7.737940 -1.267920
167 5.971670 -1.240310
167 3.521750 -1.206250
167 1.795400 -1.228910
168 0.000000 -1.500000
168 16.648300 -1.523640
168 20.731800 -1.624690
168 13.734800 -1.422600
168 11.689200 -1.428520
168 9.810600 -1.370980
168 7.683830 -1.259060
168 5.971670 -1.240310
168 3.521750 -1.206250
168 1.801290 -1.234920
169 0.000000 -1.500000
169 20.731800 -1.601970
169 16.399800 -1.482930
169 13.734800 -1.422600
169 11.689200 -1.415710
169 9.810600 -1.370980
169 7.683830 -1.259060
169 5.971670 -1.240310
169 3.521750 -1.202390
169 1.801290 -1.230970
170 0.000000 -1.500000
170 20.731800 -1.601970
170 16.399800 -1.482930
170 13.734800 -1.422600
170 11.566200 -1.413490
170 9.810600 -1.370980
170 7.683830 -1.250640
170 5.971670 -1.240310
170 3.521750 -1.202390
170 1.795400 -1.226950
171 0.000000 -1.500000
171 17.722400 13.101800
171 14.457700 13.493100
171 16.399800 -1.482930
171 19.978000 -1.565610
171 13.734800 -1.422600
171 11.566200 -1.400810
171 9.638490 -1.346930
171 7.737940 -1.259440
171 5.939390 -1.233610
171 3.444470 -1.191100
171 1.722240 -1.214700
172 -0.486633 -1.614840
172 16.954467 -1.290480
172 13.422067 12.957360
172 15.671967 13.318560
172 11.587967 -1.272840
172 9.412347 -1.302880
172 7.143837 -1.248070
172 5.452757 -1.244290
172 13.600367 -1.249680
172 3.553027 -1.241670
172 1.056607 -1.250650
173 0.000000 -1.500000
173 18.313100 -1.194280
173 15.475900 -1.399380
173 12.486200 -1.320640
173 9.638490 -1.241290
173 7.325250 -1.192270
173 5.086980 -1.190380
173 2.922310 -1.132250
173 1.507250 -1.082890
174 0.000000 -1.500000
174 15.260900 -1.313040
174 12.486200 -1.279590
174 18.012900 -1.312900
174 8.790300 -1.286210
174 6.501700 -1.300520
174 4.039660 -1.241950
174 1.538920 -1.242270
175 0.000000 -1.500000
175 19.621200 15.387300
175 19.621200 -2.010780
175 14.848500 -1.716960
175 9.156560 -1.590700
175 6.314870 -1.526160
175 17.441100 -1.749120
175 12.208700 -1.719490
175 3.444470 -1.515780
175 16.904400 14.257200
175 1.521870 -1.393640
176 0.000000 -1.500000
176 12.926900 4.030920
176 13.565300 5.910070
176 12.629700 2.374020
176 11.566200 0.881052
176 12.776600 7.568980
176 11.327700 9.975950
176 8.517730 -1.274330
176 10.464600 -0.361295
176 7.088950 -1.425750
176 4.636230 -1.369460
176 2.740120 -1.364990
176 1.436320 -1.151580
177 0.000000 -1.500000
177 11.566200 6.775860
177 13.238400 8.887270
177 12.486200 11.639400
177 12.345900 10.372000
177 9.898980 3.802820
177 12.208700 7.179060
177 11.327700 5.456670
177 8.584280 2.196930
177 6.867420 0.470436
177 4.927300 -0.807378
177 2.922310 -1.683160
177 1.669890 -1.576770
178 0.000000 -1.500000
178 19.978000 16.959000
178 12.776600 12.246200
178 6.037290 0.142268
178 11.445700 9.803880
178 10.464600 7.036640
178 10.772400 8.825740
178 9.810600 4.026930
178 7.630470 1.124860
178 10.365900 5.697780
178 4.395150 -0.739450
178 2.774720 -1.245370
178 8.651870 2.413370
178 1.657300 -1.336010
179 -0.487218 -1.612334
179 9.323382 -1.139224
179 15.437282 11.904666
179 19.133982 -5.348954
179 7.143252 -1.973164
179 4.795412 -2.130144
179 19.133982 -3.563984
179 2.374212 -1.691434
179 1.114512 -1.538724
179 0.964282 -1.277674
180 0.000000 -1.500000
180 3.775900 -0.829778
180 5.086980 0.270413
180 6.867420 6.401690
180 1.887950 -1.600580
181 0.000000 -1.500000
181 18.313100 -1.033700
181 20.347900 -0.836330
181 15.697000 -1.126900
181 13.734800 -1.181730
181 11.566200 -1.197980
181 9.810600 -1.295710
181 6.998650 -1.338550
181 3.250850 -1.508960
181 5.282630 -1.479340
181 4.360270 1.727620
181 1.615860 -1.385850
181 1.662310 -1.372850
182 0.000000 -1.500000
182 19.978000 -1.061990
182 17.722400 -1.155750
182 15.260900 -1.262860
182 10.879100 -1.293750
182 8.452210 -1.357170
182 5.971670 -1.364670
182 3.175690 -1.425340
182 1.868690 -1.516660
182 1.560780 -1.430980
183 0.000000 -1.500000
183 12.486200 2.182820
183 12.776600 3.802000
183 11.445700 0.696245
183 12.486200 7.246420
183 9.988980 -0.552890
183 13.238400 8.379430
183 11.327700 10.348400
183 8.079320 -1.385850
183 6.867420 -1.569370
183 4.430590 -1.473830
183 2.491580 -1.432340
183 13.399800 5.676440
183 1.490890 -1.257420
184 -0.540742 -1.121904
184 12.859058 7.332286
184 12.859058 12.252396
184 11.402558 10.686796
184 10.904958 7.309186
184 10.558158 5.919166
184 9.358238 4.321956
184 8.043538 2.650296
184 6.159178 0.859088
184 4.342758 -0.459572
184 2.269458 -1.326734
184 1.414398 -1.384444
185 0.000000 -1.500000
185 10.565300 4.973590
185 9.156560 0.998578
185 9.638490 9.069340
185 3.103920 -1.410140
185 9.810600 2.844120
185 5.971670 -1.299220
185 1.746880 -1.461840
185 1.741340 -1.401850
186 0.000000 -1.500000
186 18.313100 2.197880
186 19.277000 6.327940
186 16.399800 1.734570
186 14.848500 1.375200
186 10.365900 0.346525
186 17.168600 7.724560
186 6.659320 -0.551066
186 4.905300 -0.723127
186 8.199910 -0.103355
186 2.508650 -1.329420
186 12.776600 0.931244
186 1.560780 -1.446380
187 0.000000 -1.500000
187 19.621200 -1.258080
187 15.697000 -1.264530
187 19.277000 -1.489550
187 13.734800 -1.347330
187 11.212100 -1.345640
187 8.139170 -1.324750
187 6.004300 -1.372130
187 3.602580 -1.447150
187 1.724940 -1.445370
187 1.972690 -1.505930
188 0.000000 -1.500000
188 17.722400 8.148550
188 13.734800 -1.723680
188 18.623500 -1.684000
188 15.260900 -1.614120
188 19.277000 6.792760
188 14.848500 -1.798340
188 19.621200 -2.032280
188 10.269000 -1.648900
188 18.944600 8.399060
188 7.792820 -1.661270
188 4.927300 -1.612050
188 2.065390 -1.642350
188 13.734800 12.366800
188 20.731800 6.192000
189 -0.486040 -1.617323
189 3.396600 -3.757933
189 12.000160 10.468377
189 16.682560 11.577677
189 14.565860 11.175177
189 2.099340 -2.286503
189 0.913690 -1.279453
190 0.000000 -1.500000
190 6.314870 4.190880
190 3.737370 -0.792636
190 1.958620 -1.531690
190 1.695660 -1.370650
191 0.000000 -1.500000
191 13.734800 11.704400
191 15.260900 12.302400
191 14.650500 11.714000
191 16.904400 -2.936680
191 18.623500 12.951500
191 11.566200 10.490200
191 20.347900 -2.375180
191 11.566200 -2.427650
191 13.734800 -2.611860
191 9.810600 -2.274220
191 13.734800 11.885100
191 8.079320 -2.173970
191 12.486200 11.228900
191 5.466600 -1.974240
191 1.884710 -1.736240
191 18.012900 13.020400
191 3.687210 -1.925690
191 2.861430 -1.773540
192 -0.542879 -1.111473
192 19.078321 -1.020093
192 16.361521 -1.065913
192 13.191921 -1.139453
192 10.124921 -1.160713
192 6.324541 -1.218483
192 3.869921 -1.277683
192 1.288431 -1.298523
192 1.611601 -1.362453
193 0.000000 -1.500000
193 8.261560 4.975720
193 8.079320 3.351720
193 7.276740 1.662910
193 9.638490 7.780510
193 5.971670 0.284716
193 4.616750 -0.807094
193 8.517730 7.230560
193 2.591480 -1.518180
193 1.819180 -1.486450
193 1.659800 -1.241610
194 0.000000 -1.500000
194 4.578280 -3.133730
194 18.944600 9.312680
194 17.168600 11.638600
194 17.168600 13.859000
194 14.457700 13.271200
194 18.313100 5.590030
194 18.623500 7.317750
194 11.327700 -2.613490
194 20.731800 11.145600
194 15.697000 13.961500
194 7.088950 -3.756690
194 17.168600 2.399220
194 18.012900 4.057160
194 16.904400 1.139470
194 15.260900 -0.091996
194 13.565300 -1.375300
194 9.156560 -3.367070
194 2.922310 -2.157200
195 0.000000 -1.500000
195 12.776600 1.015270
195 13.734800 2.009700
195 13.565300 4.438130
195 16.904400 -0.398351
195 15.051900 0.189721
195 19.978000 15.272900
195 20.731800 18.666900
195 6.501700 0.488140
195 4.578280 -0.258426
195 3.360210 -1.062520
195 1.755250 -1.613130
195 1.708850 -1.606070
195 10.565300 1.233270
196 -0.478006 -1.646664
196 16.690594 -0.494786
196 16.426394 12.202236
196 18.798994 -1.488314
196 8.455224 -0.562789
196 6.346764 -1.489364
196 3.899634 -1.689244
196 1.393864 -1.310974
196 1.008854 -1.190454
197 0.000000 -1.500000
197 12.926900 1.905650
197 15.051900 3.637690
197 19.277000 8.483030
197 12.776600 2.373620
197 9.988980 1.133150
197 6.243110 0.133433
197 4.736150 -0.106416
197 2.284380 -0.784933
197 1.578720 -1.070210
198 0.000000 -1.500000
198 17.441100 -1.309450
198 13.734800 -1.347330
198 11.445700 -1.373670
198 8.861190 -1.345140
198 5.971670 -1.345040
198 3.788920 -1.384960
198 1.783750 -1.467270
198 1.807220 -1.454880
199 0.000000 -1.500000
199 9.988980 7.439390
199 9.988980 2.370310
199 10.667800 5.828650
199 8.790300 0.871924
199 7.630470 -0.363804
199 5.722850 -1.276450
199 9.898980 8.891320
199 4.395150 -1.481310
199 10.667800 4.180030
199 1.907620 -1.433260
199 1.703550 -1.483460
200 0.000000 -1.500000
200 12.208700 10.738500
200 12.345900 7.733330
200 11.445700 5.676590
200 10.464600 3.974240
200 9.311760 2.617860
200 7.792820 1.430660
200 5.971670 0.206174
200 3.762970 -0.983662
200 12.486200 9.093950
200 1.840510 -1.637020
200 2.117120 -1.739180
201 0.000000 -1.500000
201 11.327700 3.495000
201 12.486200 4.167210
201 18.944600 3.540270
201 10.365900 3.573180
201 8.261560 2.041900
201 13.734800 7.594720
201 12.208700 5.038050
201 5.663850 -0.139676
201 6.579570 0.897828
201 4.292140 -1.079650
201 17.168600 3.791710
201 2.474750 -1.685770
201 2.206400 -1.834280
201 1.990560 -1.613390
202 0.000000 -1.500000
202 19.277000 4.172850
202 17.168600 3.490630
202 15.260900 2.851890
202 13.908700 2.340030
202 11.098900 1.392870
202 7.276740 0.083744
202 5.875870 -0.305909
202 3.360210 -1.125130
202 1.735840 -1.467820
203 0.000000 -1.500000
203 19.621200 -1.924750
203 15.260900 -1.781380
203 7.325250 -1.561600
203 5.158630 -1.552040
203 2.733300 -1.559320
203 15.051900 14.146600
203 1.807220 -1.502420
203 10.464600 -1.691780
203 12.629700 -1.723420
203 1.578720 -1.355720
204 -0.478986 -1.356570
204 11.210214 7.772900
204 9.419994 0.995131
204 9.886914 2.637270
204 8.172884 -0.477693
204 6.945254 -1.642700
204 9.886914 6.204770
204 10.086314 4.318000
204 5.014954 -2.478970
204 3.605724 -2.576350
204 8.105294 8.220810
204 8.677574 7.685460
204 2.443324 -2.442970
205 0.000000 -1.500000
206 0.000000 -1.500000
206 19.978000 13.302200
206 19.978000 -7.368220
206 19.277000 -8.546410
207 0.000000 -1.500000
207 16.904400 -10.977800
207 20.347900 -7.504670
207 19.621200 -8.720530
208 0.000000 -1.500000
208 15.260900 -0.945053
208 13.399800 -1.035420
208 11.445700 -1.110230
208 9.638490 -1.135650
208 7.630470 -1.175040
208 5.158630 -1.274990
208 15.260900 14.025300
208 3.499320 -1.424850
208 2.706370 -1.363010
208 1.521870 -1.395300
209 0.000000 -1.500000
209 16.399800 14.029400
209 14.087000 13.317000
209 14.087000 -1.150280
209 12.486200 -1.211160
209 9.898980 -1.242290
209 17.168600 -1.138450
209 7.737940 -1.234000
209 5.971670 -1.259950
209 4.039660 -1.268520
209 1.565220 -1.314970
210 0.000000 -1.500000
210 12.629700 -1.446560
210 15.260900 -1.530480
210 18.623500 -1.541120
210 7.792820 -1.379410
210 5.722850 -1.383080
210 3.401820 -1.407520
210 10.565300 -1.430120
210 1.554150 -1.341440
211 0.000000 -1.500000
211 12.629700 -1.571150
211 3.349960 -1.400750
211 9.988980 -1.571080
211 1.583270 -1.361360
211 15.475900 -1.619890
211 6.998650 -1.461290
211 1.405100 -1.283630
212 0.000000 -1.500000
212 18.944600 11.389100
212 13.565300 7.649630
212 15.260900 10.696700
212 9.311760 1.035920
212 13.565300 12.689900
212 15.475900 -9.507310
212 17.441100 12.224800
212 20.731800 11.940900
212 20.347900 8.932010
212 13.908700 -7.782320
212 13.399800 -2.959390
212 13.734800 -5.020490
212 12.074600 1.621190
212 7.630470 1.200130
212 12.486200 -1.348010
212 5.971670 0.723244
212 19.621200 11.967900
212 4.578280 -0.358786
212 2.733300 -1.457460
212 1.924320 -1.736870
213 0.000000 -1.500000
213 13.565300 12.556100
213 13.399800 6.249220
213 12.486200 11.461500
213 15.051900 12.117400
213 13.238400 10.483300
213 9.898980 9.075770
213 12.074600 5.459120
213 10.879100 3.893160
213 9.723780 2.296730
213 7.737940 0.504625
213 5.971670 -0.795241
213 3.924240 -1.683890
213 1.840510 -1.699560
214 0.000000 -1.500000
214 10.667800 6.308040
214 10.772400 8.802130
214 10.565300 7.185360
214 9.080890 2.642530
214 10.080600 4.248250
214 8.079320 1.297300
214 6.501700 0.267230
214 4.777340 -0.641429
214 3.194150 -1.195560
214 1.613490 -1.374970
214 11.445700 9.904240
214 1.652310 -1.342860
215 0.000000 -1.500000
215 14.650500 8.968140
215 11.445700 -1.285860
215 14.848500 1.049710
215 8.517730 -1.367690
215 13.734800 10.304400
215 6.207840 -1.459470
215 4.010170 -1.342770
215 1.887950 -1.350200
215 12.345900 11.671000
215 1.574190 -1.408770
216 0.000000 -1.500000
216 19.978000 -1.828370
216 14.848500 -1.733240
216 17.722400 14.209000
216 16.399800 -1.698620
216 12.208700 -1.706110
216 15.475900 14.341500
216 9.723780 -1.657270
216 7.276740 -1.638990
216 4.949490 -1.570490
216 15.697000 14.340000
216 3.069240 -1.539030
216 1.924320 -1.534400
216 1.758060 -1.550190
217 0.000000 -1.500000
217 17.441100 -1.959400
217 12.345900 -1.860600
217 15.051900 -1.921960
217 9.156560 -1.691060
217 6.501700 -1.642570
217 3.455310 -1.565990
217 2.096920 -1.462880
217 1.775100 -1.397900
218 0.000000 -1.500000
218 9.233510 4.741360
218 10.565300 8.528640
218 8.452210 3.358190
218 6.954350 1.947480
218 5.308150 0.538160
218 3.241260 -0.900572
218 1.897730 -1.702470
219 0.000000 -1.500000
219 17.441100 8.879440
219 19.621200 9.365700
219 13.908700 9.474460
219 12.345900 6.826710
219 10.667800 5.653270
219 9.898980 4.974580
219 8.651870 3.437510
219 8.079320 2.191680
219 13.565300 7.902390
219 5.493940 -0.165593
219 7.228860 0.938891
219 2.137720 -1.306240
219 1.543240 -1.343860
219 4.039660 -1.011710
220 0.000000 -1.500000
220 11.327700 -2.439670
220 17.722400 8.556470
220 8.517730 -1.433040
220 14.270000 10.705900
220 2.891550 -1.031590
220 4.736150 -0.594371
220 1.727650 -1.430600
220 18.623500 10.257100
220 1.583270 -1.328390
221 0.000000 -1.500000
221 11.566200 7.422390
221 11.566200 4.937690
221 7.325250 -1.176210
221 10.565300 1.105890
221 4.430590 -1.260160
221 11.327700 3.023200
221 2.129430 -1.343190
221 1.649830 -1.255850
222 0.000000 -1.500000
222 13.399800 -0.521380
222 15.924500 -0.078542
222 14.848500 0.317353
222 11.445700 -0.671155
222 8.861190 -0.908093
222 4.949490 -1.234150
222 3.433710 -1.217490
222 6.243110 -1.125620
222 1.556360 -1.437160
223 0.000000 -1.500000
223 15.475900 -1.670780
223 11.566200 -1.603640
223 8.933230 -1.542110
223 6.463460 -1.477060
223 3.626360 -1.432860
223 18.313100 -1.676010
223 1.881490 -1.459000
223 1.887950 -1.474360
224 0.000000 -1.500000
224 10.565300 4.429330
224 10.565300 6.073690
224 9.810600 2.693580
224 9.988980 7.800680
224 7.630470 -0.137994
224 9.006450 1.298090
224 5.752810 -1.087670
224 4.377640 -1.297880
224 1.914260 -1.287190
224 1.580990 -1.349010
225 0.000000 -1.500000
225 8.720530 -7.106420
225 19.277000 -6.222300
225 15.475900 -8.811860
225 16.158600 -9.873620
225 6.699920 -6.385080
225 20.347900 -5.006830
225 18.944600 -4.661530
225 17.168600 14.536500
225 17.168600 -4.130430
225 3.788920 -3.050240
225 2.293920 -1.653110
225 2.016120 -1.194370
226 0.000000 -1.500000
226 11.445700 7.671240
226 10.772400 5.531590
226 10.464600 4.570660
226 9.156560 2.935520
226 8.079320 1.722350
226 6.540400 0.684596
226 4.484850 -0.371126
226 11.566200 9.450710
226 2.133570 -1.336440
226 11.445700 6.203480
226 1.695660 -1.580660
227 0.000000 -1.500000
227 8.651870 -1.484060
227 12.345900 11.224500
227 14.270000 8.406750
227 15.051900 0.849620
227 13.734800 10.153900
227 6.314870 -1.533080
227 4.177900 -1.412670
227 2.096920 -1.414610
227 1.567460 -1.457720
228 0.000000 -1.500000
228 18.944600 -1.588450
228 15.475900 -1.569000
228 15.475900 13.849600
228 12.629700 -1.529620
228 7.630470 -1.459400
228 5.493940 -1.478300
228 2.993970 -1.488170
228 10.565300 -1.511180
228 1.467010 -1.314460
228 1.511400 -1.410560
229 0.000000 -1.500000
229 11.566200 -1.552930
229 14.848500 -1.570490
229 16.904400 8.309780
229 19.621200 7.193630
229 15.475900 11.678500
229 14.457700 -1.513320
229 18.944600 8.336770
229 17.441100 -1.825590
229 16.904400 1.324750
229 17.168600 9.719200
229 16.399800 8.367300
229 8.584280 -1.538320
229 5.971670 -1.495580
229 3.712120 -1.434190
229 19.621200 6.957070
229 2.061510 -1.420100
229 3.052190 -1.433470
230 0.000000 -1.500000
230 11.566200 9.602830
230 11.445700 1.273310
230 12.345900 7.841580
230 9.898980 -0.146471
230 12.776600 6.014580
230 8.079320 -1.093620
230 6.824770 -1.320260
230 12.629700 4.312000
230 4.412800 -1.322810
230 12.345900 2.726620
230 2.452650 -1.342760
230 1.501080 -1.272590
231 0.000000 -1.500000
231 17.441100 -10.676400
231 12.486200 -1.019560
231 11.445700 0.558250
231 17.168600 13.445100
231 9.391350 1.343280
231 13.080800 -3.003620
231 12.208700 2.120930
231 15.260900 2.266450
231 19.621200 -5.645230
231 14.087000 -7.526970
231 20.731800 11.781800
231 13.399800 0.668248
231 19.621200 -9.473230
231 15.051900 10.995600
231 12.776600 10.593800
231 7.630470 1.501210
231 4.578280 -0.132977
231 5.907460 0.974460
231 2.673450 -1.255590
231 1.910930 -1.540480
231 1.749660 -1.663600
232 0.000000 -1.500000
232 11.566200 9.438030
232 10.565300 4.823050
232 11.445700 7.633600
232 11.445700 6.178390
232 9.233510 2.869100
232 8.079320 1.633800
232 6.540400 0.584236
232 4.616750 -0.473124
232 2.284380 -1.475980
232 2.049980 -1.762660
233 17.330600 -1.850062
233 -0.682300 -1.465532
233 3.243600 -1.577542
233 5.121900 -1.694882
233 7.775930 -1.706222
233 10.671280 -1.747802
233 12.863980 -1.835872
233 14.877950 -1.945512
233 15.325510 -1.959842
234 0.000000 -1.500000
234 13.734800 -1.543030
234 16.648300 -1.651370
234 14.457700 -1.497470
234 17.441100 9.452920
234 12.629700 -12.396100
234 17.168600 11.412800
234 20.347900 13.793900
234 13.565300 -12.794000
234 11.445700 -1.599480
234 18.313100 8.259600
234 15.697000 8.129130
234 8.139170 -1.538850
234 16.904400 8.458000
234 5.663850 -1.536430
234 20.347900 7.125530
234 2.706370 -1.469800
234 11.445700 10.506400
234 19.978000 7.302530
234 3.349960 -1.466840
235 0.000000 -1.500000
235 10.667800 7.898210
235 11.212100 4.467030
235 11.327700 6.201600
235 10.565300 2.761820
235 9.638490 1.315240
235 8.452210 -0.115800
235 12.629700 8.450970
235 11.445700 9.891700
235 6.540400 -1.078870
235 5.110640 -1.291140
235 2.699720 -1.315280
235 1.804250 -1.379330
235 1.749660 -1.295410
236 0.000000 -1.500000
236 10.464600 -2.884620
236 16.158600 15.647200
236 18.944600 8.170660
236 16.904400 13.553200
236 19.277000 10.553600
236 17.168600 15.289200
236 19.277000 6.475840
236 17.168600 -1.909970
236 17.168600 12.504200
236 15.697000 0.335488
236 12.629700 -1.820320
236 14.650500 -0.730618
236 16.904400 1.584140
236 17.441100 3.029910
236 18.944600 4.786120
236 6.037290 -3.589790
236 17.441100 11.689500
236 8.261560 -3.463540
236 3.638370 -2.781490
236 2.031030 -1.652870
236 17.441100 10.619000
236 1.373480 -1.188510
237 0.000000 -1.500000
237 10.987900 9.219040
237 10.667800 7.500660
237 10.080600 4.425030
237 9.156560 2.795020
237 8.079320 1.403560
237 6.540400 0.347674
237 4.883500 -0.602158
237 3.260500 -1.195380
237 1.703550 -1.369560
238 0.000000 -1.500000
238 6.278780 4.373390
238 6.243110 2.138340
238 3.828530 -0.656709
238 2.046160 -1.407280
238 1.505190 -1.338770
239 0.000000 -1.500000
239 19.277000 6.919530
239 17.168600 4.525590
239 15.475900 3.824970
239 13.908700 3.117500
239 11.327700 2.029950
239 7.630470 0.472527
239 6.172960 0.016914
239 3.815230 -0.993142
239 18.623500 5.174470
239 1.687850 -1.556730
240 0.000000 -1.500000
240 20.347900 0.345683
240 17.441100 0.066906
240 15.475900 -0.195065
240 13.734800 -0.383876
240 11.566200 -0.564127
240 9.638490 -0.776467
240 6.954350 -1.040440
240 5.110640 1.851280
240 3.260500 -1.466980
240 4.162070 1.845250
240 4.448530 -1.309140
240 1.706190 -1.427790
241 0.000000 -1.500000
241 18.623500 0.295976
241 16.904400 0.101904
241 14.087000 -0.192999
241 12.345900 -0.399183
241 10.365900 -0.562393
241 8.199910 -0.750450
241 5.722850 -1.031820
241 3.924240 1.868840
241 3.995590 -1.289710
241 3.212830 -1.301150
241 1.979800 -1.428900
242 0.000000 -1.500000
242 17.168600 0.141131
242 13.908700 -0.190556
242 12.074600 -0.377176
242 10.269000 -0.545881
242 8.139170 -0.735971
242 5.722850 -1.031820
242 3.938310 -1.284170
242 3.184890 -1.300310
242 1.948200 -1.427460
242 2.868900 1.815910
243 0.000000 -1.500000
243 17.168600 0.122313
243 13.908700 -0.190556
243 11.814900 -0.369064
243 10.174000 -0.563129
243 8.079320 -0.739414
243 5.722850 -1.038090
243 3.938310 -1.284170
243 3.841910 1.850690
243 3.194150 -1.304090
243 1.948200 -1.425320
243 2.868900 1.819050
244 0.000000 -1.500000
244 16.904400 0.120432
244 14.087000 -0.177559
244 11.814900 -0.369064
244 10.269000 -0.568392
244 8.139170 -0.735971
244 5.722850 -1.031820
244 3.938310 -1.284170
244 3.841910 1.850690
244 3.194150 -1.304090
244 1.958620 -1.430800
244 2.868900 1.819050
245 0.000000 -1.500000
245 16.904400 0.120432
245 13.908700 -0.190556
245 12.074600 -0.377176
245 10.080600 -0.546914
245 8.139170 -0.744891
245 5.722850 -1.031820
245 3.938310 -1.284170
245 3.855390 1.852960
245 3.194150 -1.304090
245 1.958620 -1.430800
245 2.868900 1.819050
246 0.000000 -1.500000
246 20.347900 0.412590
246 12.074600 -0.377176
246 16.904400 0.101904
246 10.080600 -0.546914
246 14.087000 -0.192999
246 8.139170 -0.744891
246 5.722850 -1.031820
246 3.938310 -1.284170
246 3.868970 1.859480
246 3.175690 -1.293070
247 0.000000 -1.500000
247 20.347900 0.412590
247 11.943300 -0.373076
247 17.168600 0.122313
247 10.080600 -0.546914
247 13.908700 -0.190556
247 8.079320 -0.748270
247 5.722850 -1.038090
247 3.938310 -1.284170
247 3.855390 1.857180
247 3.184890 -1.303800
248 0.000000 -1.500000
248 20.347900 0.412590
248 11.943300 -0.373076
248 16.904400 0.101904
248 9.988980 -0.552890
248 13.908700 -0.175312
248 8.079320 -0.739414
248 5.722850 -1.038090
248 3.938310 -1.284170
248 3.855390 1.857180
248 3.184890 -1.300310
249 0.000000 -1.500000
249 3.194150 -1.304090
249 19.978000 0.405088
249 11.814900 -0.369064
249 16.904400 0.120432
249 9.988980 -0.541942
249 14.087000 -0.177559
249 8.079320 -0.739414
249 5.722850 -1.031820
249 3.841910 1.859110
249 3.938310 -1.284170
250 0.000000 -1.500000
250 20.347900 0.434892
250 16.904400 0.101904
250 14.087000 -0.177559
250 12.208700 -0.394748
250 8.079320 -0.739414
250 5.722850 -1.031820
250 9.988980 -0.541942
250 3.938310 -1.275540
250 3.841910 1.854900
250 3.184890 -1.296820
251 0.000000 -1.500000
251 19.978000 0.405088
251 17.168600 0.103496
251 13.908700 -0.190556
251 11.814900 -0.369064
251 8.139170 -0.744891
251 5.693200 -1.032720
251 10.174000 -0.551978
251 3.938310 -1.288490
251 3.184890 -1.303800
251 1.941320 -1.407520
252 0.000000 -1.500000
252 20.347900 0.412590
252 16.904400 0.101904
252 13.908700 -0.175312
252 11.943300 -0.359986
252 8.079320 -0.739414
252 5.722850 -1.038090
252 9.988980 -0.552890
252 3.938310 -1.288490
252 3.194150 -1.307590
252 1.944760 -1.422800
253 0.000000 -1.500000
253 19.978000 0.405088
253 17.168600 0.103496
253 13.908700 -0.190556
253 11.943300 -0.373076
253 8.139170 -0.744891
253 5.722850 -1.038090
253 10.080600 -0.546914
253 3.938310 -1.288490
253 3.194150 -1.304090
253 1.951660 -1.429990
254 0.000000 -1.500000
254 19.978000 0.383191
254 16.904400 0.120432
254 13.908700 -0.175312
254 11.943300 -0.373076
254 8.079320 -0.730559
254 5.722850 -1.038090
254 9.988980 -0.541942
254 3.952470 -1.293120
254 3.194150 -1.304090
255 0.000000 -1.500000
255 20.347900 0.412590
255 17.168600 0.103496
255 13.908700 -0.175312
255 11.943300 -0.373076
255 8.079320 -0.730559
255 5.722850 -1.038090
255 9.988980 -0.541942
255 3.952470 -1.288790
255 3.194150 -1.300590
256 0.000000 -1.500000
256 1.941320 -1.413900
256 19.978000 0.405088
256 16.904400 0.101904
256 12.074600 -0.363942
256 14.087000 -0.192999
256 8.079320 -0.739414
256 5.722850 -1.031820
256 9.988980 -0.541942
256 3.952470 -1.293120
256 3.868970 1.859480
256 3.194150 -1.307590
257 0.000000 -1.500000
257 20.347900 0.434892
257 16.904400 0.101904
257 13.908700 -0.190556
257 12.074600 -0.377176
257 8.079320 -0.748270
257 5.722850 -1.031820
257 9.988980 -0.541942
257 3.938310 -1.284170
257 3.855390 1.857180
257 3.184890 -1.300310
257 2.861430 1.808040
257 1.941320 -1.416030
258 0.000000 -1.500000
258 19.978000 0.405088
258 16.904400 0.101904
258 14.087000 -0.177559
258 12.208700 -0.394748
258 8.079320 -0.739414
258 5.722850 -1.038090
258 9.988980 -0.541942
258 3.952470 -1.293120
258 3.855390 1.857180
258 3.194150 -1.304090
258 1.944760 -1.420670
258 2.861430 1.811180
259 0.000000 -1.500000
259 20.347900 0.412590
259 16.904400 0.101904
259 13.908700 -0.175312
259 12.074600 -0.377176
259 8.139170 -0.744891
259 5.722850 -1.038090
259 10.080600 -0.546914
259 3.938310 -1.292800
259 3.868970 1.863720
259 3.194150 -1.304090
259 1.941320 -1.420280
260 0.000000 -1.500000
260 20.347900 0.434892
260 16.904400 0.101904
260 13.734800 -0.188174
260 11.814900 -0.369064
260 8.079320 -0.748270
260 5.722850 -1.038090
260 9.988980 -0.552890
260 3.938310 -1.292800
260 3.868970 1.867960
260 3.184890 -1.300310
261 18.531100 0.410980
261 5.901400 -1.995717
261 -1.090100 -14.110720
261 1.882800 -14.199620
261 7.863300 -1.691178
261 4.073400 -13.108420
261 6.322400 -12.697320
261 3.682600 -2.496770
261 1.362500 -13.743720
261 7.203400 -11.574020
261 4.444100 -14.853720
261 10.206950 -1.139200
261 5.131300 -1.434159
261 12.493810 -1.529058
261 13.690630 -2.407400
261 -1.090100 -1.615908
261 14.818980 -2.995170
261 16.132000 -3.225500
261 16.405790 -2.827940
262 0.000000 -1.500000
262 19.277000 -3.116430
262 13.908700 12.386200
262 15.475900 14.375500
262 17.168600 -3.001380
262 12.486200 -1.293270
262 10.464600 -1.370630
262 7.630470 -1.350670
262 3.510500 -1.329360
262 4.597440 -1.358000
262 2.699720 -1.327110
263 0.000000 -1.500000
263 19.277000 -3.095300
263 17.168600 -2.982560
263 12.486200 -1.293270
263 10.565300 -1.383800
263 7.630470 -1.350670
263 3.510500 -1.325520
263 4.578280 -1.347330
263 2.693110 -1.323860
264 0.000000 -1.500000
264 18.944600 -3.062700
264 15.697000 14.580800
264 13.399800 11.903600
264 10.565300 -1.372220
264 17.168600 -2.982560
264 12.486200 -1.306960
264 7.630470 -1.350670
264 3.521750 -1.333630
264 4.578280 -1.347330
264 3.423010 1.521340
264 2.706370 -1.327420
265 0.000000 -1.500000
265 18.944600 -3.062700
265 13.399800 11.888900
265 17.168600 -2.982560
265 12.486200 -1.293270
265 7.630470 -1.350670
265 10.464600 -1.370630
265 3.521750 -1.333630
265 4.578280 -1.347330
265 2.699720 -1.324160
266 0.000000 -1.500000
266 16.158600 15.027400
266 14.087000 12.560400
266 15.697000 14.580800
266 17.168600 -2.982560
266 12.486200 -1.293270
266 7.630470 -1.342310
266 10.464600 -1.370630
266 3.521750 -1.333630
266 4.578280 -1.352350
266 2.693110 -1.320910
267 0.000000 -1.500000
267 17.168600 -2.982560
267 12.486200 -1.293270
267 15.924500 14.792100
267 7.630470 -1.350670
267 10.464600 -1.370630
267 3.499320 -1.325130
267 4.578280 -1.347330
267 2.693110 -1.320910
268 0.000000 -1.500000
268 20.347900 1.773020
268 17.722400 -2.903950
268 15.924500 -2.853700
268 11.445700 -1.235680
268 6.540400 -1.315430
268 9.156560 -1.269550
268 2.308380 -1.284010
268 3.433710 -1.330390
268 1.657300 -1.292410
269 0.000000 -1.500000
269 20.731800 1.192950
269 16.904400 -2.529060
269 13.908700 -2.843100
269 18.012900 -1.411620
269 12.486200 -2.894460
269 7.630470 -1.183410
269 5.282630 -1.218790
269 20.731800 2.147320
269 9.988980 -1.735310
269 2.603760 -1.262820
270 -0.487335 -1.611824
270 16.681265 3.905696
270 16.681265 2.475576
270 13.247465 1.912936
270 16.953765 3.434216
270 12.142365 0.531862
270 10.958365 -0.808069
270 9.411645 -1.972544
270 7.250605 -2.558624
270 5.235515 -2.623954
270 15.209665 3.182836
270 3.011985 -1.686254
270 0.862525 -1.302084
271 0.000000 -1.500000
271 10.667800 3.455100
271 19.978000 3.164070
271 17.441100 5.228260
271 15.697000 2.864550
271 17.722400 1.913310
271 6.867420 1.170440
271 9.233510 2.342850
271 5.386210 0.014759
271 3.724700 -1.034890
271 11.566200 3.162910
271 2.121210 -1.791360
272 0.000000 -1.500000
272 2.861430 -1.532050
272 20.731800 -16.735400
272 1.657300 -1.526740
272 18.944600 -15.396600
272 16.904400 -16.313800
272 11.327700 9.566240
272 6.172960 -3.318630
272 8.651870 -6.671150
272 7.474740 -4.886900
272 9.988980 -8.610860
272 11.445700 -10.631800
272 12.926900 12.319400
272 18.012900 7.137050
272 13.734800 10.500100
272 4.695670 -2.287680
272 14.848500 -9.675210
272 15.697000 8.628060
272 14.457700 -12.780000
272 17.168600 -14.442400
272 19.621200 6.010830
272 19.621200 -15.602300
273 0.000000 -1.500000
273 17.441100 10.122000
273 19.621200 7.064600
273 18.944600 12.385800
273 18.623500 5.174470
273 17.168600 3.641170
273 15.475900 2.434070
273 14.457700 1.830240
273 17.168600 12.071400
273 12.486200 0.910079
273 15.260900 14.242700
273 8.079320 -1.084770
273 6.004300 -1.345810
273 3.521750 -1.283450
273 10.667800 0.181232
273 1.441980 -1.203530
274 0.000000 -1.500000
274 11.327700 10.634000
274 10.565300 5.158870
274 9.810600 1.446250
274 10.565300 7.104300
274 10.565300 3.271340
274 8.584280 0.004704
274 6.579570 -0.818502
274 4.578280 -1.267040
274 3.194150 -1.339100
274 1.528220 -1.396100
274 1.480850 -1.302510
275 0.000000 -1.500000
275 10.772400 7.090110
275 9.311760 5.342870
275 5.333920 1.294930
275 4.039660 -0.068628
275 2.641320 -1.344720
275 7.630470 3.608770
275 1.983370 -1.798860
276 0.000000 -1.500000
276 7.577840 4.256630
276 7.577840 6.931040
276 7.474740 1.863820
276 5.971670 -0.258535
276 3.966740 -1.484740
276 1.587840 -1.356600
277 0.000000 -1.500000
277 20.347900 0.568705
277 12.629700 1.446560
277 10.174000 0.864208
277 18.012900 1.372130
277 7.630470 0.255081
277 2.883960 -0.940378
277 5.086980 -0.370773
277 1.623020 -1.356410
278 -0.488283 -1.392390
278 10.839417 10.207710
278 20.243517 11.094110
278 15.208717 11.368010
278 13.420417 11.563810
278 10.077017 6.412900
278 19.132917 11.129210
278 8.745227 3.442250
278 16.952817 11.013310
278 9.322317 4.854980
278 7.963927 2.039150
278 6.646697 0.737139
278 11.720417 11.863110
278 3.435957 -0.883800
278 10.284117 8.378420
278 1.637027 -1.354110
278 5.264527 -0.311694
278 1.358417 -1.338580
279 0.000000 -1.500000
279 10.565300 4.301950
279 10.565300 5.679970
279 10.772400 8.790320
279 9.810600 2.682830
279 9.156560 1.570630
279 6.278780 -0.691621
279 4.578280 -1.472780
279 3.103920 -1.512200
279 1.399730 -1.238830
280 0.000000 -1.500000
280 13.565300 -9.567620
280 3.841910 -1.505390
280 16.648300 4.570920
280 17.722400 -9.683090
280 14.457700 4.888570
280 10.464600 -8.309780
280 12.629700 5.668590
280 8.651870 -7.401320
280 11.566200 7.612540
280 16.904400 -10.996300
280 14.848500 -3.360690
280 5.663850 -4.646550
280 4.798200 -3.000270
280 7.134980 -6.768410
280 2.215300 -0.970008
280 10.269000 8.964830
280 1.576450 -1.348590
281 0.000000 -1.500000
281 13.080800 -4.193600
281 11.445700 -4.083380
281 17.168600 -2.982560
281 15.697000 -3.982840
281 6.579570 -1.936280
281 4.209910 -1.815700
281 10.565300 -2.923940
281 1.907620 -1.636070
281 19.621200 -0.548394
282 0.000000 -1.500000
282 17.168600 7.385840
282 19.621200 7.086110
282 12.208700 5.881070
282 14.087000 8.237210
282 10.772400 4.823170
282 8.584280 3.118990
282 7.577840 1.698500
282 6.207840 0.275564
282 13.565300 6.623740
282 4.578280 -0.991051
282 2.414920 -1.668840
282 1.772240 -1.620970
283 0.000000 -1.500000
283 16.648300 -16.577600
283 19.978000 4.959590
283 20.731800 -19.825800
283 13.734800 12.637800
283 17.722400 6.652870
283 15.260900 11.198500
283 19.978000 -18.163300
283 15.924500 8.770560
283 15.051900 14.196100
283 10.365900 -10.015100
283 8.139170 -5.910070
283 9.156560 -7.873210
283 6.910610 -4.154510
283 11.566200 -6.877280
283 3.841910 -2.040180
283 2.125310 -1.825110
283 2.053810 -1.837990
284 0.000000 -1.500000
284 17.722400 10.460100
284 18.012900 5.143020
284 17.168600 12.278400
284 15.260900 14.510300
284 17.168600 3.791710
284 19.978000 6.404770
284 13.908700 1.836960
284 12.486200 0.992192
284 15.260900 2.500630
284 10.565300 0.272129
284 8.079320 -1.022780
284 5.971670 -1.312310
284 3.444470 -1.255280
284 1.414140 -1.222140
285 0.000000 -1.500000
285 8.861190 4.938660
285 8.079320 1.288440
285 8.790300 6.797160
285 6.782640 -0.107794
285 4.777340 -0.871820
285 2.733300 -1.262730
285 1.571940 -1.293050
285 8.720530 3.034680
285 1.501080 -1.228170
286 0.000000 -1.500000
286 17.441100 12.779100
286 17.168600 -5.635820
286 17.441100 -5.247380
286 13.734800 11.975400
286 17.168600 -3.810530
286 8.720530 -2.356060
286 3.724700 -1.696250
286 5.971670 -1.835930
286 19.978000 -7.214940
286 1.613490 -1.443940
287 0.000000 -1.500000
287 19.277000 13.997500
287 13.238400 5.825700
287 18.944600 14.192200
287 11.689200 6.873570
287 11.327700 4.066120
287 20.731800 14.099600
287 10.174000 2.469960
287 9.156560 1.159150
287 7.424240 0.207500
287 12.486200 8.724450
287 13.399800 5.676440
287 17.168600 14.498800
287 5.722850 -0.624111
287 4.162070 -1.106240
287 2.327940 -1.261720
287 1.385610 -1.226340
288 0.000000 -1.500000
288 19.621200 -8.742040
288 19.621200 -5.473180
288 6.243110 -0.167646
288 4.360270 -1.178030
288 2.323020 -1.350720
288 1.907620 -1.642340
288 2.073180 -1.675820
289 0.000000 -1.500000
289 12.345900 6.109530
289 10.565300 1.765940
289 11.327700 2.923880
289 11.689200 4.426500
289 9.311760 0.586849
289 7.792820 -0.525287
289 4.695670 -1.402460
289 2.158720 -1.214960
289 6.243110 -1.358280
289 1.569700 -1.169050
290 0.000000 -1.500000
290 12.208700 9.627830
290 13.734800 -6.360290
290 13.565300 -3.873140
290 13.734800 8.106550
290 12.345900 -5.405890
290 9.988980 -5.337310
290 8.199910 -3.491620
290 7.228860 -2.071900
290 4.258870 -0.767868
290 2.485940 -1.548990
290 15.697000 7.630200
290 1.856060 -1.703740
291 0.000000 -1.500000
291 20.731800 1.102060
291 15.924500 -3.516950
291 13.399800 -3.811220
291 9.233510 -2.272010
291 6.540400 -1.645180
291 4.115310 -1.576440
291 17.441100 -2.456420
291 11.445700 -3.669400
291 1.492920 -1.344220
291 20.347900 0.078058
292 0.000000 -1.500000
292 20.731800 -15.167600
292 18.944600 6.281130
292 19.621200 -15.193700
292 15.260900 -14.861600
292 19.621200 -18.355100
292 19.277000 -15.349700
292 13.734800 12.698000
292 18.012900 7.670110
292 17.168600 -16.587600
292 15.260900 8.957100
292 13.734800 11.162500
292 2.549390 -1.504700
292 14.848500 10.602900
292 11.445700 -10.544000
292 8.584280 -6.647260
292 7.276740 -4.789350
292 5.907460 -3.234170
292 17.168600 -14.178900
292 9.898980 -8.479030
292 4.395150 -2.218350
292 14.848500 -13.418400
292 1.700910 -1.594880
293 0.000000 -1.500000
293 15.697000 12.258200
293 16.904400 7.661300
293 16.648300 5.902970
293 15.697000 11.071100
293 13.399800 2.959390
293 12.486200 2.360730
293 15.260900 4.323830
293 10.464600 1.359160
293 6.004300 -0.799587
293 3.924240 -1.120440
293 8.584280 0.569227
293 1.703550 -1.173510
293 15.260900 14.175800
293 1.419620 -1.192650
294 0.000000 -1.500000
294 6.314870 0.557169
294 7.228860 2.262050
294 7.630470 4.202560
294 7.683830 6.017370
294 4.819240 -0.678748
294 2.868900 -1.262490
294 1.523980 -1.360490
294 1.667360 -1.228990
295 0.000000 -1.500000
295 10.080600 8.678810
295 1.563000 -1.068120
295 11.327700 3.979210
295 10.667800 6.179420
295 9.988980 1.527290
295 8.452210 -0.032424
295 5.875870 -0.460474
295 3.433710 -0.758342
295 2.357910 -0.890315
296 0.000000 -1.500000
296 18.012900 10.809200
296 12.486200 8.491790
296 11.566200 10.338100
296 20.731800 15.372100
296 20.347900 11.139900
296 10.772400 6.806740
296 9.080890 4.782430
296 6.867420 2.909170
296 5.308150 1.439940
296 3.250850 -0.407971
296 1.979800 -1.799960
297 0.000000 -1.500000
297 19.621200 13.709800
297 19.277000 14.018700
297 11.327700 8.051530
297 20.731800 13.713300
297 9.810600 3.328000
297 10.565300 6.224230
297 17.168600 13.482700
297 8.651870 1.834920
297 7.577840 0.593852
297 10.565300 4.962010
297 5.783090 -0.275725
297 4.099950 -1.026810
297 2.452650 -1.418030
297 1.849810 -1.389830
298 -0.554383 -1.167743
298 9.256217 7.520517
298 9.256217 4.692527
298 7.897827 1.689427
298 8.757377 3.195057
298 7.076087 0.662607
298 5.688727 -0.362277
298 4.004897 -1.239353
298 2.192587 -1.809923
298 1.643187 -1.504323
298 0.948747 -1.059053
299 0.000000 -1.500000
299 6.004300 -0.009871
299 3.712120 -1.161590
299 1.976240 -1.725250
300 0.000000 -1.500000
300 16.904400 -11.737400
300 16.648300 -10.993900
300 10.772400 9.298020
300 2.180130 -1.286750
300 15.260900 4.909260
300 12.926900 5.575270
300 17.168600 4.375050
300 18.313100 -10.186500
300 10.565300 8.945520
300 10.565300 -8.656020
300 8.584280 -7.578720
300 6.910610 -6.744920
300 17.168600 4.582040
300 5.521540 -4.644780
300 4.736150 -3.049720
300 3.521750 -1.762080
300 1.819180 -1.552250
301 0.000000 -1.500000
301 15.697000 3.879620
301 15.697000 3.741980
301 17.441100 4.712120
301 12.486200 2.566010
301 9.723780 1.358850
301 6.243110 -0.304500
301 4.292140 -1.079650
301 2.753850 -1.815530
301 1.775100 -1.602190
302 0.000000 -1.500000
302 19.621200 0.655922
302 10.464600 -2.253790
302 14.650500 -3.091080
302 12.345900 -3.430270
302 16.158600 -1.974720
302 9.988980 -3.300920
302 5.282630 -1.485130
302 2.868900 -1.495180
302 1.509320 -1.368920
303 0.000000 -1.500000
303 19.621200 8.333430
303 19.621200 -12.053900
303 19.978000 -11.835100
303 14.650500 10.284900
303 12.208700 11.447700
303 15.475900 -10.525000
303 12.486200 11.461500
303 11.327700 -8.759220
303 17.168600 -11.130500
303 9.311760 -6.863580
303 7.683830 -5.259410
303 6.207840 -3.677590
303 4.559280 -2.346170
303 2.883960 -1.588370
303 1.706190 -1.295010
304 -0.458365 -1.300245
304 14.802535 5.376635
304 12.468535 2.275425
304 14.802535 7.250015
304 9.352235 0.764278
304 10.640535 1.252015
304 14.390135 3.723195
304 7.172105 0.111940
304 5.417505 -0.402403
304 2.527475 -1.349815
304 1.345885 -1.229015
305 0.000000 -1.500000
305 18.623500 3.337380
305 19.621200 6.935570
305 10.565300 2.032280
305 12.926900 3.705040
305 5.466600 0.266627
305 3.339780 -0.532608
305 8.020350 1.138390
305 1.530340 -1.300760
306 0.000000 -1.500000
306 14.087000 10.105400
306 17.722400 9.100350
306 11.445700 9.164090
306 15.475900 9.405530
306 13.734800 10.274300
306 17.441100 10.657200
306 9.810600 5.112960
306 8.079320 2.253660
306 10.464600 7.185750
306 5.493940 -0.213766
306 4.024860 -1.087410
306 8.584280 3.514160
306 2.109000 -1.441250
306 1.766540 -1.509270
306 6.998650 0.924331
307 0.000000 -1.500000
307 19.978000 2.769930
307 19.277000 1.933240
307 16.904400 4.178050
307 20.731800 5.328530
307 8.517730 -0.508800
307 7.525940 -1.670370
307 6.278780 -2.480890
307 4.412800 -2.386870
307 2.514390 -1.836790
308 0.000000 -1.500000
308 16.648300 5.154840
308 13.565300 11.381500
308 13.565300 9.240520
308 13.734800 1.332270
308 13.734800 12.818400
308 12.776600 0.287075
308 11.445700 -0.796605
308 9.810600 -1.704320
308 15.051900 4.429570
308 8.139170 -2.350650
308 6.619200 -2.238140
308 4.258870 -1.827480
308 2.023550 -1.502620
308 1.403300 -1.228160
309 0.000000 -1.500000
309 4.024860 -1.528550
309 2.579310 -2.198020
309 2.531770 -2.174150
309 2.337850 -2.253610
310 0.000000 -1.500000
310 6.243110 -2.206770
310 17.722400 0.417626
310 15.051900 -2.251900
310 13.080800 -3.261690
310 10.667800 -3.618790
310 8.584280 -3.485930
310 16.904400 -0.991244
310 3.712120 -1.515570
310 1.828270 -1.479850
310 15.697000 -0.903237
311 0.000000 -1.500000
311 19.978000 0.251811
311 17.441100 1.003600
311 15.697000 2.141960
311 19.277000 5.060240
311 11.566200 2.681190
311 13.734800 2.611860
311 10.464600 2.529060
311 6.579570 0.876194
311 4.971890 -0.198903
311 3.279960 -1.155780
311 9.156560 1.992140
311 1.934480 -1.763010
312 0.000000 -1.500000
312 19.621200 9.752810
312 20.731800 -14.190500
312 20.347900 -10.136300
312 16.648300 9.972100
312 15.475900 -9.083250
312 12.486200 11.228900
312 11.566200 11.048000
312 19.277000 -10.004300
312 17.168600 -9.512210
312 12.074600 11.269000
312 7.228860 -4.504300
312 9.156560 -6.096850
312 5.549430 -3.044240
312 3.855390 -1.895210
312 10.772400 -7.420710
312 2.146070 -1.292520
312 1.482840 -1.247380
313 -0.565802 -1.189991
313 14.695098 7.995879
313 13.342898 12.665709
313 14.084698 11.156909
313 14.910098 6.170449
313 13.521198 4.162279
313 12.210798 2.823669
313 10.313298 1.746839
313 9.244798 1.229375
313 7.012038 0.505191
313 5.341658 -0.049343
313 2.420038 -1.085751
313 0.851988 -1.000751
314 0.000000 -1.500000
314 6.207840 2.561720
314 6.782640 4.412110
314 5.493940 0.773773
314 4.242420 -0.713755
314 2.491580 -1.628970
314 1.783750 -1.574800
315 0.000000 -1.500000
315 9.156560 2.493940
315 9.156560 4.912600
315 7.630470 0.271807
315 5.722850 -1.056910
315 9.006450 7.596070
315 3.212830 -1.118040
315 2.100930 -0.947564
316 0.000000 -1.500000
316 20.347900 0.524100
316 17.441100 1.309450
316 7.228860 0.265425
316 9.810600 0.865602
316 4.736150 -0.350394
316 2.561280 -0.908149
316 1.521870 -1.386960
317 -0.492872 -1.584127
317 20.238928 2.813043
317 11.993328 -4.128167
317 13.415828 -0.975930
317 16.675728 -2.445717
317 10.072428 -4.027107
317 8.513578 -3.731627
317 3.955658 -1.919857
317 1.161928 -1.247637
317 1.012318 -1.327207
318 0.000000 -1.500000
318 12.486200 5.782080
318 13.399800 3.958090
318 9.988980 0.465304
318 12.486200 11.639400
318 13.399800 10.185300
318 11.943300 2.794800
318 11.445700 1.699840
318 6.867420 -1.494100
318 5.386210 -1.567380
318 8.584280 -0.663314
318 2.883960 -1.405030
318 1.615860 -1.382310
319 0.000000 -1.500000
319 15.260900 10.044300
319 15.260900 -4.741990
319 13.734800 10.138800
319 11.212100 -4.049200
319 9.156560 -8.354940
319 9.898980 -2.142810
319 6.867420 -1.117760
319 5.412750 -0.507236
319 3.077840 -0.996849
319 1.597070 -1.478260
320 0.000000 -1.500000
320 9.006450 1.001950
320 16.904400 3.585150
320 12.074600 1.991750
320 14.848500 2.856180
320 5.439540 -0.307041
320 3.433710 -0.897591
320 1.834370 -1.464680
321 0.000000 -1.500000
321 14.650500 10.477500
321 19.978000 -3.470620
321 19.277000 -3.581250
321 13.734800 -1.603250
321 8.261560 -1.525770
321 11.445700 -1.612030
321 5.232320 -1.499660
321 4.054570 -1.424290
321 4.039660 1.467760
321 3.260500 -1.424090
321 3.184890 1.429470
321 1.680100 -1.545910
322 0.000000 -1.500000
322 17.441100 -3.240180
322 12.776600 -1.477390
322 10.565300 -1.522760
322 19.621200 -3.365630
322 7.630470 -1.484490
322 15.697000 13.909800
322 4.430590 -1.449550
322 3.279960 -1.389460
322 3.212830 1.480740
322 2.447190 -1.369270
323 0.000000 -1.500000
323 14.650500 13.560600
323 17.168600 -3.189550
323 12.776600 -1.477390
323 19.621200 -3.387140
323 10.667800 -1.525860
323 7.630470 -1.484490
323 15.697000 13.909800
323 4.430590 -1.449550
323 3.212830 1.484270
323 3.279960 -1.393050
323 2.458140 -1.378090
324 0.000000 -1.500000
324 18.313100 12.755700
324 17.441100 -3.221070
324 12.776600 -1.477390
324 14.270000 13.192700
324 10.565300 -1.522760
324 19.621200 -3.365630
324 7.630470 -1.492850
324 15.697000 13.927000
324 4.430590 -1.449550
324 3.279960 -1.393050
324 3.212830 1.491310
324 2.452650 -1.375020
325 0.000000 -1.500000
325 17.441100 -3.240180
325 18.012900 12.526900
325 14.650500 13.544500
325 12.629700 -1.460410
325 14.650500 13.544500
325 10.565300 -1.522760
325 19.621200 -3.387140
325 7.630470 -1.492850
325 15.697000 13.927000
325 4.430590 -1.449550
325 3.270200 -1.392490
325 2.452650 -1.372330
326 0.000000 -1.500000
326 14.457700 13.366300
326 17.441100 -3.240180
326 12.776600 -1.477390
326 19.621200 -3.365630
326 10.464600 -1.508260
326 7.630470 -1.476120
326 15.697000 13.909800
326 4.412800 -1.443730
326 3.279960 -1.389460
326 2.458140 -1.383480
327 0.000000 -1.500000
327 19.621200 -3.387140
327 17.168600 -3.189550
327 12.776600 -1.477390
327 14.270000 13.208400
327 10.464600 -1.519730
327 14.270000 13.208400
327 7.630470 -1.484490
327 4.430590 -1.444690
327 3.270200 -1.385320
327 2.452650 -1.377700
328 0.000000 -1.500000
328 19.621200 -3.387140
328 17.168600 -3.189550
328 12.776600 -1.477390
328 14.270000 13.208400
328 10.464600 -1.519730
328 15.697000 13.909800
328 7.630470 -1.492850
328 4.412800 -1.443730
328 3.279960 -1.393050
328 2.452650 -1.375020
329 0.000000 -1.500000
329 14.650500 13.528500
329 19.621200 -3.387140
329 17.441100 -3.240180
329 12.776600 -1.477390
329 10.464600 -1.508260
329 15.697000 13.909800
329 7.630470 -1.484490
329 4.430590 -1.449550
329 3.279960 -1.393050
329 2.452650 -1.375020
330 0.000000 -1.500000
330 14.650500 13.528500
330 19.621200 -3.387140
330 17.441100 -3.240180
330 12.776600 -1.477390
330 10.464600 -1.519730
330 7.630470 -1.484490
330 4.430590 -1.444690
330 3.279960 -1.396650
330 2.452650 -1.380390
331 0.000000 -1.500000
331 19.621200 -3.387140
331 17.441100 -3.240180
331 12.776600 -1.477390
331 10.464600 -1.519730
331 7.630470 -1.484490
331 4.412800 -1.434050
331 3.279960 -1.393050
331 2.452650 -1.380390
332 0.000000 -1.500000
332 14.270000 13.208400
332 19.621200 -3.387140
332 17.441100 -3.240180
332 12.776600 -1.477390
332 10.464600 -1.508260
332 7.630470 -1.484490
332 4.412800 -1.438890
332 3.279960 -1.396650
332 2.452650 -1.380390
333 0.000000 -1.500000
333 19.621200 -3.387140
333 17.441100 -3.240180
333 12.776600 -1.477390
333 10.464600 -1.519730
333 7.630470 -1.484490
333 4.430590 -1.449550
333 3.279960 -1.393050
333 3.212830 1.487790
333 2.452650 -1.377700
334 0.000000 -1.500000
334 19.621200 -3.387140
334 17.441100 -3.240180
334 12.629700 -1.460410
334 10.464600 -1.508260
334 7.630470 -1.484490
334 4.430590 -1.449550
334 3.279960 -1.393050
334 3.212830 1.487790
334 2.452650 -1.380390
335 0.000000 -1.500000
335 19.621200 -3.387140
335 17.441100 -3.240180
335 12.776600 -1.477390
335 10.565300 -1.534340
335 7.630470 -1.492850
335 4.430590 -1.444690
335 3.270200 -1.392490
335 3.203460 1.483450
335 2.447190 -1.374640
336 0.000000 -1.500000
336 19.621200 -3.365630
336 17.441100 -3.240180
336 12.776600 -1.477390
336 10.464600 -1.508260
336 7.630470 -1.484490
336 4.430590 -1.444690
336 3.270200 -1.388910
336 3.203460 1.483450
336 2.452650 -1.380390
337 0.000000 -1.500000
337 19.621200 -3.365630
337 17.441100 -3.240180
337 12.776600 -1.477390
337 10.464600 -1.508260
337 7.630470 -1.484490
337 4.430590 -1.444690
337 3.270200 -1.385320
337 3.203460 1.486960
337 2.452650 -1.375020
338 0.000000 -1.500000
338 19.621200 -3.365630
338 17.441100 -3.240180
338 12.629700 -1.460410
338 10.464600 -1.519730
338 7.630470 -1.484490
338 4.430590 -1.444690
338 3.270200 -1.385320
338 3.212830 1.494830
338 2.447190 -1.380000
339 0.000000 -1.500000
339 19.978000 -3.426830
339 17.441100 -3.240180
339 12.776600 -1.477390
339 10.464600 -1.508260
339 7.630470 -1.484490
339 4.430590 -1.444690
339 3.203460 1.486960
339 3.270200 -1.388910
339 2.447190 -1.377320
340 0.000000 -1.500000
340 19.621200 -3.387140
340 17.168600 -3.170740
340 12.776600 -1.477390
340 10.464600 -1.519730
340 7.630470 -1.484490
340 4.430590 -1.444690
340 3.212830 1.487790
340 3.270200 -1.388910
340 2.452650 -1.377700
