
1 0.00301065 1.42499
1 0.993984 1.55905
1 1.98509 1.69213
1 2.97657 1.82235
1 3.96806 1.95257
1 4.96421 2.03267
1 5.96269 2.0878
1 6.96084 2.14741
1 7.95661 2.23924
1 8.95239 2.33106
1 9.94893 2.41401
1 10.9457 2.49487
1 11.9424 2.57574
1 11.9424 2.57574
1 12.8685 2.90764
1 12.8685 2.90764
1 13.7612 3.35826
1 14.6539 3.80888

2 0.00304487 1.42495
2 0.9942 1.55766
2 1.98547 1.68946
2 2.97709 1.81871
2 3.9687 1.94795
2 4.96493 2.02708
2 5.96347 2.0812
2 6.96162 2.14035
2 7.9571 2.2354
2 8.95257 2.33044
2 9.94944 2.40907
2 10.9466 2.48386
2 11.9438 2.55866
2 12.8649 2.9212
2 13.7686 3.34937
2 14.6723 3.77754

3 0.00309296 1.42494
3 0.993693 1.56173
3 1.98465 1.69579
3 2.97669 1.82173
3 3.96873 1.94767
3 4.96507 2.02707
3 5.96339 2.08501
3 6.96145 2.14653
3 7.9576 2.23417
3 8.95375 2.3218
3 9.95016 2.40648
3 10.9466 2.49048
3 11.9431 2.57447
3 11.9431 2.57447
3 12.8772 2.89096
3 12.8772 2.89096
3 13.7818 3.31712
3 14.6865 3.74327

4 0.00298202 1.42488
4 0.993971 1.55882
4 1.98515 1.69132
4 2.97687 1.81973
4 3.96859 1.94815
4 4.96475 2.02898
4 5.96312 2.08603
4 6.96122 2.1468
4 7.95739 2.2342
4 8.95357 2.3216
4 9.94997 2.40633
4 10.9464 2.49043
4 11.9429 2.57453
4 11.9429 2.57453
4 12.877 2.89099
4 12.877 2.89099
4 13.7816 3.31715
4 14.6863 3.7433

5 0.00301841 1.42485
5 0.993791 1.56038
5 1.98478 1.69431
5 2.9764 1.82345
5 3.96803 1.95259
5 4.96422 2.0324
5 5.96271 2.08749
5 6.96093 2.14624
5 7.95726 2.2318
5 8.9536 2.31735
5 9.94993 2.40291
5 10.9463 2.48846
5 11.9426 2.57401
5 11.5857 2.54658
5 10.5889 2.46572
5 9.59222 2.38487
5 9.66949 2.49038
5 10.6352 2.75006
5 11.6009 3.00974
5 12.5666 3.26942
5 13.5323 3.52909
5 14.498 3.78877

6 0.00300453 1.42481
6 0.993796 1.56021
6 1.9848 1.69403
6 2.97641 1.82331
6 3.96802 1.95258
6 4.96403 2.03538
6 5.96226 2.0949
6 6.96033 2.15657
6 7.95649 2.24414
6 8.95265 2.33171
6 9.94953 2.41042
6 10.9466 2.48707
6 11.9437 2.56372
6 12.8754 2.88328
6 13.7765 3.31695
6 14.6775 3.75061

7 0.00296265 1.4248
7 0.993719 1.56045
7 1.9847 1.69445
7 2.97633 1.82356
7 3.96796 1.95266
7 4.96415 2.03249
7 5.96263 2.08765
7 6.96078 2.14729
7 7.95655 2.23911
7 8.95233 2.33092
7 9.94915 2.41034
7 10.9462 2.48688
7 11.9433 2.56341
7 12.8726 2.88726
7 13.7696 3.3294
7 14.6665 3.77154

8 0.00295276 1.42466
8 0.994101 1.55742
8 1.9853 1.68977
8 2.97666 1.82098
8 3.96801 1.95218
8 4.96413 2.03255
8 5.96261 2.08761
8 6.96075 2.14725
8 7.9564 2.24048
8 8.95204 2.33371
8 9.9482 2.42123
8 10.9445 2.50666
8 11.9409 2.5921
8 12.8818 2.8738
8 13.7756 3.32223
8 14.6694 3.77066

9 0.00291887 1.42477
9 0.993884 1.55889
9 1.98512 1.69092
9 2.97716 1.81688
9 3.96919 1.94284
9 4.96545 2.02355
9 5.96366 2.08345
9 6.96156 2.14728
9 7.95734 2.23909
9 8.95312 2.3309
9 9.94928 2.41842
9 10.9455 2.50495
9 11.9418 2.59147
9 12.8813 2.87639
9 13.7729 3.32932
9 14.6644 3.78225

10 0.00293972 1.42482
10 0.994102 1.55748
10 1.98532 1.68975
10 2.97667 1.82093
10 3.96803 1.95211
10 4.96425 2.03053
10 5.96289 2.08269
10 6.96108 2.14073
10 7.95604 2.24096
10 8.95101 2.3412
10 9.94717 2.42841
10 10.9438 2.5108
10 11.9404 2.59318
10 11.9404 2.59318
10 12.8836 2.86886
10 12.8836 2.86886
10 13.7815 3.30911
10 14.6794 3.74935

11 0.00292217 1.4248
11 0.993734 1.56005
11 1.98481 1.69332
11 2.97664 1.82083
11 3.96848 1.94834
11 4.96468 2.02888
11 5.96305 2.08595
11 6.96115 2.14675
11 7.95731 2.2343
11 8.95347 2.32185
11 9.94987 2.40653
11 10.9463 2.49054
11 11.9428 2.57456
11 11.9428 2.57456
11 12.8688 2.90759
11 12.8688 2.90759

12 0.00289176 1.42477
12 0.993695 1.56008
12 1.98476 1.6934
12 2.9766 1.82088
12 3.96844 1.94836
12 4.96475 2.02689
12 5.96329 2.08095
12 6.96145 2.13997
12 7.95692 2.23514
12 8.95238 2.33031
12 9.94886 2.41388
12 10.9456 2.49475
12 11.9423 2.57562
12 12.8726 2.899
12 13.7716 3.33708
12 14.6705 3.77515

13 0.0737839 1.42584
13 1.06582 1.5518
13 2.05757 1.67991
13 3.0488 1.81212
13 4.04002 1.94432
13 5.03632 2.02619
13 6.03398 2.09449
13 7.03143 2.16555
13 8.0275 2.25414
13 9.02357 2.34272
13 10.0208 2.41731
13 11.0181 2.49041
13 12.0154 2.5635
13 12.0154 2.5635
13 12.0154 2.5635
13 12.0154 2.5635
13 12.0154 2.5635
13 12.0154 2.5635
13 12.0154 2.5635
13 12.0154 2.5635
13 12.0154 2.5635
13 12.0154 2.5635
13 12.0154 2.5635
13 12.0154 2.5635
13 12.0154 2.5635

14 1.48851 1.50467
14 2.47423 1.67303
14 3.45996 1.84139
14 4.44758 1.99328
14 5.44575 2.05383
14 6.44391 2.11438
14 7.44112 2.18817
14 8.43761 2.27186
14 9.4344 2.35174
14 10.4318 2.42444
14 11.4291 2.49713
14 12.4265 2.56982
14 13.4238 2.64251
14 13.4238 2.64251
14 14.3203 2.92774
14 14.3203 2.92774
14 14.3203 2.92774
14 15.0075 3.65421
14 15.0075 3.65421
14 15.0075 3.65421
14 15.0075 3.65421
14 15.0075 3.65421

15 5.36007 1.85886
15 6.34367 2.03924
15 7.3335 2.17249
15 8.33016 2.25411
15 9.32678 2.3363
15 10.3232 2.42049
15 11.3197 2.50468
15 12.3161 2.58887
15 13.3122 2.67749
15 14.3083 2.76612
15 15.3043 2.85475
15 16.3004 2.94338
15 17.2965 3.03201
15 18.2948 3.08414
15 19.2941 3.12089
15 20.2888 3.20235
15 21.2859 3.27768
15 22.2831 3.35206
15 23.2807 3.42199
15 24.2783 3.49077

16 12.7258 2.36961
16 13.7005 2.59303
16 14.6813 2.7771
16 15.6782 2.85544
16 16.6751 2.93378
16 17.6721 3.01212
16 18.669 3.09046
16 19.6659 3.1688
16 20.6626 3.2496
16 21.6588 3.33761
16 22.6549 3.42563
16 23.6516 3.50579
16 24.6493 3.57323
16 25.6471 3.64067
16 26.6222 3.44164
16 27.5943 3.20706
16 28.5625 2.96503
16 29.3086 2.29923

17 23.2047 2.97014

18 33.6806 -0.489922
18 34.651 -0.731429
18 34.651 -0.731429
18 35.6181 -0.881848
18 35.6181 -0.881848
18 36.5685 -0.570885
18 37.5189 -0.259923
18 37.5189 -0.259923
18 38.3918 0.197235
18 38.3918 0.197235
18 39.182 0.809997
18 39.9723 1.42276
18 39.9723 1.42276
18 39.9723 1.42276
18 39.9723 1.42276
18 39.9723 1.42276

19 42.0046 3.51166
19 42.0046 3.51166
19 43.1673 5.11461
19 43.8344 5.85952
19 45.4246 7.05479
19 46.2556 7.61111
19 47.1623 8.019
19 50.0212 8.72359
19 51.0174 8.63681
19 52.0136 8.55004
19 53.0099 8.46326
19 54.0061 8.37649
19 56.7582 7.33778
19 56.7582 7.33778
19 56.7582 7.33778
19 56.7582 7.33778
19 56.7582 7.33778
19 56.7582 7.33778
19 56.7582 7.33778
19 56.7582 7.33778
19 56.7582 7.33778

20 54.364 7.74092

21 64.5494 5.11839

22 65.5798 11.3306
22 65.5798 11.3306
22 64.8303 11.9926
22 64.0808 12.6546
22 64.0808 12.6546
22 63.1974 13.1201
22 61.4968 14.1519
22 60.7282 14.7917
22 59.9262 15.3852
22 59.078 15.9149
22 58.2298 16.4446
22 58.2298 16.4446
22 58.2298 16.4446
22 58.2298 16.4446
22 58.2298 16.4446
22 58.2298 16.4446
22 58.2298 16.4446
22 58.2298 16.4446

23 57.0159 17.094

24 45.94 16.9881
24 45.7203 17.9636
24 45.7203 17.9636
24 45.7203 17.9636
24 45.7203 17.9636
24 45.7203 17.9636
24 45.7203 17.9636
24 45.7203 17.9636
24 45.7203 17.9636
24 45.7203 17.9636
24 45.7203 17.9636
24 45.7203 17.9636
24 45.7203 17.9636
24 45.7203 17.9636
24 45.7203 17.9636
24 45.7203 17.9636
24 45.7203 17.9636
24 45.7203 17.9636
24 45.7203 17.9636
24 45.7203 17.9636
24 45.7203 17.9636
24 45.7203 17.9636
24 45.7203 17.9636
24 45.7203 17.9636
24 45.7203 17.9636
24 45.7203 17.9636
24 45.7203 17.9636
24 45.7203 17.9636
24 45.7203 17.9636
24 45.7203 17.9636
24 45.7203 17.9636
24 45.7203 17.9636
24 45.7203 17.9636
24 45.7203 17.9636
24 45.7203 17.9636
24 45.7203 17.9636
24 45.7203 17.9636

25 33.7484 22.3486
25 33.7484 22.3486
25 32.7538 22.4529
25 32.7538 22.4529
25 32.7538 22.4529
25 31.8269 22.1556
25 30.9212 21.7315
25 30.9212 21.7315
25 30.1718 21.0997
25 30.1718 21.0997
25 29.5126 20.3477
25 29.5126 20.3477
25 29.5126 20.3477
25 29.5126 20.3477
25 29.5126 20.3477
25 29.5126 20.3477
25 29.5126 20.3477
25 29.5126 20.3477
25 29.5126 20.3477
25 29.5126 20.3477

26 27.9903 15.0744
26 27.2167 14.6736
26 27.1017 13.6802
26 26.9867 12.6869
26 26.5956 11.7862
26 26.0876 10.9249
26 25.3701 10.3496
26 24.3956 10.125

27 15.4729 4.72895
27 14.5741 4.55
27 13.5752 4.50279
27 12.5764 4.45558
27 11.5768 4.43028
27 10.5769 4.42087
27 9.57694 4.41145
27 8.57894 4.34917
27 7.58103 4.2845
27 6.58313 4.21983
27 5.58522 4.15516
27 4.6092 4.24183
27 3.67051 4.58659
27 2.73182 4.93135
27 1.79313 5.27612
27 0.854444 5.62088
27 -0.0842458 5.96564

28 -1.90653 7.17562
28 -2.82414 7.46521
28 -3.74525 7.85451
28 -4.6722 8.22286
28 -4.6722 8.22286
28 -5.6619 8.36601
28 -6.6516 8.50916
28 -6.6516 8.50916
28 -6.6516 8.50916
28 -7.55653 8.2102
28 -8.42309 7.71112
28 -8.42309 7.71112
28 -8.42309 7.71112
28 -8.42309 7.71112
28 -8.90211 6.86474
28 -9.30358 5.94887
28 -9.30358 5.94887

29 -9.53973 5.76735
29 -10.4698 6.13474
29 -11.3999 6.50212

30 -5.02734 1.66284
30 -4.02765 1.6379
30 -3.02769 1.6386
30 -2.0277 1.64222
30 -1.02863 1.67143
30 -0.0309801 1.73998
30 0.966667 1.80854
30 1.96363 1.88595
30 2.96003 1.97073
30 3.95643 2.05551
30 4.95587 2.08852
30 5.95535 2.12083
30 6.9542 2.16661
30 7.95242 2.22641
30 7.95242 2.22641
30 8.79024 2.49219
30 8.79024 2.49219
30 8.79024 2.49219
30 8.79024 2.49219
30 8.79024 2.49219
30 8.79024 2.49219
30 8.79024 2.49219
30 9.0929 3.44529
30 9.0929 3.44529
30 9.0929 3.44529
30 9.0929 3.44529
30 9.0929 3.44529
30 9.0929 3.44529

31 7.25652 1.98486

32 23.2084 2.62793

33 38.0942 -0.575096
33 38.89 0.0304259
33 39.6859 0.635948
33 40.4817 1.24147
33 41.0934 2.0281
33 41.6859 2.83368
33 42.2784 3.63926
33 43.1093 4.16709
33 43.9953 4.63077
33 44.8813 5.09445
33 45.7673 5.55812
33 46.6533 6.0218
33 47.5394 6.48547
33 48.4254 6.94915
33 49.3114 7.41283
33 50.1974 7.8765
33 51.0834 8.34018
33 51.9694 8.80385

34 49.1311 7.13194
34 49.363 8.10466

35 63.3494 4.60113
35 64.3459 4.51815
35 64.3459 4.51815
35 64.3459 4.51815
35 65.1859 4.93665
35 65.1859 4.93665
35 65.9493 5.58089
35 66.5884 6.34998
35 66.5884 6.34998
35 67.0658 7.18086
35 67.0658 7.18086
35 67.0658 7.18086

36 66.0098 10.5214
36 66.0098 10.5214
36 65.2721 11.1966
36 64.5345 11.8717
36 64.5345 11.8717
36 63.6886 12.3919
36 62.8005 12.8516
36 61.2106 14.0474
36 60.4311 14.6707
36 60.4311 14.6707
36 59.5834 15.2012
36 58.7357 15.7316
36 57.888 16.2621
36 56.9489 16.6009
36 56.9489 16.6009
36 55.9978 16.8939
36 55.9978 16.8939
36 54.9979 16.8864
36 53.9979 16.8788
36 53.9979 16.8788

37 56.4018 16.7383
37 55.5842 17.2133
37 54.5931 17.0805
37 54.5931 17.0805
37 53.6019 16.9478
37 52.6794 16.5925
37 51.7855 16.1443
37 50.8876 15.7456
37 49.9338 16.046
37 48.9799 16.3463
37 48.0261 16.6467
37 47.0723 16.947
37 46.1184 17.2474
37 45.1646 17.5477
37 44.2108 17.8481
37 43.2921 18.2389
37 42.3857 18.6613
37 41.4682 19.0579
37 40.5367 19.4216
37 39.6052 19.7854
37 38.6407 20.0086
37 37.8126 20.5458

38 42.5319 19.0365
38 42.5319 19.0365
38 42.5319 19.0365
38 40.6798 19.5117
38 38.8684 20.334
38 38.024 20.8696
38 37.147 21.349
38 36.2607 21.8121
38 36.2607 21.8121
38 35.3394 22.1267
38 35.3394 22.1267
38 34.3396 22.1086
38 33.3397 22.0906
38 33.3397 22.0906
38 32.3945 21.8463
38 32.3945 21.8463
38 31.4966 21.4061
38 30.7215 20.8051
38 30.7215 20.8051
38 30.0604 20.0548
38 29.4056 19.3013
38 29.4056 19.3013
38 29.4056 19.3013
38 29.198 18.3231
38 28.9905 17.3449
38 29.001 16.3714
38 29.001 16.3714
38 29.2506 15.403

39 21.3167 5.13056
39 21.3167 5.13056
39 21.3167 5.13056
39 21.6611 6.0412
39 21.6611 6.0412
39 21.6611 6.0412
39 22.4169 6.69601
39 23.1727 7.35083
39 23.9285 8.00565
39 25.2277 9.46862
39 25.6114 10.3921
39 25.9952 11.3155
39 26.379 12.2389
39 26.7628 13.1623
39 27.1465 14.0858
39 27.5303 15.0092
39 27.9141 15.9326
39 28.3031 16.8533
39 28.8542 17.6877
39 29.4054 18.522
39 29.9566 19.3564
39 30.5078 20.1908
39 31.059 21.0252
39 31.059 21.0252
39 31.059 21.0252
39 31.059 21.0252

40 25.4467 10.5657

41 12.4334 4.32108
41 11.4335 4.30596
41 10.4336 4.30776
41 9.43392 4.29919
41 8.4347 4.25957
41 7.43561 4.21757
41 6.43768 4.15328
41 5.43975 4.089
41 5.43975 4.089

42 -4.22462 8.27733
42 -4.22462 8.27733
42 -6.20046 8.54119
42 -6.20046 8.54119
42 -7.14013 8.41678
42 -7.14013 8.41678
42 -7.14013 8.41678
42 -8.02867 7.95797
42 -8.02867 7.95797
42 -8.63952 7.2453
42 -8.63952 7.2453
42 -8.63952 7.2453
42 -9.01703 6.31929
42 -9.01703 6.31929

43 -9.36651 4.4487
43 -9.29453 3.45129
43 -9.22254 2.45388
43 -9.15056 1.45648
43 -9.15056 1.45648
43 -9.07857 0.459073
43 -9.00658 -0.538333

44 -1.94831 1.62133
44 -0.949999 1.62522
44 0.0467774 1.70546
44 1.04355 1.78569
44 2.04033 1.86591
44 3.03711 1.9461
44 4.03389 2.0263
44 5.03274 2.0701
44 6.03218 2.10331
44 7.03158 2.13772
44 8.0301 2.19203
44 9.02863 2.24635
44 10.0273 2.29719
44 11.0261 2.3464
44 12.0249 2.39561

45 11.9832 2.22088
45 11.9832 2.22088
45 13.9549 2.4533
45 14.953 2.51492
45 15.9514 2.57173
45 16.9498 2.62855
45 17.9482 2.68536
45 18.9466 2.74217
45 19.9449 2.79899
45 20.9433 2.85542
45 21.9419 2.90884
45 22.9405 2.96226
45 23.9387 3.02146
45 24.9366 3.08691
45 24.9366 3.08691
45 27.8773 2.79636
45 29.7066 2.04863
45 30.5253 1.47433
45 31.3439 0.900035

46 29.2904 1.4276
46 29.9088 0.855192
46 29.9088 0.855192
46 31.7033 0.0400843
46 32.5285 -0.524713
46 33.3966 -0.997086
46 33.3966 -0.997086
46 34.3607 -1.26247
46 35.3249 -1.52786
46 35.3249 -1.52786
46 36.2837 -1.4234
46 36.2837 -1.4234
46 37.2399 -1.13055
46 38.1958 -0.836978
46 39.1268 -0.471865
46 40.0577 -0.106751
46 40.0577 -0.106751

47 40.7566 0.826867
47 41.3425 1.63704
47 41.9451 2.43508
47 42.5477 3.23311
47 43.2195 3.97273
47 43.9047 4.70115
47 44.5956 5.42264
47 45.4347 5.96655
47 46.2739 6.51046
47 47.1247 7.03133
47 48.0593 7.387
47 48.9939 7.74267
47 49.9285 8.09833
47 50.9152 8.25106
47 51.9056 8.3895
47 52.8834 8.43681
47 53.799 8.0347
47 54.7146 7.6326
47 55.6302 7.23049
47 56.5458 6.82839
47 57.4614 6.42628
47 58.3769 6.02418
47 59.2925 5.62207
47 60.2081 5.21997
47 61.1334 4.84815
47 62.1125 4.6449
47 63.0917 4.44165

48 55.8946 6.31095
48 55.8946 6.31095
48 56.8419 6.12163
48 58.7554 5.62573
48 59.6725 5.22696
48 60.5905 4.83065
48 60.5905 4.83065
48 61.5426 4.52509
48 62.4948 4.21953
48 62.4948 4.21953
48 63.4561 4.24162
48 63.4561 4.24162
48 64.4238 4.49362
48 65.3916 4.74563
48 65.3916 4.74563
48 66.2494 5.12812
48 66.2494 5.12812
48 66.6623 6.03891
48 66.6623 6.03891
48 66.9237 6.99903
48 66.9237 6.99903
48 66.9002 7.96046
48 66.9002 7.96046
48 66.9002 7.96046
48 66.4868 8.84547
48 66.4868 8.84547
48 66.4868 8.84547
48 65.6257 9.35381
48 64.0291 10.5489
48 63.2261 11.1422
48 63.2261 11.1422

49 66.8236 5.49927
49 66.8236 5.49927
49 66.8236 5.49927
49 67.2796 6.38924
49 67.7356 7.27921
49 67.7356 7.27921
49 67.7356 7.27921
49 67.6114 8.23983
49 67.6114 8.23983
49 67.2811 9.1675
49 67.2811 9.1675
49 66.7016 9.98248

50 64.4023 12.2409
50 64.4023 12.2409
50 63.4218 12.4375
50 61.7168 13.3594
50 60.9536 14.0054
50 60.1095 14.5417
50 59.2655 15.0779
50 58.4214 15.6142
50 58.4214 15.6142
50 57.4779 15.8743
50 57.4779 15.8743
50 56.4858 15.9993
50 55.4936 16.1242
50 54.5014 16.2491
50 53.5093 16.3741
50 53.5093 16.3741
50 53.5093 16.3741
50 53.5093 16.3741
50 52.6442 15.8764
50 51.7804 15.3726

51 53.7088 16.5065
51 52.7607 16.2895
51 51.9227 15.7437
51 51.0556 15.335
51 50.0679 15.4918
51 49.0803 15.6487
51 48.0927 15.8055
51 47.1051 15.9624
51 46.1656 16.2521
51 45.3071 16.7649
51 44.4486 17.2777
51 43.5941 17.797
51 42.7427 18.3216
51 41.8315 18.7221
51 40.891 19.0617
51 39.9504 19.4013
51 39.0469 19.8172
51 38.1988 20.3471
51 37.3508 20.877
51 36.5027 21.4069
51 35.6479 21.7577
51 34.7248 21.5089
51 33.7344 21.6473

52 37.3944 21.2664
52 37.3944 21.2664
52 36.4028 21.3957
52 35.4112 21.5249
52 34.4196 21.6542
52 33.4279 21.7834
52 33.4279 21.7834
52 33.4279 21.7834
52 32.5057 21.4791
52 32.5057 21.4791
52 31.6038 21.0471
52 31.6038 21.0471
52 30.8871 20.3697
52 30.2243 19.6209
52 30.2243 19.6209
52 30.2243 19.6209
52 30.2243 19.6209
52 30.2243 19.6209

53 28.6192 17.0769
53 28.6192 17.0769
53 28.4796 16.0955
53 28.4796 16.0955
53 28.2723 14.1311
53 27.9366 13.1891
53 27.1769 11.3453
53 26.6875 10.4733
53 25.4582 8.92382
53 24.7339 8.2344
53 24.0095 7.54497
53 23.2825 6.85836
53 22.5381 6.1907
53 20.0323 4.66175
53 19.0806 4.35482
53 18.1191 4.09646
53 17.1226 4.0129
53 16.1261 3.92934

54 19.0813 5.18043
54 19.0813 5.18043
54 17.1673 3.61774
54 15.2911 4.23593
54 15.2911 4.23593
54 14.2913 4.21743
54 13.2915 4.19892
54 12.2916 4.18582

55 1.46055 5.53522
55 1.46055 5.53522
55 0.67027 6.01572
55 0.67027 6.01572
55 -1.10863 6.81334
55 -1.99482 7.27499
55 -2.90895 7.68039
55 -3.82309 8.08579
55 -3.82309 8.08579
55 -4.77665 8.21861
55 -4.77665 8.21861
55 -5.76818 8.08876
55 -6.75972 7.95891
55 -7.75125 7.82907
55 -7.75125 7.82907
55 -7.75125 7.82907
55 -8.50181 7.38063
55 -8.50181 7.38063
55 -8.50181 7.38063
55 -8.50181 7.38063
55 -8.89665 6.46188

56 -9.47975 8.00227
56 -9.47975 8.00227
56 -9.47975 8.00227
56 -9.47975 8.00227
56 -9.47975 8.00227
56 -9.47975 8.00227
56 -9.47975 8.00227

57 -8.36912 2.37663
57 -7.86387 1.51366
57 -7.35862 0.650684

58 1.2024 1.7428
58 2.19865 1.82722
58 3.19387 1.92491
58 4.18914 2.02175
58 5.18884 2.04608
58 6.18854 2.07042
58 7.18785 2.10501
58 8.18638 2.15911
58 9.18492 2.21321
58 10.1835 2.26732
58 11.182 2.32142
58 12.1805 2.37552
58 13.1796 2.41769
58 14.1789 2.45408
58 14.1789 2.45408
58 14.1789 2.45408
58 14.9916 2.88908
58 14.9916 2.88908
58 15.6594 3.63345
58 15.6594 3.63345
58 15.6594 3.63345

59 14.5286 2.41977
59 15.5286 2.4168
59 16.5239 2.50056
59 17.5178 2.6116
59 18.5161 2.66476
59 19.5151 2.7087
59 20.5141 2.75265
59 21.5119 2.8187
59 22.5091 2.89263
59 23.5064 2.96655
59 24.5053 3.00473
59 25.5051 3.02333
59 26.4697 2.88426
59 27.3663 2.44142
59 28.2629 1.99858
59 29.1595 1.55573
59 30.0561 1.11289
59 30.9527 0.670047
59 31.7822 0.122587
59 32.5586 -0.50764
59 33.3656 -1.07909
59 34.3274 -1.35285
59 35.2892 -1.62662

60 32.802 -0.714171

61 44.2366 3.32002
61 44.2366 3.32002
61 44.2366 3.32002
61 44.2366 3.32002
61 45.5869 5.74841
61 46.4177 6.30493
61 48.2396 7.09352
61 49.1865 7.41483
61 50.1527 7.65613
61 51.1425 7.79881
61 54.0641 7.4992
61 55.0267 7.22851
61 55.9649 6.89354
61 56.8643 6.4563
61 57.7636 6.01906
61 57.7636 6.01906
61 60.4051 4.97157
61 61.2667 4.46405
61 62.1284 3.95653
61 62.1284 3.95653
61 62.1284 3.95653

62 66.8325 7.25069
62 66.4993 8.19356
62 65.8967 8.96877
62 65.1775 9.66043
62 64.3677 10.2471
62 63.569 10.5065
62 62.801 9.86596
62 62.0331 9.22544
62 61.2652 8.58493
62 60.4972 7.94441
62 59.7293 7.30389
62 58.9613 6.66337
62 58.1934 6.02285

63 66.6032 5.83544

64 62.7651 13.3176
64 61.7996 13.578
64 60.851 13.8769
64 60.0068 14.4128
64 59.1625 14.9486
64 58.3182 15.4845
64 57.4081 15.8926
64 56.4812 16.2679
64 55.5283 16.4101
64 55.5283 16.4101
64 54.5416 16.2479
64 53.5776 16.0184
64 52.6941 15.5498
64 51.8107 15.0813
64 50.8752 15.1881
64 49.9221 15.4907
64 48.969 15.7932
64 48.0158 16.0958
64 47.0627 16.3983
64 46.1096 16.7009
64 45.1564 17.0034
64 44.2234 17.3545
64 43.3353 17.8142
64 42.4473 18.2739

65 49.9549 16.2576
65 49.9549 16.2576
65 49.9549 16.2576
65 47.3602 15.6982
65 45.512 16.4171
65 44.6259 16.8805
65 43.7397 17.3438
65 42.8535 17.8072
65 41.9674 18.2705
65 41.0812 18.7339
65 40.195 19.1973
65 39.3273 19.6934
65 38.4721 20.2117
65 37.6169 20.73
65 36.7617 21.2483
65 36.7617 21.2483
65 35.8422 21.4597
65 35.8422 21.4597
65 34.8508 21.3286
65 33.8594 21.1976
65 32.868 21.0665
65 31.8767 20.9355

66 36.0855 21.6698
66 36.0855 21.6698
66 34.1453 21.5835
66 33.1534 21.611
66 33.1534 21.611
66 33.1534 21.611
66 32.2457 21.1914
66 31.3446 20.7628
66 31.3446 20.7628
66 31.3446 20.7628
66 30.6762 20.0191
66 30.0077 19.2753
66 30.0077 19.2753
66 30.0077 19.2753
66 30.0077 19.2753

67 27.986 15.2102
67 27.986 15.2102
67 27.8283 14.2227
67 27.6705 13.2352
67 27.1463 11.3315
67 26.1545 9.59766
67 25.553 8.79877
67 24.1829 7.35405
67 23.4399 6.68468
67 22.697 6.01532
67 21.9541 5.34595
67 21.9541 5.34595

68 16.6164 4.34759
68 15.6364 4.16531
68 14.6367 4.13817
68 13.6371 4.11104
68 12.6375 4.0839
68 11.6376 4.096
68 10.6378 4.11284
68 9.63809 4.11131
68 8.63869 4.07669
68 7.64467 4.0938
68 6.6738 4.33338
68 5.70292 4.57297
68 4.73205 4.81255
68 3.76117 5.05214
68 2.7903 5.29172
68 1.81942 5.53131
68 0.848546 5.7709
68 -0.000252671 6.22703
68 -0.707847 6.93365

69 -1.07011 6.97758
69 -1.07011 6.97758
69 -2.01093 7.30204
69 -2.92498 7.70766
69 -3.83902 8.11327
69 -3.83902 8.11327
69 -4.80901 8.33105

70 -9.12135 6.11967
70 -9.12135 6.11967

71 -4.8512 1.81842
71 -3.86232 1.66975
71 -2.86541 1.62757
71 -2.86541 1.62757
71 -1.86541 1.62643
71 -0.865626 1.63386
71 0.133051 1.68529
71 1.13173 1.73673
71 2.13035 1.78926
71 3.1288 1.84473
71 4.12726 1.90021
71 5.12669 1.93256
71 6.1263 1.96041
71 7.0529 2.11646
71 7.0529 2.11646
71 7.0529 2.11646
71 9.25596 3.48911
71 10.2554 3.4799
71 11.2553 3.49379
71 12.2552 3.50768
71 12.2552 3.50768
71 12.2552 3.50768

72 6.93986 1.8548
72 7.93679 1.93214
72 8.93471 1.99654
72 9.93317 2.05162
72 10.9319 2.10258
72 11.9306 2.15354
72 12.9293 2.20445
72 13.928 2.25525
72 14.9267 2.30606
72 15.9254 2.35687
72 16.9241 2.40768
72 17.9229 2.45661
72 18.9223 2.49075
72 19.9217 2.52488
72 20.9201 2.56962
72 21.9184 2.62018
72 22.9175 2.66256
72 23.9112 2.73919
72 24.9102 2.78354
72 25.9093 2.82789

73 23.6929 2.12902

74 38.3892 -1.37677
74 38.3892 -1.37677
74 39.2016 -0.793707
74 40.014 -0.210645
74 40.014 -0.210645

75 49.8775 7.2375
75 50.6003 6.54637

76 64.9753 3.59801

77 66.033 10.0443
77 66.033 10.0443
77 65.1631 10.5375
77 64.2932 11.0307
77 63.4233 11.5239
77 62.6004 12.0831
77 61.8506 12.7447
77 61.0861 13.3872
77 60.2528 13.94
77 59.4195 14.4928
77 58.5862 15.0456
77 58.5862 15.0456
77 57.6713 15.4445
77 56.746 15.8237
77 56.746 15.8237
77 56.746 15.8237
77 56.746 15.8237
77 56.746 15.8237
77 56.746 15.8237

78 56.4432 16.056
78 55.4842 15.7726
78 54.4861 15.7952
78 53.4959 15.7086
78 52.5134 15.522
78 52.5134 15.522
78 51.531 15.3354
78 50.5486 15.1489
78 49.5661 14.9623
78 48.589 15.0443
78 47.6148 15.2699
78 46.6582 15.5395
78 45.7978 16.049
78 44.9373 16.5585
78 44.0679 17.0515
78 43.1705 17.4927
78 42.2731 17.9339
78 41.3757 18.3752
78 40.4783 18.8164
78 39.6036 19.2989
78 38.7504 19.8204
78 37.8972 20.342
78 37.044 20.8636

79 39.9137 19.9164
79 39.9137 19.9164
79 38.9253 20.0682
79 37.1222 20.8809
79 36.2382 21.33
79 36.2382 21.33
79 36.2382 21.33
79 35.2382 21.3276
79 34.2382 21.3252
79 33.2694 21.2023
79 33.2694 21.2023
79 33.2694 21.2023
79 32.394 20.7188
79 31.5854 20.1469
79 31.5854 20.1469
79 30.8797 19.4383
79 30.174 18.7298
79 30.174 18.7298
79 30.174 18.7298
79 30.174 18.7298
79 30.0542 17.7569
79 29.9898 16.759
79 29.9898 16.759
79 29.9898 16.759

80 29.8274 18.7453
80 29.8274 18.7453
80 29.8274 18.7453
80 29.2876 17.0208
80 28.8184 16.1377
80 28.8184 16.1377
80 28.8184 16.1377
80 28.5139 13.2112
80 28.129 12.2882
80 27.7397 11.3675
80 27.2245 10.5104
80 26.12 8.84944
80 25.4734 8.08662
80 24.0269 6.70849
80 23.2891 6.03348
80 22.5513 5.35846
80 21.8135 4.68344
80 21.8135 4.68344

81 22.7274 6.32607
81 22.7274 6.32607
81 22.0489 5.68835

82 4.73721 4.51222
82 3.81726 4.85773
82 2.85961 5.14566
82 1.90196 5.43358
82 0.944302 5.72151
82 0.0474351 6.14971
82 -0.817518 6.65156
82 -1.69745 7.12398
82 -2.61227 7.52783
82 -3.5271 7.93169
82 -4.46496 8.18194

83 -7.42677 7.86981
83 -7.42677 7.86981
83 -7.42677 7.86981
83 -7.42677 7.86981
83 -7.42677 7.86981
83 -7.42677 7.86981
83 -7.42677 7.86981
83 -7.42677 7.86981
83 -7.42677 7.86981
83 -7.42677 7.86981
83 -7.42677 7.86981
83 -7.42677 7.86981
83 -7.42677 7.86981

84 -7.19093 2.12693
84 -7.19093 2.12693
84 -7.19093 2.12693
84 -6.19957 1.99574
84 -3.4544 1.36911
84 -3.4544 1.36911
84 -3.4544 1.36911

85 4.0818 1.41585
85 4.99584 1.68549
85 5.99549 1.712
85 6.99514 1.73852
85 7.9948 1.76473
85 8.99445 1.79089
85 9.99354 1.83191
85 10.9922 1.88304
85 11.9909 1.93417
85 12.9897 1.98429
85 13.9888 2.02538
85 14.988 2.06647
85 15.9874 2.09905
85 16.987 2.12913
85 17.9865 2.15921
85 18.9863 2.18049
85 19.9861 2.20052
85 20.9859 2.22055
85 21.9794 2.31705
85 22.9793 2.30906

86 17.9398 2.11146
86 18.9397 2.1253
86 19.9395 2.14526
86 20.9386 2.18672
86 21.9366 2.24924
86 22.9346 2.31278
86 23.9326 2.37631
86 24.9318 2.41527
86 25.9312 2.44867
86 26.7829 2.2769
86 27.0683 1.31848

87 35.8707 -2.10747

88 47.9433 5.03423
88 47.9433 5.03423
88 47.9433 5.03423
88 47.9433 5.03423
88 51.2162 6.81508
88 52.2103 6.92339
88 54.1388 6.5639
88 55.0895 6.25394
88 56.9239 5.47189
88 57.8154 5.01886
88 58.7158 4.58486
88 58.7158 4.58486
88 59.6334 4.18737
88 60.551 3.78988
88 61.4799 3.42285
88 62.4347 3.12536
88 63.3894 2.82788
88 63.3894 2.82788

89 63.1599 2.75521
89 63.1599 2.75521
89 64.112 2.53599
89 64.112 2.53599
89 65.112 2.52923
89 65.112 2.52923
89 65.9626 2.96035
89 65.9626 2.96035
89 65.9626 2.96035
89 65.9626 2.96035
89 65.9626 2.96035
89 65.9626 2.96035
89 65.9626 2.96035
89 65.9626 2.96035

90 68.0226 7.0624

91 59.8938 14.166
91 58.9827 14.5782
91 58.0604 14.9647
91 57.1378 15.3505
91 56.176 15.4517
91 55.1834 15.3303
91 55.1834 15.3303
91 54.2095 15.1445
91 53.3067 14.7145
91 52.4038 14.2845
91 51.4705 14.3112
91 50.5186 14.6174
91 49.5667 14.9237
91 48.6147 15.23
91 47.6628 15.5362
91 46.7108 15.8425
91 45.7589 16.1488
91 44.8069 16.4551

92 45.1926 17.0172
92 45.1926 17.0172
92 42.7129 17.5852
92 41.8122 18.0198
92 40.9116 18.4544
92 40.0473 18.9523
92 39.218 19.5111
92 38.3587 20.0203
92 37.4786 20.4951
92 36.5986 20.9699
92 36.5986 20.9699
92 36.5986 20.9699
92 35.6035 20.9955
92 34.6035 21.0019
92 33.6138 20.9646
92 33.6138 20.9646
92 33.6138 20.9646
92 32.7209 20.5142
92 31.8723 20.0145
92 31.8723 20.0145
92 31.3285 19.1753
92 30.7847 18.3361
92 30.7847 18.3361
92 30.4319 17.4028
92 30.0978 16.4602
92 30.0978 16.4602
92 29.9521 15.5163
92 29.9521 15.5163
92 29.9521 15.5163
92 30.2716 14.5687
92 30.2716 14.5687
92 30.2716 14.5687
92 30.2716 14.5687

93 31.9722 20.2599
93 31.9722 20.2599
93 31.9722 20.2599
93 31.2777 19.5405
93 30.5831 18.821
93 30.0271 18.0138
93 30.0271 18.0138
93 29.6732 17.0785
93 29.3193 16.1432
93 28.9312 15.2221
93 28.5215 14.3098
93 28.1119 13.3976
93 27.7022 12.4853
93 27.2926 11.5731
93 26.8829 10.6609
93 26.4733 9.74861
93 26.0637 8.83637
93 24.971 7.21093
93 23.4079 5.98721
93 22.5083 5.55037
93 21.6088 5.11353
93 20.7092 4.67669
93 19.8097 4.23985
93 19.8097 4.23985

94 12.6085 2.14603
94 12.6085 2.14603
94 12.6085 2.14603

95 -6.00758 2.07009
95 -5.01032 2.01465
95 -4.01089 1.98067
95 -2.15036 1.41993

96 -5.09415 8.20956
96 -5.09415 8.20956
96 -5.09415 8.20956
96 -6.05764 8.47728
96 -6.05764 8.47728
96 -6.05764 8.47728
96 -6.96797 8.14337
96 -7.86957 7.71081
96 -7.86957 7.71081
96 -7.86957 7.71081
96 -7.86957 7.71081
96 -7.86957 7.71081

97 -8.13865 2.2262
97 -8.13865 2.2262

98 0.983014 1.19029
98 1.96849 1.35437
98 2.96646 1.41792
98 3.96444 1.48147
98 4.96337 1.51889
98 5.96333 1.52827
98 6.96329 1.53765
98 7.96266 1.57076
98 8.96188 1.61027
98 9.9611 1.64978
98 10.9603 1.68929
98 11.9595 1.7288
98 12.9588 1.76831
98 13.9582 1.74346
98 13.9582 1.74346
98 14.876 1.96065
98 14.876 1.96065
98 14.876 1.96065
98 15.6635 2.57699

99 14.8812 1.7292
99 15.8802 1.69302
99 16.8792 1.73741
99 17.8783 1.78181
99 18.8773 1.8262
99 19.8763 1.8706
99 20.8753 1.91499
99 21.8742 1.96267
99 22.873 2.01141
99 23.8718 2.06015
99 24.871 2.10065
99 25.8702 2.13847
99 26.8695 2.17629
99 27.8322 1.90799
99 28.7943 1.63532
99 29.7564 1.36265
99 30.4345 0.633279
99 31.1046 -0.108993
99 31.8397 -0.775711
99 32.6732 -1.32823
99 33.5068 -1.88075
99 34.387 -2.34171
99 35.3233 -2.69299

100 33.2593 -2.07919
100 33.2593 -2.07919
100 34.222 -2.34976
100 35.1847 -2.62033
100 36.1472 -2.8428
100 36.1472 -2.8428
100 36.1472 -2.8428
100 37.1076 -2.56416
100 38.068 -2.28553
100 38.068 -2.28553
100 38.9595 -1.8661
100 38.9595 -1.8661
100 39.7691 -1.27916
100 40.5788 -0.692217
100 41.2482 0.0305701
100 41.2482 0.0305701
100 41.8092 0.858355
100 42.3703 1.68614
100 42.3703 1.68614
100 42.3703 1.68614

101 43.1415 1.90756
101 44.1408 1.94485
101 44.5951 2.80441
101 45.0185 3.71031
101 45.8169 4.28447
101 46.6646 4.81492
101 47.517 5.3353
101 48.4698 5.63878
101 49.4226 5.94225
101 50.3808 6.22161
101 51.3728 6.3482
101 52.3647 6.47478
101 53.338 6.41641
101 54.2847 6.09421
101 55.2314 5.77201
101 56.1733 5.43752
101 57.0891 5.03588
101 58.0049 4.63424
101 58.9149 4.22094
101 59.7883 3.73401
101 60.6617 3.24709
101 61.5729 2.8484
101 62.5286 2.55424
101 63.4844 2.26008
101 64.4794 2.19663
101 65.4788 2.16048
101 66.4781 2.12434
101 67.2156 2.68094
101 67.2156 2.68094
101 67.5647 3.56182
101 67.6167 4.56047
101 67.6687 5.55912
101 67.0012 6.29723
101 66.3218 7.03106
101 65.6425 7.7649
101 64.9632 8.49874
101 64.2839 9.23258
101 63.6045 9.96642
101 62.8723 10.6328
101 61.9982 11.1186
101 61.1242 11.6045
101 60.2988 12.1681
101 59.4797 12.7418
101 58.6607 13.3155
101 57.7436 13.6862
101 56.785 13.9711
101 55.8138 14.1495
101 54.8151 14.0972

102 58.9856 3.53135
102 58.9856 3.53135
102 59.9587 3.30127
102 61.8784 2.74999
102 62.8217 2.41803
102 62.8217 2.41803
102 63.7922 2.20682
102 64.7866 2.10176
102 64.7866 2.10176
102 65.7098 2.24798
102 65.7098 2.24798
102 66.5009 2.85968
102 66.5009 2.85968
102 69.5471 4.7211
102 69.5471 4.7211

103 67.6255 4.3114
103 67.6255 4.3114
103 67.9541 6.06509
103 67.9541 6.06509
103 67.9541 6.06509
103 67.9541 6.06509
103 67.9541 6.06509
103 67.9541 6.06509

104 61.9354 12.7052
104 61.0358 13.1419
104 60.1362 13.5787
104 59.2367 14.0155
104 58.3227 14.4208
104 57.4036 14.8147
104 56.4608 15.0407
104 55.4685 14.9165
104 55.4685 14.9165
104 54.4762 14.7922
104 53.5677 14.3758
104 52.6601 13.9559
104 51.7234 13.7672
104 50.7402 13.9494
104 49.7569 14.1315
104 48.7736 14.3137
104 47.7904 14.4959
104 46.866 14.8228
104 46.0348 15.3788
104 45.2037 15.9348
104 44.3725 16.4908
104 43.5413 17.0469
104 42.6553 17.497
104 41.78 17.9806

105 47.3202 14.7113
105 47.3202 14.7113
105 47.3202 14.7113
105 47.3202 14.7113
105 47.3202 14.7113
105 47.3202 14.7113
105 47.3202 14.7113
105 47.3202 14.7113
105 47.3202 14.7113
105 47.3202 14.7113
105 47.3202 14.7113
105 47.6143 15.6671
105 47.6143 15.6671
105 47.6143 15.6671
105 47.6143 15.6671
105 47.6143 15.6671
105 47.6143 15.6671
105 47.6143 15.6671
105 47.6143 15.6671
105 47.6143 15.6671
105 47.6143 15.6671
105 47.6143 15.6671
105 47.6143 15.6671
105 47.6143 15.6671
105 47.6143 15.6671
105 47.6143 15.6671
105 47.6143 15.6671
105 47.6143 15.6671
105 47.6143 15.6671
105 47.6143 15.6671
105 47.6143 15.6671
105 47.6143 15.6671
105 47.6143 15.6671
105 47.6143 15.6671
105 47.6143 15.6671

106 34.3103 20.4833
106 33.329 20.2909
106 32.3477 20.0985
106 32.3477 20.0985
106 32.3477 20.0985
106 31.5705 19.5263
106 31.5705 19.5263
106 30.8688 18.8138
106 30.2142 18.0709
106 30.2142 18.0709
106 29.8513 17.139
106 29.4884 16.2072
106 29.4884 16.2072
106 29.4884 16.2072
106 29.4884 16.2072
106 29.4884 16.2072
106 29.4884 16.2072

107 29.4724 2.40158
107 29.4724 2.40158
107 29.4724 2.40158

108 12.8937 3.6504
108 11.9006 3.54089
108 10.9086 3.66663
108 9.91421 3.7546
108 8.91421 3.75083
108 7.91462 3.75002
108 6.95202 4.02094
108 5.98942 4.29186
108 5.02681 4.56278
108 4.06421 4.83369
108 3.10161 5.10461
108 2.13901 5.37553
108 1.1764 5.64645
108 0.25584 6.02104
108 -0.623607 6.49704
108 -1.50305 6.97303
108 -2.40085 7.41294
108 -3.30358 7.84315
108 -4.20631 8.27336
108 -5.20047 8.20247
108 -6.19696 8.11877
108 -7.19345 8.03508
108 -8.18994 7.95139

109 -3.79697 8.24344
109 -4.77873 8.43338
109 -5.76299 8.61012
109 -5.76299 8.61012
109 -6.70989 8.5
109 -6.70989 8.5
109 -6.70989 8.5
109 -7.61606 8.07708
109 -7.61606 8.07708
109 -7.61606 8.07708
109 -7.61606 8.07708
109 -7.61606 8.07708

110 -8.68666 3.70308
110 -8.39087 2.74782

111 -1.11017 1.37511
111 -0.110263 1.38896
111 0.888756 1.42799
111 1.88724 1.48298
111 2.8861 1.53068
111 3.88496 1.57839
111 4.88434 1.60528
111 5.88433 1.6069
111 6.88433 1.60853
111 7.88432 1.6125
111 8.88431 1.61761
111 9.88416 1.63198
111 10.8839 1.65565
111 11.8836 1.67931
111 12.8819 1.72204
111 13.8805 1.73349
111 14.8804 1.72093
111 14.8804 1.72093
111 14.8804 1.72093
111 14.8804 1.72093
111 14.8804 1.72093
111 15.5109 2.46995
111 15.5109 2.46995
111 15.5109 2.46995
111 15.5109 2.46995

112 15.0008 1.5074

113 32.2926 -1.72702
113 33.1253 -2.28079
113 33.1253 -2.28079
113 34.0684 -2.60054
113 35.0252 -2.89143
113 35.9819 -3.1813
113 35.9819 -3.1813
113 35.9819 -3.1813
113 36.9453 -2.9129
113 37.9086 -2.6445
113 37.9086 -2.6445
113 38.8127 -2.25053
113 39.633 -1.67862
113 40.4533 -1.10671
113 40.4533 -1.10671
113 41.1433 -0.407464
113 41.6956 0.426148
113 41.6956 0.426148
113 42.8244 2.07672
113 43.4106 2.88687

114 44.0053 1.68114
114 44.0053 1.68114
114 44.0053 1.68114
114 44.4853 2.55842
114 46.6874 4.45399
114 48.5092 5.25018
114 49.4597 5.56102
114 51.4124 5.91134
114 53.3776 5.81411
114 54.3194 5.47797
114 55.2612 5.14184
114 57.0595 4.27945
114 57.9365 3.79902
114 57.9365 3.79902
114 57.9365 3.79902
114 57.9365 3.79902
114 57.9365 3.79902
114 57.9365 3.79902
114 57.9365 3.79902

115 58.2861 3.62539

116 67.3606 4.4913
116 68.1051 5.1589

117 61.0944 12.509
117 60.1849 12.9249
117 59.2755 13.3408
117 58.3659 13.7562
117 57.4562 14.1715
117 56.5116 14.37
117 56.5116 14.37
117 55.5175 14.2611
117 54.5312 14.123
117 53.6125 13.728
117 52.6938 13.3331
117 51.7657 13.2149
117 50.8224 13.5468
117 49.879 13.8786
117 48.9357 14.2104
117 47.9923 14.5422
117 47.049 14.874
117 46.1056 15.2059
117 45.1623 15.5377
117 44.3479 16.0905
117 43.5578 16.6675
117 42.628 17.002
117 41.7332 17.4485

118 46.364 15.7281
118 46.364 15.7281
118 46.364 15.7281
118 43.6382 16.6195
118 42.7312 17.0371
118 41.8137 17.4348
118 40.8961 17.8325
118 40.0556 18.3693
118 39.2318 18.9361
118 38.3781 19.4565
118 37.5205 19.9707
118 37.5205 19.9707
118 36.5868 20.2244
118 35.5872 20.2519
118 34.5876 20.2794
118 34.5876 20.2794
118 34.5876 20.2794
118 33.6887 19.9108
118 32.8272 19.4041
118 32.8272 19.4041
118 32.0677 18.7536
118 31.3082 18.1031
118 31.3082 18.1031
118 30.6829 17.356
118 30.6829 17.356
118 30.3071 16.4293
118 29.9312 15.5026

119 33.3598 20.0495
119 32.4268 19.6895
119 32.4268 19.6895
119 32.4268 19.6895
119 31.6948 19.0177
119 30.9813 18.317
119 30.3568 17.5569
119 30.3568 17.5569
119 30.3568 17.5569
119 29.9826 16.6295
119 29.6084 15.7022
119 29.6084 15.7022
119 29.6084 15.7022
119 29.6084 15.7022
119 29.6084 15.7022
119 29.6084 15.7022
119 29.6084 15.7022
119 29.6084 15.7022
119 29.6084 15.7022
119 29.6084 15.7022
119 29.6084 15.7022
119 29.6084 15.7022
119 29.6084 15.7022
119 29.6084 15.7022
119 29.6084 15.7022
119 29.6084 15.7022
119 29.6084 15.7022
119 29.6084 15.7022
119 29.6084 15.7022

120 26.603 9.48922
120 26.603 9.48922
120 25.371 7.12352
120 24.6106 6.47398
120 22.9442 5.39706
120 22.0457 4.95815
120 21.1472 4.51924
120 20.2486 4.08033
120 18.4132 3.3756
120 17.4134 3.39368
120 15.414 3.44177
120 15.414 3.44177

121 -7.94477 -0.025837
121 -7.29651 0.73558
121 -6.64825 1.497

122 -3.53215 8.2363
122 -3.53215 8.2363
122 -5.50015 8.52725
122 -5.50015 8.52725
122 -6.43819 8.48357
122 -6.43819 8.48357
122 -6.43819 8.48357
122 -7.35228 8.07805
122 -7.35228 8.07805
122 -7.35228 8.07805
122 -7.35228 8.07805
122 -7.35228 8.07805
122 -7.35228 8.07805
122 -7.35228 8.07805
122 -7.35228 8.07805

123 -11.6319 4.66995
123 -12.6276 4.76296

127 -10.1531 -8.12353
127 -9.90608 -9.09254
127 -9.65906 -10.0616

128 -10.1539 -8.12336
128 -9.90571 -9.09207
128 -9.65754 -10.0608

129 -10.1542 -8.12328
129 -9.90726 -9.0923
129 -9.66027 -10.0613

130 -10.1538 -8.12329
130 -9.90686 -9.09233
130 -9.65997 -10.0614

131 -10.1541 -8.12333
131 -9.90616 -9.0921
131 -9.65822 -10.0609

133 -10.1509 -8.12476
133 -9.90396 -9.0938
133 -9.65702 -10.0628

137 -10.1495 -8.12549
137 -9.90198 -9.09436
137 -9.65443 -10.0632

138 -10.1457 -8.12689
138 -9.90063 -9.0964
138 -9.65561 -10.0659

139 -10.1462 -8.12749
139 -9.90082 -9.0969
139 -9.65539 -10.0663

142 -10.148 -8.12626
142 -9.903 -9.09577
142 -9.65795 -10.0653

144 -10.1473 -8.12667
144 -9.90184 -9.09607
144 -9.65634 -10.0655

145 -10.1482 -8.12648
145 -9.90232 -9.09578
145 -9.65645 -10.0651

146 -10.1461 -8.1269
146 -9.90052 -9.09628
146 -9.65496 -10.0657

147 -10.1439 -8.1282
147 -9.89921 -9.09781
147 -9.65457 -10.0674

148 -10.1485 -8.12612
148 -9.90312 -9.09553
148 -9.6577 -10.065

149 -10.1483 -8.12597
149 -9.90249 -9.09529
149 -9.65668 -10.0646

150 -10.1489 -8.12576
150 -9.90281 -9.09501
150 -9.65675 -10.0643
