
1 -0.00297636 -1.57492
1 14.5595 6.84027
1 14.9505 -0.474471
1 17.5866 4.27231
1 11.7398 -0.680151
1 11.6147 6.56486
1 2.0367 -1.34569
1 3.55032 -1.23546
1 5.40302 -1.08614
1 7.3129 -1.00075
1 9.22259 6.49338
1 9.2107 -0.8829

2 -0.00293764 -1.57495
2 15.1524 -0.479962
2 11.8646 -0.686651
2 11.6146 6.5648
2 9.21054 -0.892973
2 9.14631 6.44902
2 7.31275 -1.00077
2 5.40289 -1.08012
2 3.53821 -1.23153
2 2.03655 -1.34565
2 14.3687 6.75161

3 -0.00293912 -1.57497
3 15.1526 -0.480255
3 14.3731 6.76668
3 11.8647 -0.686889
3 11.6183 6.56447
3 9.21341 -0.893245
3 9.22275 6.49315
3 7.31064 -1.0089
3 5.40134 -1.08622
3 17.5866 4.27175
3 3.5514 -1.23557
3 2.03247 -1.34559

4 -0.00301349 -1.57503
4 11.6148 6.56466
4 14.9504 -0.490798
4 11.8682 -0.686893
4 9.14647 6.44891
4 9.21613 -0.893239
4 17.5917 4.27194
4 14.5597 6.85567
4 7.36189 -1.01515
4 5.37443 -1.08113
4 3.55136 -1.23552
4 2.03243 -1.34554

5 -0.00298235 -1.57506
5 11.6147 6.56466
5 14.9461 -0.474606
5 11.9958 -0.706441
5 9.2134 -0.893206
5 9.22264 6.49319
5 7.31286 -1.00092
5 5.37611 -1.08126
5 14.3729 6.75135
5 3.55028 -1.23151
5 2.03665 -1.34827

6 -0.00299541 -1.57509
6 15.148 -0.480044
6 11.8681 -0.686936
6 9.2133 -0.893211
6 9.22258 6.49319
6 7.31276 -1.00091
6 11.6147 6.56462
6 5.40123 -1.08622
6 14.3687 6.76688
6 3.5513 -1.23152
6 2.03237 -1.34315

7 -0.00302995 -1.5751
7 15.1524 -0.48011
7 14.3727 6.75142
7 11.7326 -0.692823
7 9.21324 -0.883137
7 9.22249 6.50326
7 7.31266 -1.00891
7 5.37429 -1.07518
7 11.6146 6.56467
7 3.53815 -1.22758
7 2.02745 -1.34052

8 -0.00298295 -1.57525
8 14.9504 -0.474587
8 14.3728 6.75149
8 11.8646 -0.699503
8 9.22249 6.50333
8 9.21054 -0.893026
8 7.36183 -1.00705
8 5.40288 -1.08622
8 11.618 6.56466
8 3.53934 -1.2276
8 2.03655 -1.34823

9 -0.00307263 -1.57513
9 15.1524 -0.480219
9 11.8681 -0.686982
9 11.6147 6.56457
9 9.22257 6.49314
9 14.3685 6.75149
9 9.2935 -0.900213
9 7.31054 -1.0009
9 5.376 -1.08129
9 14.3644 6.75151
9 3.55129 -1.23157
9 2.04851 -1.35368

10 -0.0030721 -1.57508
10 15.1525 -0.464053
10 17.5865 4.29069
10 14.3688 6.76673
10 11.8681 -0.687054
10 11.6148 6.5645
10 9.21333 -0.893299
10 9.22269 6.4931
10 7.31058 -1.00092
10 5.37603 -1.08129
10 3.55021 -1.23151
10 2.03308 -1.3407

11 -0.00303821 -1.57511
11 14.3729 6.75135
11 15.1525 -0.480095
11 11.8682 -0.699703
11 11.6147 6.56463
11 9.21064 -0.893117
11 9.1464 6.44887
11 7.31283 -1.00895
11 5.40298 -1.08629
11 3.55027 -1.2356
11 2.03246 -1.3432

12 -0.00308736 -1.57514
12 11.6146 6.56474
12 14.9504 -0.490646
12 11.8681 -0.699624
12 14.3685 6.76691
12 9.22252 6.50329
12 9.21614 -0.883184
12 7.31282 -1.00088
12 5.37278 -1.08115
12 14.3685 6.76704
12 3.55137 -1.23156
12 2.03312 -1.34323

13 0.0720376 -1.57407
13 14.4218 6.77123
13 14.8164 -0.465054
13 11.67 -0.695244
13 9.35677 -0.897129
13 9.27612 6.53633
13 7.37394 -1.00637
13 5.41124 -1.0921
13 11.6416 6.57193
13 3.52636 -1.22299
13 17.8939 4.36628
13 2.03934 -1.34751
13 17.3141 7.06165

14 1.66029 -1.4903
14 17.8953 -0.201513
14 17.8137 7.20662
14 20.9533 11.761
14 15.0569 -0.492515
14 18.2468 -0.242251
14 11.7779 -0.685003
14 18.6006 7.9591
14 11.851 6.65801
14 14.9641 7.02125
14 9.27097 6.49598
14 9.21587 -0.904318
14 7.35955 -1.00732
14 18.804 4.49949
14 5.37721 -1.0856
14 22.0223 13.4714
14 22.0764 0.112578
14 3.52103 -1.21647

15 5.58966 -1.1323
15 9.19664 -0.881705
15 17.993 -0.270375
15 11.9523 -0.714887
15 11.8238 6.55975
15 7.29067 -1.00429
15 14.7763 6.85369
15 17.5726 7.14563
15 16.1279 6.87325
15 22.3984 13.5081
15 21.0299 -0.0963652
15 21.2977 10.1752
15 14.8356 -0.498184
15 23.5796 0.104671

16 12.9716 -0.620296
16 21.6394 10.8079
16 32.81 -0.680555
16 33.5823 -4.03501
16 32.8472 -4.1387
16 30.5578 -2.9
16 20.0658 8.32907
16 28.453 -1.48459
16 23.5435 0.123639
16 25.6313 -0.282879
16 20.3916 -0.106971
16 18.979 7.61349
16 17.6026 -0.235276
16 17.6965 7.08081
16 14.742 -0.497304

17 23.0199 -0.0241657
17 34.1781 -4.64387
17 38.9111 -3.72249
17 36.5577 -4.83696
17 43.3445 0.10666
17 30.8157 -3.07186
17 28.5993 -1.56764
17 27.3547 -0.502105
17 25.6437 -0.248103
17 23.4089 0.120196

18 32.8958 -3.38492
18 53.7998 4.78412
18 55.6327 4.05217
18 54.6056 6.0719
18 41.2133 -2.01322
18 38.8367 -3.64852
18 36.3134 -4.74474
18 33.9366 -4.5394
18 43.37 0.175588
18 44.6172 2.27814

19 44.0403 1.30849
19 48.9297 4.75282
19 68.4634 3.68
19 66.8933 2.50257
19 61.8546 1.97502
19 47.5448 19.5304
19 57.6654 3.18457
19 50.8497 19.288
19 52.403 20.3086
19 68.7535 5.07267
19 54.2941 4.90165
19 55.7907 4.03806
19 60.9469 1.9223
19 47.5236 19.49
19 59.2846 2.59219
19 52.7205 5.28493
19 62.1506 2.05106
19 46.6904 3.60451
19 53.7514 20.45
19 44.8314 2.30888

20 53.7575 4.80325
20 70.2269 10.3778
20 69.1608 12.1284
20 70.0141 6.77039
20 69.713 5.1867
20 68.1034 13.6246
20 65.9223 14.5262
20 68.1539 3.69513
20 70.0951 8.42582
20 64.1744 15.9685
20 67.1677 2.46885
20 63.4405 1.73311
20 60.9023 2.01015
20 58.9278 2.58292
20 64.8016 1.80743
20 57.3723 3.22975
20 55.5696 4.08818
20 53.9952 4.9423

21 64.6568 2.45569
21 70.3052 10.2992
21 70.5959 8.54521
21 70.198 6.78396
21 69.4649 5.23442
21 68.1491 3.71859
21 66.8146 2.55648
21 64.665 1.89305

22 68.1038 12.9512
22 52.1461 21.2503
22 53.9542 22.0719
22 54.5879 21.5923
22 56.0046 21.6819
22 56.2714 21.4582
22 58.0347 20.4127
22 60.4891 18.9061
22 62.4405 17.7028
22 64.6547 16.4243
22 66.7661 15.0479
22 53.2049 17.2829

23 58.0476 19.9109
23 39.2629 24.2072
23 41.8701 23.0891
23 42.3831 22.9529
23 43.8259 22.1903
23 45.9194 21.0437
23 51.1493 20.0508
23 49.4436 19.7279
23 54.4407 21.7626
23 52.6831 20.9531
23 56.384 21.4098
23 58.3595 20.1608

24 46.6004 21.0787
24 23.6518 12.4922
24 25.2955 15.5156
24 26.537 14.4872
24 26.5488 23.0006
24 26.909 2.86578
24 25.9701 21.1776
24 30.0192 25.6489
24 27.4606 24.7556
24 25.3207 19.0832
24 32.2752 26.2168
24 27.0548 17.1023
24 38.229 24.4164
24 35.3297 25.469
24 40.2019 23.7849
24 23.5887 11.5789
24 42.0828 23.0421
24 44.0568 22.131
24 45.9961 20.9486
24 47.7685 20.1743

25 33.6043 25.3445
25 23.7585 14.0617
25 25.022 19.0871
25 24.7729 16.9744
25 25.4263 21.2142
25 26.3656 23.012
25 27.7184 24.692
25 12.2226 7.61865
25 29.8635 25.7434
25 32.5602 26.09
25 35.1555 25.6027

26 24.403 15.8702
26 11.3812 7.08327
26 33.8113 -3.57753
26 25.7232 0.228804
26 15.3606 4.63553
26 23.5086 0.331047
26 9.66887 0.282145
26 17.5576 0.0273325
26 27.4143 0.0669906
26 30.6339 -2.30791
26 28.4962 -0.506476
26 14.5288 7.32507
26 20.198 -0.0338433
26 33.6936 -3.33641
26 16.2942 7.57276
26 11.3762 -0.568838
26 19.1258 8.26175
26 17.6639 7.65005
26 8.75743 7.03346
26 22.3997 12.1324
26 23.4584 13.8392
26 24.2084 15.3922
26 12.9794 1.38723
26 21.6793 10.8914

27 14.8958 7.67261
27 7.01714 7.35782
27 3.40367 -0.586483
27 -3.46829 -1.03206
27 -1.35906 10.2867
27 9.28492 7.25886
27 -2.07788 10.4667
27 -5.97321 11.8228
27 0.882043 -0.757241
27 0.171751 9.41518
27 2.1056 8.31242
27 7.21596 -0.395752
27 3.103 7.78346
27 9.09755 -0.314504
27 -0.902262 -0.831405
27 14.7902 0.0902906
27 5.14223 -0.531556
27 12.028 7.40689
27 -3.41227 10.9689
27 15.2249 7.56861
27 -5.44082 7.51298
27 11.772 -0.126252
27 16.5557 7.68437

28 -0.57192 9.86219
28 -12.2079 9.6772
28 -13.2684 5.79925
28 -10.5095 11.3485
28 -8.34337 11.829
28 -13.0064 7.85189
28 -13.0979 7.85627
28 -5.86696 11.781
28 -3.78089 11.0659
28 -1.54144 10.2551
28 0.380579 9.29973

29 -12.2605 7.03067
29 -9.0917 -1.02928
29 -12.8942 1.51702
29 -11.4273 0.0275785
29 -13.6468 3.66742
29 -13.8818 5.72001
29 -13.4023 7.88647

30 -5.21751 -1.33086
30 14.9769 -0.703106
30 9.20817 6.58694
30 7.04893 6.75205
30 12.0462 -0.911022
30 12.3197 6.88877
30 14.9776 6.9373
30 9.42776 -1.04995
30 7.33465 -1.09662
30 5.19652 -1.1249
30 9.57162 6.74091
30 3.35047 -1.24579
30 0.46263 -1.46043
30 1.73244 -1.34263
30 -1.18405 -1.42662
30 -3.48604 -1.42796
30 -6.54642 -1.26671

31 7.40836 -1.01129
31 19.2055 7.58864
31 23.5941 14.0138
31 18.7573 7.37509
31 20.8972 -0.393014
31 21.725 10.1714
31 17.9249 7.14749
31 17.9766 -0.525296
31 16.4954 6.97819
31 21.9872 11.0326
31 14.7178 -0.681442
31 24.083 -0.24064
31 11.9184 6.62523
31 11.7317 -0.862109
31 14.8595 6.79757
31 8.90964 -0.997902
31 6.92484 -1.01843
31 26.5767 11.2108

32 22.897 -0.35574
32 42.7751 -0.293346
32 36.5238 -5.17791
32 39.0476 -4.11225
32 31.0546 -3.50166
32 33.9169 -4.8328
32 28.6504 -1.87126
32 27.4528 -0.820844
32 25.7564 -0.573625
32 23.4723 -0.167854

33 37.9248 -3.47968
33 53.2815 4.9806
33 56.2996 3.66311
33 44.9936 1.90842
33 43.4381 -0.297851
33 41.2447 -2.4573
33 38.8272 -4.09029

34 49.8735 4.22646
34 66.009 13.8049
34 52.4084 19.001
34 69.4055 9.43446
34 66.4087 1.99997
34 57.7242 18.3601
34 69.6957 4.47516
34 58.5573 2.14084
34 68.0382 12.8352
34 62.2618 16.4728
34 60.2774 17.648
34 69.2112 5.95996
34 64.9941 1.14467
34 69.9976 6.03711
34 68.1927 3.01492
34 64.626 15.421
34 57.5328 2.5977
34 69.9155 7.64397
34 55.7909 3.48696
34 54.1904 4.3138
34 68.8719 11.2624
34 52.8474 4.78831
34 51.0778 5.14672
34 54.1319 19.8264
34 48.908 4.20015

35 63.2598 1.60293
35 70.5816 7.70327
35 70.4321 6.1075
35 68.2263 3.02376
35 66.9307 1.90463
35 64.7916 1.18876
35 69.6252 4.5358
35 63.3557 1.14454

36 68.6604 11.9255
36 54.3614 21.5338
36 53.1553 20.316
36 55.0543 20.9678
36 60.7693 18.3547
36 56.577 20.9615
36 58.533 19.69
36 62.7288 17.1191
36 64.9386 15.7902
36 56.3633 21.1403
36 67.0375 14.3988
36 68.9261 13.1987
36 69.9822 11.633

37 56.9562 19.6865
37 40.8195 23.2967
37 42.0412 22.7436
37 42.104 22.6847
37 44.1344 21.7614
37 46.2321 20.6098
37 49.7707 19.2352
37 51.4882 19.5404
37 53.0312 20.4378
37 54.865 21.1764
37 56.7824 20.807
37 58.726 19.5706

38 43.9058 21.7025
38 35.4716 25.2519
38 25.9419 18.859
38 25.9891 16.803
38 28.4319 24.2943
38 27.5479 22.6301
38 26.4846 20.924
38 30.4677 25.3268
38 25.4186 14.023
38 32.9291 25.7791
38 25.1228 13.9186
38 37.124 24.4634
38 38.5397 24.071
38 25.4572 15.3196
38 40.7296 23.2976
38 42.5724 22.5055
38 44.4972 21.5942

39 29.8166 23.8735
39 15.0338 7.32346
39 24.319 14.9762
39 18.4165 1.12749
39 25.3823 18.8554
39 19.2369 2.46537
39 18.1309 7.70693
39 22.3303 11.0649
39 22.9319 12.1729
39 15.352 7.61447
39 21.4174 2.20098
39 24.8494 16.5555
39 16.1826 6.98897
39 16.0772 6.91226
39 25.817 20.9883
39 23.6099 13.3635
39 26.8828 22.77
39 28.1886 24.4278

40 22.8391 12.0482
40 4.96177 -0.766342
40 20.5254 0.318381
40 11.6259 -0.568211
40 17.7022 -0.117617
40 9.18071 -0.473299
40 23.6769 0.257782
40 27.3865 0.355424
40 15.1158 7.43975
40 28.5197 -0.691419
40 18.1415 7.71856
40 20.9542 9.25934
40 25.7935 0.31204
40 16.5879 7.45871
40 9.4278 4.15569
40 12.4146 7.37447
40 22.1669 10.8893
40 22.8357 12.0407

41 11.009 7.29974
41 5.07507 7.49357
41 -6.28163 -0.89986
41 -8.12607 -0.647119
41 -3.94599 11.3544
41 -3.16998 -0.893506
41 -1.11119 -0.97875
41 -1.31628 10.3784
41 2.35545 8.31616
41 0.667546 -0.885641
41 0.479533 9.4409
41 5.39988 -0.447003
41 -8.89322 12.2348
41 7.33014 7.28711
41 3.40993 -0.677
41 -6.32385 1.34815
41 -1.43648 10.4301
41 0.232087 9.49584
41 9.66182 7.11635
41 12.3682 7.23891

42 -3.71368 11.1243
42 -13.3641 5.95212
42 -12.9464 8.04889
42 -12.1566 9.82971
42 -10.4466 11.5449
42 -8.13433 11.982
42 -5.48453 11.8182
42 -3.399 11.0254

43 -12.3565 4.20944
43 -23.9709 -14.4213
43 -6.35362 -1.17744
43 -11.2717 0.0705218
43 -12.7032 1.69734
43 -13.4455 3.82665

44 -1.87951 -1.37788
44 15.2599 6.82414
44 14.8734 6.68617
44 12.5496 6.83451
44 7.31555 6.71298
44 11.9867 -0.961795
44 15.3767 -0.856219
44 9.29337 -1.08514
44 9.39036 6.50705
44 7.28928 -1.12731
44 5.19521 -1.14377
44 3.30176 -1.23412
44 17.7854 -0.685676
44 0.529562 -1.43631
44 1.76736 -1.32085
44 -1.16549 -1.37565
44 -3.31503 -1.36631

45 12.1668 -0.773492
45 32.5247 -4.72614
45 19.4363 7.43787
45 31.387 -3.76306
45 22.4754 10.9628
45 23.6595 13.4067
45 24.2077 14.0325
45 26.0384 -0.895283
45 20.7594 8.26914
45 26.0004 -0.861981
45 24.2056 -0.460289
45 29.4503 -2.25742
45 20.4445 -0.544998
45 17.8277 -0.65253
45 22.4837 10.9302
45 16.5674 6.65591
45 14.8435 -0.826553
45 31.3018 -1.26628
45 18.1144 6.94629
45 23.5637 12.5613
45 11.7387 -0.945065

46 28.1074 -1.72541
46 47.8736 3.53556
46 50.0892 4.17912
46 46.6918 2.66252
46 41.2754 -2.81284
46 46.9947 2.69818
46 43.4575 -0.72455
46 28.6751 -2.07816
46 39.0632 -4.4622
46 36.4351 -5.41835
46 44.4383 1.42687
46 34.1254 -5.20421
46 32.6568 -4.68245
46 27.4972 -1.0093
46 30.8897 -3.64441

47 42.9836 -1.03962
47 51.9608 19.1714
47 49.8519 18.1813
47 58.6049 2.14413
47 54.8264 3.87012
47 48.3473 18.975
47 56.3185 2.99337
47 51.5411 4.43448
47 47.1503 2.73697
47 60.3968 1.51327
47 61.6037 0.778169
47 58.5321 2.18872
47 54.8109 3.90966
47 52.9616 19.1276
47 51.1655 4.25661
47 53.2458 4.31574
47 45.2145 1.46719
47 43.4632 -0.800163

48 55.0877 3.34689
48 70.6451 7.07006
48 69.2726 10.6043
48 69.7106 3.86406
48 68.1189 12.0159
48 67.3745 1.19024
48 70.6433 8.96706
48 64.1755 14.2398
48 68.8689 2.29356
48 65.1043 0.555235
48 70.1608 5.38527
48 66.3441 13.1353
48 61.2027 0.823813
48 59.1991 1.45336
48 57.6965 2.09182
48 63.5796 0.571516
48 55.8266 3.14398
48 54.3617 3.84243

49 68.9776 3.4112
49 69.2097 12.492
49 70.248 10.9293
49 70.9468 9.03501
49 71.0042 7.08074
49 70.6507 5.37722
49 69.7051 3.85083
49 68.4609 2.32032

50 66.2463 14.6065
50 48.2043 19.2653
50 48.6679 19.1212
50 52.1301 18.9047
50 55.1994 20.6581
50 56.9831 20.3804
50 59.03 19.0419
50 61.1848 17.7283
50 49.9651 18.8616
50 63.1715 16.4169
50 65.3567 15.1075
50 53.0779 20.0729
50 67.4222 13.6729

51 52.9756 19.4581
51 32.5918 -1.75653
51 48.3989 19.2538
51 42.2721 22.418
51 44.6938 21.3023
51 46.4891 20.1971
51 50.1217 18.7869
51 51.9165 19.0944
51 53.4518 19.9364
51 37.6885 24.288

52 38.6895 24.0456
52 26.0061 18.6775
52 26.4636 20.7571
52 30.6378 25.1079
52 28.4511 24.1007
52 26.9713 22.4719
52 33.2463 25.5044
52 35.8144 24.9486
52 37.4659 24.1752
52 38.9867 23.6397

53 25.9059 18.3565
53 16.0481 1.29181
53 6.44515 6.77842
53 32.5553 -3.86198
53 19.391 7.69936
53 14.8902 6.87922
53 1.55082 8.05404
53 17.7021 6.8459
53 9.24217 3.81188
53 17.6839 6.73889
53 28.8421 -2.23122
53 23.8407 0.222518
53 30.9098 -3.2713
53 27.6691 -0.768321
53 4.73725 7.25052
53 11.3108 6.46943
53 16.0636 6.56735
53 20.3131 -0.853569
53 22.852 11.5149
53 17.7845 -0.448291
53 24.6387 14.8813
53 15.2367 7.24082
53 23.808 13.1497
53 25.1304 16.4187
53 25.7609 18.6885

54 17.9593 7.96267
54 -0.304409 -0.712188
54 0.713925 9.36096
54 12.2614 7.16752
54 0.631526 -1.0061
54 16.9692 7.3419
54 0.792034 9.37047
54 -1.65731 10.407
54 16.9248 7.34289
54 7.19555 -0.734863
54 5.11211 -0.782996
54 3.9832 7.65355
54 9.2267 -0.607275
54 3.01067 -0.980969
54 11.9779 -0.456566
54 15.0391 -0.205495
54 3.97186 2.39368
54 3.55838 7.66213
54 2.52642 8.24283
54 15.4396 7.3508

55 2.13539 8.79203
55 -12.9042 5.98223
55 -12.6442 4.02852
55 -11.7144 2.13099
55 -12.109 9.91471
55 -10.1286 0.67417
55 -5.47139 11.8781
55 -10.1711 11.5506
55 -8.13445 -0.552097
55 -3.46807 11.1806
55 -1.22408 10.3633
55 0.738962 9.31181
55 2.58629 8.15609
55 -8.01148 12.0157
55 3.71517 7.57316

56 -11.0424 10.5618
56 -12.6207 1.78897
56 -13.3862 3.82081
56 -13.5402 5.94274
56 -12.9848 8.11754
56 -11.9221 9.964
56 -10.1779 11.5301

57 -10.6438 0.828438
57 11.7157 -0.948415
57 8.8813 -1.01391
57 5.5599 -1.16832
57 7.12941 -1.06944
57 3.25725 -1.16381
57 -0.992739 -1.33268
57 0.732188 -1.411
57 -3.2445 -1.32257
57 -8.99021 -0.732641
57 3.50906 -1.21834

58 1.32009 -1.25488
58 7.2331 6.58639
58 20.0042 4.32096
58 17.8705 6.84299
58 15.2889 6.78845
58 15.2053 -0.857356
58 18.645 7.09724
58 12.0436 -0.99088
58 9.43678 6.45059
58 9.2512 -1.10436
58 7.2848 -1.13746
58 16.3335 6.60911
58 5.23359 -1.14919
58 3.30378 -1.2397
58 12.3305 6.66757
58 1.78528 -1.22165
58 0.46726 -1.34765

59 15.977 -0.576622
59 35.047 -5.14278
59 31.4429 -3.89083
59 29.0559 -2.29544
59 26.382 -0.961793
59 33.2282 -5.03267
59 23.8539 -0.512489
59 20.5794 -0.623075
59 17.775 -0.71528
59 20.8508 8.22361
59 14.7539 -0.855946

60 31.6656 -3.49031
60 55.3278 2.65775
60 43.5924 -0.85296
60 41.5241 -2.98022
60 39.1074 -4.60017
60 36.536 -5.6111
60 34.1415 -5.34855
60 44.9519 1.28158
60 32.5907 -4.74778
60 30.82 -3.68673

61 46.2236 1.07368
61 56.4718 19.099
61 48.1241 17.7604
61 46.4625 19.0173
61 55.0418 20.1371
61 68.3469 4.83715
61 67.9065 0.971881
61 68.5271 2.08486
61 61.2453 0.537841
61 59.1614 1.20244
61 57.7996 1.85603
61 46.5075 19.4553
61 52.0099 19.0596
61 68.3855 1.00361
61 70.1197 3.57519
61 54.5629 3.60044
61 48.2109 18.1364
61 53.2945 4.11312
61 58.4353 18.0573
61 51.4877 17.8729
61 49.1716 3.5389
61 51.3358 4.13767
61 56.0622 2.74441
61 46.9895 2.45066
61 44.6048 1.03771

62 56.7758 2.70343
62 70.4951 5.14691
62 70.7179 6.81223
62 70.3378 8.62039
62 69.9227 3.60851
62 69.2731 10.3294
62 68.665 2.0905
62 68.3247 11.8495
62 67.2631 0.970337
62 65.1935 0.272026
62 63.7871 0.218923
62 61.2314 0.552505
62 59.1704 1.25452
62 57.6621 1.90389

63 69.0557 4.10762
63 70.2394 10.695
63 69.2003 12.2631
63 70.9477 8.80252
63 71.0038 6.8486
63 70.6277 5.13236
63 69.8035 3.57806

64 64.5496 15.7288
64 44.3408 21.2417
64 46.5125 20.0108
64 49.8198 18.63
64 51.7298 18.876
64 55.1437 20.4924
64 53.3957 19.7005
64 45.1938 20.9139
64 56.9131 20.253
64 58.923 18.9523
64 61.2233 17.4916
64 63.2253 16.1536
64 65.3389 14.838

65 50.189 19.2481
65 28.9757 1.60388
65 30.6953 1.52247
65 30.7761 24.8732
65 37.4289 24.0168
65 33.0761 25.4164
65 33.3557 25.2694
65 48.5054 19.0244
65 40.9209 22.8221
65 30.5785 -0.483526
65 38.6986 23.6465
65 46.6109 19.9742
65 50.1838 18.5873
65 51.989 18.822

66 36.3137 24.4382
66 27.1864 22.3052
66 30.7072 24.9334
66 28.6267 23.9289
66 33.3012 25.3403
66 26.286 20.56
66 35.9651 24.6713
66 25.952 18.5173

67 25.1642 16.2272
67 13.5894 1.26307
67 22.2246 10.2927
67 2.17449 7.02248
67 22.9241 11.5035
67 17.7757 -0.611
67 15.0894 -0.314032
67 14.9811 6.87347
67 15.2934 -0.0124503
67 20.5592 -0.386764
67 23.8542 0.0240913
67 30.7287 -2.51314
67 28.7896 -1.30076
67 9.5115 6.89697
67 33.8028 -3.7243
67 33.0625 -0.241255
67 19.4343 7.55398
67 27.6911 -0.896134
67 26.0005 -0.511398
67 18.099 7.12289
67 16.6067 6.99767
67 33.7008 -3.60268
67 24.7193 14.7718
67 23.9906 13.1786
67 25.3744 16.3863

68 16.0727 7.29769
68 -0.180015 -0.735855
68 3.87758 7.58434
68 9.72501 6.98231
68 -0.846074 -0.975766
68 0.745361 -1.05536
68 -2.47394 -0.788456
68 3.6045 -0.800368
68 5.2849 -0.809048
68 2.29789 8.23694
68 7.55401 -0.626586
68 -1.59847 10.4024
68 9.37291 -0.614418
68 12.1287 -0.436438
68 15.6573 7.16494
68 -5.03077 11.7475
68 4.46859 2.42463
68 12.4705 7.06591
68 0.533891 9.36309
68 7.58584 7.08007

69 0.25425 9.66934
69 -12.481 8.04092
69 -11.8783 9.88375
69 -12.029 4.11108
69 -10.1889 11.5742
69 -7.83441 11.975
69 -5.22326 11.7954
69 -12.8641 5.9786
69 -3.17659 11.0595
69 -0.942129 10.1959
69 0.921511 9.16229

70 -11.7617 7.54326
70 -12.4807 1.69944
70 -11.0354 0.202533
70 -13.2037 3.83998
70 -13.3698 5.9376
70 -12.817 8.06832

71 -5.40124 -1.13022
71 12.7585 6.56751
71 16.2073 6.8112
71 15.0984 -1.03948
71 12.0559 6.33668
71 12.4001 -1.18716
71 9.8511 -1.29846
71 7.62855 -1.28961
71 10.0116 6.50615
71 5.47131 -1.29324
71 3.63659 -1.3686
71 0.851543 -1.55067
71 -0.870996 -1.46831
71 2.02425 -1.43494
71 -3.14744 -1.43246
71 -6.22555 -1.19766

72 7.63368 -1.09353
72 18.4736 6.82202
72 23.2505 10.3752
72 24.7912 16.862
72 22.6294 10.6204
72 24.8935 15.1876
72 24.0529 13.4312
72 22.0353 9.58329
72 23.4204 6.04958
72 18.2184 -0.924822
72 16.7904 6.50106
72 24.3269 -0.75494
72 15.0645 -1.03517
72 15.4336 6.56835
72 19.5418 7.10836
72 22.4642 10.5179
72 11.971 -1.14534
72 9.21374 -1.25579
72 21.313 -0.873394
72 7.21009 -1.18992

73 23.4484 -0.860699
73 43.2598 -1.20296
73 42.0474 -3.42083
73 32.774 -5.08692
73 38.9118 -4.82778
73 36.7763 -5.97272
73 34.3966 -5.69119
73 27.7808 -1.42538
73 26.0209 -1.11701
73 23.7456 -0.651028
73 28.9287 -2.48819

74 38.8338 -4.10441
74 54.0664 4.03398
74 47.3973 2.28253
74 57.0786 2.66124
74 44.264 4.49674
74 51.6303 3.83224
74 45.1697 0.343207
74 43.7733 -1.19712
74 51.4357 3.77523
74 44.7715 4.91804
74 41.5582 -3.31168

75 51.2514 3.0935
75 70.3551 8.15111
75 66.9359 12.6556
75 68.7515 1.64294
75 67.0764 0.624354
75 61.2617 0.224194
75 65.3119 -0.156984
75 68.5295 11.4399
75 70.8896 6.31113
75 62.6227 15.0302
75 62.2937 14.7191
75 69.7776 4.62292
75 60.6925 16.1596
75 58.3302 17.1644
75 68.0912 4.53007
75 57.8956 1.45262
75 59.1008 0.897262
75 56.1165 2.38027
75 70.6789 4.65858
75 69.8346 10.0321
75 53.2254 3.71948
75 54.5908 3.22333
75 64.0087 -0.197324
75 64.4304 13.6284
75 69.5083 3.15668

76 65.495 0.643627
76 71.058 8.2208
76 70.8362 4.67891
76 71.2499 6.40946
76 70.0635 3.16006
76 68.6695 1.66001
76 67.2563 0.539748
76 65.1982 -0.135144

77 68.4584 11.8089
77 53.1556 19.6435
77 51.7066 18.664
77 55.4954 20.021
77 53.6568 19.2902
77 57.401 19.6462
77 59.1421 18.5761
77 63.4516 15.761
77 61.4516 17.1151
77 65.6333 14.3949
77 67.7126 12.9419
77 69.5521 11.8266

78 55.7747 18.746
78 37.7774 23.8957
78 44.7613 20.8153
78 46.9181 19.5837
78 50.405 18.1722
78 52.1967 18.4429
78 42.9159 21.7262
78 53.7727 19.3128
78 55.5691 19.9538
78 48.8365 18.6272

79 41.4145 22.5733
79 27.2966 22.0527
79 26.6881 20.286
79 25.881 14.6224
79 26.9463 16.2397
79 31.1123 24.6309
79 33.4348 25.1172
79 36.1416 24.4673
79 37.7392 23.6854
79 39.2841 23.1801
79 41.5284 22.2851
79 29.0364 23.6507
79 41.4946 22.3485

80 27.6606 20.2738
80 16.5331 6.51644
80 14.6201 6.05102
80 23.1311 11.1562
80 20.5634 -0.906448
80 19.6234 7.29721
80 23.6224 -1.66764
80 17.978 6.47221
80 27.8513 -0.78857
80 22.6663 10.3212
80 24.1609 12.792
80 24.8403 14.3283
80 28.9881 -1.38565
80 25.388 15.9077
80 25.9898 18.2574
80 11.7908 6.32845
80 26.4869 20.3836

81 20.5314 8.59621
81 0.872024 9.193
81 2.26236 8.0824
81 20.0447 7.69847
81 7.69747 -0.791694
81 5.95571 -0.660809
81 3.39004 -1.10246
81 18.0804 -0.547778
81 9.06311 -1.06032
81 12.5496 6.86901
81 20.8211 -0.278712
81 15.2401 -0.486888
81 4.60227 2.26909
81 21.1232 3.14813
81 15.5755 7.0418
81 17.1547 7.03769
81 12.0345 -0.817743
81 12.4108 6.87972
81 21.5223 8.76552

82 5.38238 7.51594
82 2.80353 8.06496
82 -3.01079 10.9621
82 -3.58014 11.2655
82 -12.0227 8.00344
82 -10.1174 0.511789
82 -8.1062 -0.713173
82 -7.66239 11.9394
82 -12.9751 3.89788
82 -10.1116 11.5669
82 -5.20363 11.8077
82 -11.3814 2.03239
82 -11.7545 7.96178
82 -5.39843 -0.642092
82 -2.69526 -0.902314
82 -0.955223 10.2398
82 0.913432 9.26361
82 5.65607 7.108

83 -8.62046 10.6205
83 -12.9597 3.98158
83 -12.7799 8.05476
83 -13.3643 5.86078
83 -11.7338 9.89479
83 -9.92789 11.4901
83 -12.4483 1.70091
83 -13.1702 3.80321

84 -8.75288 -0.432024
84 9.81721 -1.49114
84 15.6147 -1.34934
84 7.91186 -1.5365
84 12.6033 -1.45506
84 1.0679 -1.71981
84 8.90967 -1.36527
84 3.86274 -1.57208
84 13.3743 -1.52688
84 5.73111 -1.4813
84 -0.74906 -1.60575
84 -6.13354 -1.33492
84 -8.70747 -1.21124

85 4.21573 -1.58115
85 23.4945 10.6835
85 21.2062 -1.19447
85 15.3821 6.18429
85 18.5683 6.40356
85 18.6408 -1.24443
85 18.8694 6.53887
85 15.8062 6.41151
85 17.371 6.41551
85 23.8233 11.8208
85 15.5066 -1.34704
85 22.9572 10.3985
85 12.5456 6.14214
85 9.79072 6.03684
85 16.1402 6.52816
85 9.39749 -1.47763
85 7.54397 6.21735
85 7.49154 -1.51101
85 12.134 -1.3917
85 5.33619 -1.46904
85 3.4068 -1.48157

86 19.7044 -0.863843
86 31.5578 -4.5895
86 39.3951 -5.4077
86 27.9608 -1.82661
86 27.7687 -1.75545
86 36.8344 -6.39796
86 29.2068 -2.94356
86 24.1031 -1.0934
86 20.7649 -1.17792
86 26.2958 -1.52694
86 33.1019 -5.60608
86 20.7056 -1.13037

87 35.667 -5.09997
87 49.0837 2.45592
87 47.6536 1.74655
87 43.9635 -1.71026
87 41.7477 -3.79129
87 39.2808 -5.36686
87 36.6464 -6.31754
87 45.5625 -0.114092
87 34.3598 -6.0814

88 49.1484 2.08882
88 60.9682 -0.304332
88 62.5913 -0.450235
88 59.3908 0.282224
88 69.3769 3.82188
88 65.1711 -0.724842
88 70.4587 5.46267
88 58.958 16.8548
88 49.5487 2.62314
88 62.972 14.3239
88 67.1149 -0.0611708
88 61.4023 15.8365
88 57.1651 18.0908
88 69.0066 2.38263
88 55.3245 18.3704
88 65.7448 13.5223
88 58.1719 0.832438
88 56.4525 1.74754
88 54.9764 2.60848
88 68.6563 0.971184
88 53.5528 3.12358
88 52.0105 16.4605
88 51.7099 3.19355
88 47.4618 1.56852

89 63.177 -0.426998
89 71.1276 3.94688
89 70.3139 2.41226
89 71.4635 5.59776
89 68.9686 0.943702
89 67.6032 -0.128745
89 65.5017 -0.822093
89 63.9882 -0.740957
89 61.5521 -0.456765

90 70.9174 7.84673
90 55.4299 19.9251
90 57.567 19.3712
90 61.9038 16.4313
90 59.6295 17.9394
90 63.7507 15.253
90 65.9811 13.8026
90 68.0069 12.4192
90 69.9062 11.1883
90 70.9328 9.52944
90 71.5647 7.55651

91 61.2191 16.8573
91 50.847 17.6563
91 43.731 21.2035
91 45.5386 20.2651
91 47.0437 19.199
91 52.5113 17.9425
91 42.5465 17.6114
91 54.0662 18.8257
91 55.9633 19.5018
91 57.8415 19.1396
91 59.7951 17.8158
91 62.0279 16.422

92 46.4183 19.7545
92 24.7456 11.3711
92 24.8149 10.5468
92 27.7648 19.9251
92 25.1711 10.6845
92 26.884 17.8883
92 39.7299 22.7852
92 28.2239 21.7096
92 29.2696 23.3713
92 31.5647 24.2891
92 26.5385 15.7368
92 33.7812 24.7958
92 38.1994 23.2935
92 41.8513 21.9624
92 25.8965 14.2458
92 43.6212 21.2206
92 45.572 20.2015
92 26.1673 13.0297
92 45.5858 20.1891

93 31.3624 22.8734
93 23.1378 10.3083
93 24.5036 12.6035
93 21.3793 0.223025
93 18.2903 6.41988
93 22.3641 9.20284
93 23.3593 10.9136
93 26.3209 17.913
93 16.6472 6.14406
93 16.035 6.97081
93 18.9761 7.10236
93 25.7478 15.6343
93 26.78 20.0326
93 27.8594 21.8057
93 19.5094 1.2748
93 29.2563 23.4451
93 26.36 17.9374

94 23.7392 11.1494
94 8.00725 -0.825709
94 11.8877 -1.32498
94 18.2548 -0.753171
94 9.87621 6.53285
94 24.1662 -0.568664
94 12.6354 6.60084
94 17.1979 6.70547
94 20.9599 -0.654122
94 26.2989 -0.796751
94 28.9996 -1.77624
94 27.8762 -0.587964
94 10.2086 3.703
94 15.7989 6.75976
94 18.6916 6.87082
94 5.72292 -1.01927
94 21.685 8.43888
94 22.9092 10.0023
94 23.5962 11.1345

95 10.5531 6.50283
95 -10.253 11.5814
95 3.96469 7.30392
95 -6.12213 -1.17658
95 -2.92727 -1.25456
95 -1.04409 10.1862
95 -0.607182 -1.23089
95 1.15367 -1.19143
95 1.05627 9.08514
95 -8.78021 12.2827
95 3.89796 -1.02626
95 5.76521 -0.95669
95 3.32491 7.75551
95 -9.20408 -1.24476
95 5.5914 7.04346
95 7.92412 6.7397
95 10.291 6.45578

96 -4.7219 11.1858
96 -11.6616 9.80498
96 -12.664 7.98822
96 -13.12 5.88166
96 -9.85351 11.4529
96 -7.5301 11.8421
96 -4.87493 11.5768
96 -2.82913 10.8056

97 -11.0635 1.87514
97 0.783315 -1.77482
97 -3.03337 -1.68016
97 -6.05609 -1.51455
97 -10.9671 0.0876392
97 -8.67665 -1.26648
97 -0.865288 -1.70128

98 1.01273 -1.80955
98 18.9169 6.25417
98 12.5036 5.88592
98 19.2699 -1.53867
98 16.8759 5.91888
98 7.69512 6.09212
98 15.4548 -1.59694
98 15.915 6.13003
98 18.4504 6.11899
98 12.3184 -1.64443
98 13.1119 6.18652
98 9.86552 5.87609
98 9.47673 -1.68268
98 7.54444 -1.71671
98 5.52539 -1.67842
98 3.56715 -1.72604
98 0.694163 -1.81711
98 1.98353 -1.67017
98 17.4076 6.11683

99 15.8902 -1.3091
99 33.2134 -6.03979
99 31.4206 -4.8513
99 29.5585 -3.33917
99 35.8019 -6.44365
99 26.9564 -1.95511
99 24.2324 -1.40593
99 19.949 6.55588
99 20.8685 -1.44544
99 19.9245 6.56321
99 18.5453 6.06387
99 21.4265 7.50133
99 18.118 -1.48372
99 15.0494 -1.55817

100 31.4545 -4.3336
100 47.3513 1.19563
100 43.9816 -2.13007
100 45.3331 -0.598644
100 41.5619 -4.18131
100 39.3627 -5.79898
100 36.8098 -6.7781
100 53.8576 1.93878
100 34.459 -6.53265
100 52.8552 1.85287
100 32.8689 -5.86155
100 55.1826 2.1719
100 31.0836 -4.66064

101 46.1745 -0.306005
101 57.1474 17.5101
101 48.9785 16.8642
101 67.4963 -0.76942
101 52.6561 17.34
101 61.5907 -1.0676
101 59.6018 -0.353222
101 69.2185 0.328455
101 53.0344 18.102
101 49.0655 17.2087
101 53.7967 2.67734
101 55.7812 18.4898
101 56.6381 1.26795
101 62.1868 -1.08749
101 55.1462 2.15257
101 58.3912 0.318681
101 51.7614 2.71832
101 53.7483 17.298
101 49.808 2.26835
101 49.6632 2.19178
101 47.4838 1.15526
101 45.4226 -0.657095
101 53.778 17.3521
101 70.1582 1.77288

102 57.8062 0.773161
102 71.2119 6.94626
102 71.2935 5.03779
102 69.0524 0.404209
102 70.5368 1.85803
102 69.3087 10.2759
102 67.7135 -0.702291
102 65.5811 -1.36895
102 64.1169 -1.34588
102 61.6665 -1.00816
102 70.1183 8.69248
102 71.176 3.38835
102 59.6109 -0.284034
102 58.1244 0.393137

103 70.2232 3.84172
103 68.1057 11.8584
103 69.9929 10.6744
103 70.9977 9.02454
103 71.6321 7.03564
103 71.6438 5.06652
103 66.1281 13.1166

104 63.5631 15.2245
104 45.8709 19.8688
104 45.5934 19.9677
104 47.5394 18.7867
104 51.0202 17.276
104 52.6232 17.5573
104 54.1592 18.4371
104 56.1081 19.0683
104 57.9922 18.6691
104 59.8467 17.426
104 62.1305 15.9104
104 64.0632 14.59

105 48.5026 18.5501
105 25.1797 11.3441
105 26.3899 14.1586
105 28.0078 19.775
105 26.8138 15.6311
105 27.4287 17.7548
105 27.5423 13.068
105 34.4363 24.3956
105 27.2492 1.2559
105 47.5288 18.7335
105 39.7803 22.6117
105 28.7155 0.451181
105 43.7113 20.9824
105 28.4557 15.6816
105 31.7131 24.1489
105 30.1195 0.0534603
105 37.0587 23.6915
105 38.1056 23.223
105 29.4153 23.2499
105 28.8762 21.4596
105 41.9385 21.7517
105 45.6414 19.9864
105 49.3304 17.8408

106 33.8015 23.4382
106 17.4423 6.92467
106 24.6727 12.6281
106 16.2604 7.17393
106 25.8644 15.5918
106 13.5246 7.23107
106 26.9191 19.9448
106 29.3682 23.307
106 31.5764 24.2089
106 26.3029 17.7568
106 28.0116 21.6743

107 24.4331 12.3327
107 12.0194 -1.07507
107 21.5426 8.29289
107 17.9913 -0.976499
107 28.8711 -1.93858
107 23.9872 -0.850256
107 27.7837 -0.917292
107 8.67758 -1.569
107 18.65 6.83516
107 16.969 6.58899
107 18.683 3.62886
107 30.7723 -3.26512
107 31.1996 0.562147
107 33.6518 -4.30373
107 15.6757 6.71823
107 19.9347 7.2293
107 26.1592 -0.888319
107 23.5662 11.067
107 32.4202 -4.17328
107 20.6912 -1.01432
107 22.768 9.86023
107 24.6893 12.6646

108 11.9301 6.53695
108 -1.42201 10.4648
108 -3.18975 -1.11223
108 0.791172 -1.20664
108 5.50166 7.13917
108 -0.74247 10.2221
108 2.65798 8.07382
108 3.62082 -1.03035
108 5.58818 -0.901484
108 -7.84056 12.1848
108 -0.60531 -1.022
108 -6.32893 11.7073
108 -5.74818 -0.802064
108 7.67537 -0.849113
108 0.669499 9.35545
108 7.84462 6.82223
108 9.45265 -0.99068
108 10.1028 6.61464
108 12.8732 6.62739

109 -3.8412 11.3094
109 -12.695 8.28152
109 -11.6978 10.0834
109 -9.88037 11.7086
109 -7.60056 12.0913
109 -13.0792 6.20626
109 -4.91516 11.8282
109 -2.85276 10.9926

110 -11.5271 2.74365
110 -3.19742 -1.4893
110 -6.25698 -1.26105
110 -11.1709 0.257007
110 -8.84017 -1.00016
110 -12.5293 1.96252

111 0.228744 -1.60458
111 17.6749 6.1328
111 19.2537 6.25214
111 18.7111 -1.64974
111 16.3064 6.22972
111 16.8401 5.86558
111 12.7899 6.02165
111 19.8033 3.32794
111 15.5017 -1.66563
111 12.3169 -1.69905
111 13.0929 6.11441
111 9.99911 5.97963
111 9.30271 -1.67531
111 5.33334 -1.5989
111 5.39311 6.37263
111 15.4093 5.88889
111 7.54587 -1.69071
111 0.589428 -1.70485
111 1.84969 -1.63251
111 -1.04788 -1.60269
111 3.46514 -1.63441

112 15.0638 -1.49188
112 24.2926 11.4719
112 31.2729 -5.08709
112 29.0868 -3.47968
112 25.97 -2.01909
112 35.7097 -6.79861
112 24.845 12.7654
112 33.2298 -6.35992
112 24.0853 -1.56012
112 20.6897 -1.55221
112 19.9596 6.46064
112 18.0503 -1.58602
112 14.963 -1.62968

113 30.9721 -4.42075
113 55.7331 0.59525
113 55.4588 1.60185
113 43.6225 -2.55196
113 45.2885 -1.02943
113 47.1796 0.710197
113 39.1591 -6.12551
113 36.5941 -7.03911
113 41.6905 -4.60398
113 34.2798 -6.76012
113 32.748 -6.12587
113 30.9565 -4.94012

114 45.9165 -0.655634
114 47.25 16.6426
114 49.5524 1.70118
114 69.7922 1.0231
114 68.0717 -1.47612
114 61.917 -1.74055
114 56.5148 0.686074
114 53.6979 16.562
114 58.269 -0.295623
114 70.0345 1.03862
114 55.874 17.9269
114 48.9966 16.1491
114 52.5097 16.32
114 63.7775 1.56681
114 55.0464 1.59099
114 57.464 17.2396
114 53.6961 2.12998
114 51.6557 2.19109
114 47.3592 0.696335
114 45.3119 -1.05934

115 58.271 -0.101425
115 71.271 4.27365
115 70.2278 1.10124
115 68.9258 -0.355542
115 67.5008 -1.42502
115 70.7547 2.6064
115 65.4578 -2.07644
115 71.3511 4.26107
115 63.9361 -2.01844
115 61.5387 -1.69974
115 59.3967 -0.828674
115 57.9472 -0.154797
115 70.9286 6.07148

116 70.2895 3.84485
116 68.0911 11.1414
116 66.1296 12.4641
116 69.9742 9.91652
116 70.9754 8.27735
116 71.5615 6.23932
116 71.5195 4.26571
116 71.0617 2.60277

117 62.6685 15.0626
117 52.9141 16.859
117 45.3246 19.5427
117 47.8809 18.1085
117 54.4527 17.689
117 51.1946 16.654
117 56.1401 18.4704
117 58.0301 18.0689
117 59.9855 16.693
117 62.2447 15.1876
117 64.1226 13.8353

118 47.55 18.4833
118 25.3011 10.9734
118 28.8083 21.1175
118 24.9768 10.0164
118 27.6905 15.323
118 27.349 0.913923
118 27.0704 19.5049
118 27.2756 17.3864
118 31.2888 23.9717
118 29.8265 22.7608
118 34.6997 23.8898
118 37.2403 23.2268
118 40.0806 22.0114
118 26.7758 13.8302
118 42.1007 21.2389
118 43.9119 20.4063
118 45.8797 19.3409
118 47.7649 18.0677

119 32.3592 22.5267
119 21.6046 0.335211
119 17.1547 6.2729
119 18.8112 6.55556
119 26.4577 17.3448
119 23.2254 9.85816
119 15.8146 6.45291
119 24.6101 12.0558
119 25.8941 15.0853
119 26.9851 19.5088
119 22.3254 8.63635
119 28.2446 21.2762
119 29.6531 22.8814
119 22.6793 9.51703
119 24.0541 6.06845

120 24.0947 11.1333
120 15.8407 6.49876
120 12.2501 -1.08961
120 9.70899 2.14878
120 18.0853 -1.18868
120 20.8967 -0.929296
120 9.09159 -1.47909
120 24.0624 -1.05775
120 28.8656 -2.2853
120 27.7545 -1.02285
120 18.7576 6.55895
120 17.2913 6.42474
120 21.747 8.03367
120 11.8195 -1.47808
120 26.1912 -1.24455
120 22.9637 9.58062
120 23.7643 10.734
120 24.8393 12.3102

121 11.092 6.42475
121 -8.9147 9.53056
121 -9.34801 7.92197
121 -9.58774 11.7023
121 -1.90851 10.294
121 -0.630537 10.1732
121 -6.41589 -1.03106
121 -2.85657 -1.04983
121 2.91852 7.95583
121 3.82836 -1.03104
121 5.72988 -0.952245
121 -5.52839 1.55182
121 1.04196 -1.14801
121 -8.05203 12.3431
121 5.7318 6.98326
121 0.986156 9.22135
121 8.00167 6.64698
121 4.11948 7.26324
121 -0.603862 -1.08736
121 10.3591 6.33169

122 -4.25998 11.2742
122 -12.4659 8.32007
122 -12.9732 6.22312
122 -11.5851 10.1195
122 -12.7402 6.24625
122 -9.63251 11.7376
122 -7.27901 12.0705
122 -4.6297 11.7832
122 -2.60498 10.9241

123 -13.7911 6.7525
123 -12.277 2.12963

127 -11.4873 -10.8105

128 -11.4882 -10.8103

129 -11.4886 -10.8102

130 -11.488 -10.8103

131 -11.4883 -10.8103

133 -11.484 -10.8123

137 -11.4818 -10.8134

138 -11.4767 -10.8155

139 -11.477 -10.8162

142 -11.4796 -10.8146

144 -11.4786 -10.8151

145 -11.4796 -10.8148

146 -11.4771 -10.8155

147 -11.474 -10.8172

148 -11.4803 -10.8143

149 -11.4801 -10.8141

150 -11.4806 -10.814
