
1 -0.00297636 -1.57492
1 0.990768 -1.46323
1 1.98451 -1.35155
1 2.98138 -1.27285
1 3.97842 -1.19598
1 4.97546 -1.11911
1 5.97362 -1.06063
1 6.97262 -1.01596
1 7.97102 -0.959882
1 8.96909 -0.897903
1 9.9662 -0.822334
1 10.963 -0.742426
1 11.9601 -0.666043
1 12.958 -0.602113
1 13.956 -0.538184
1 14.9522 -0.471505
1 15.4377 0.402735
1 15.9232 1.27698

2 -0.00293764 -1.57495
2 0.990801 -1.46323
2 1.98454 -1.3515
2 2.98128 -1.27114
2 3.97818 -1.1925
2 4.97509 -1.11387
2 5.97326 -1.05642
2 6.9724 -1.01491
2 7.97105 -0.963378
2 8.96944 -0.906667
2 9.96677 -0.834184
2 10.9638 -0.756679
2 11.9609 -0.680599
2 12.9589 -0.617858
2 13.9569 -0.555118
2 14.9549 -0.492378

3 -0.00293912 -1.57497
3 0.990771 -1.46298
3 1.98448 -1.351
3 2.98137 -1.27254
3 3.97842 -1.19577
3 4.97547 -1.11901
3 5.97374 -1.06304
3 6.97292 -1.02257
3 7.97142 -0.968734
3 8.96958 -0.908065
3 9.96685 -0.834603
3 10.9638 -0.757005
3 11.9609 -0.680842
3 12.959 -0.618118
3 13.957 -0.555394
3 14.955 -0.49267
3 15.5182 0.233613
3 15.9741 1.12365

4 -0.00301349 -1.57503
4 0.990691 -1.463
4 1.98439 -1.35096
4 2.9816 -1.27679
4 3.97858 -1.19934
4 4.97501 -1.11495
4 5.97326 -1.06125
4 6.9727 -1.02807
4 7.97117 -0.975093
4 8.96902 -0.909486
4 9.96622 -0.834877
4 10.9632 -0.757306
4 11.9603 -0.681033
4 12.9583 -0.617541
4 13.9562 -0.554049
4 14.9523 -0.487483
4 15.4373 0.38704
4 15.9223 1.26156

5 -0.00298235 -1.57506
5 0.990893 -1.46455
5 1.98477 -1.35404
5 2.98143 -1.27273
5 3.97825 -1.19303
5 4.97507 -1.11332
5 5.97328 -1.05649
5 6.97242 -1.01504
5 7.97107 -0.963616
5 8.96947 -0.907031
5 9.96738 -0.842596
5 10.9651 -0.775623
5 11.9629 -0.70865
5 11.9629 -0.70865
5 10.9651 -0.775623
5 9.96738 -0.842596
5 9.96738 -0.842596
5 10.9651 -0.775623
5 11.9629 -0.70865
5 12.9598 -0.630686
5 13.9568 -0.552347
5 13.9568 -0.552347

6 -0.00299541 -1.57509
6 0.990574 -1.46187
6 1.98414 -1.34864
6 2.98108 -1.27079
6 3.97818 -1.19475
6 4.97529 -1.11871
6 5.97348 -1.06068
6 6.97248 -1.0161
6 7.97109 -0.963607
6 8.96949 -0.907028
6 9.96683 -0.834663
6 10.9638 -0.757198
6 11.9609 -0.681082
6 12.9589 -0.618128
6 13.9569 -0.555174
6 14.955 -0.49222

7 -0.00302995 -1.5751
7 0.990362 -1.46034
7 1.98375 -1.34557
7 2.98047 -1.26496
7 3.97735 -1.18593
7 4.97422 -1.1069
7 5.97261 -1.05472
7 6.97203 -1.02056
7 7.97039 -0.965385
7 8.96821 -0.899353
7 9.96553 -0.826309
7 10.9627 -0.750984
7 11.9601 -0.678677
7 12.9581 -0.616595
7 13.9562 -0.554513
7 14.9543 -0.492432

8 -0.00298295 -1.57525
8 0.990879 -1.46462
8 1.98474 -1.35399
8 2.98138 -1.27238
8 3.97833 -1.19429
8 4.97546 -1.11864
8 5.97377 -1.06315
8 6.97295 -1.02276
8 7.97147 -0.969447
8 8.96958 -0.907888
8 9.96711 -0.837859
8 10.9645 -0.765135
8 11.9618 -0.692414
8 12.9592 -0.61972
8 13.9565 -0.547027
8 13.9565 -0.547027

9 -0.00307263 -1.57513
9 0.991152 -1.46781
9 1.98538 -1.36049
9 2.98189 -1.27727
9 3.97855 -1.19568
9 4.97522 -1.1141
9 5.97336 -1.05646
9 6.9725 -1.01495
9 7.97136 -0.967346
9 8.97007 -0.916635
9 9.96735 -0.844404
9 10.9639 -0.761866
9 11.9607 -0.681155
9 12.9587 -0.618325
9 13.9567 -0.555495
9 14.9547 -0.492666

10 -0.0030721 -1.57508
10 0.990368 -1.46073
10 1.98381 -1.34637
10 2.98063 -1.26717
10 3.97764 -1.1898
10 4.97464 -1.11243
10 5.97292 -1.05649
10 6.97206 -1.01498
10 7.97071 -0.963582
10 8.96911 -0.907112
10 9.96645 -0.834791
10 10.9634 -0.757337
10 11.9605 -0.680782
10 12.9582 -0.61304
10 13.9559 -0.545299
10 14.9536 -0.477558
10 15.5173 0.248642
10 15.973 1.13879

11 -0.00303821 -1.57511
11 0.990534 -1.46191
11 1.98411 -1.34871
11 2.98104 -1.2709
11 3.97815 -1.1949
11 4.97526 -1.1189
11 5.97355 -1.06319
11 6.97273 -1.02272
11 7.97123 -0.968762
11 8.96937 -0.907842
11 9.96692 -0.838075
11 10.9643 -0.765487
11 11.9617 -0.69345
11 12.9595 -0.626734
11 13.9572 -0.560018
11 14.955 -0.493303

12 -0.00308736 -1.57514
12 0.99049 -1.46198
12 1.98407 -1.34882
12 2.98084 -1.26886
12 3.97777 -1.19062
12 4.97471 -1.11239
12 5.97297 -1.05632
12 6.97211 -1.01498
12 7.97057 -0.960207
12 8.96866 -0.898487
12 9.96639 -0.831254
12 10.964 -0.762204
12 11.9616 -0.693285
12 12.9593 -0.625641
12 13.957 -0.557997
12 13.957 -0.557997

13 0.0720376 -1.57407
13 1.06547 -1.45966
13 2.05897 -1.34587
13 3.05548 -1.26242
13 4.05256 -1.18645
13 5.05016 -1.11717
13 6.04868 -1.06426
13 7.04773 -1.02062
13 8.0464 -0.96932
13 9.04489 -0.914311
13 10.0418 -0.837343
13 11.038 -0.750399
13 12.0346 -0.668566
13 13.032 -0.5956
13 14.0293 -0.522635
13 14.8049 -0.254515
13 14.7504 0.744001
13 14.696 1.74252
13 14.6415 2.74103
13 14.5871 3.73955
13 14.5327 4.73807
13 14.4782 5.73659
13 14.4238 6.7351
13 15.3808 6.86752
13 16.3758 6.96743

14 1.66029 -1.4903
14 2.65442 -1.38206
14 3.64854 -1.27382
14 4.64266 -1.16558
14 5.63812 -1.0753
14 6.63734 -1.03584
14 7.63635 -0.99196
14 8.63482 -0.936559
14 9.6324 -0.868662
14 10.6288 -0.783372
14 11.6251 -0.698081
14 12.6231 -0.635386
14 13.6214 -0.576783
14 14.6197 -0.51818
14 15.616 -0.435194
14 16.6108 -0.333209
14 17.6055 -0.231223
14 18.2882 0.110222
14 18.4049 1.10339
14 18.5216 2.09655
14 18.6384 3.08972
14 18.7551 4.08288

15 5.58966 -1.1323
15 6.58684 -1.05725
15 7.58424 -0.985406
15 8.58218 -0.921224
15 9.58021 -0.858484
15 10.5784 -0.798058
15 11.5766 -0.737632
15 12.5741 -0.668151
15 13.5713 -0.593204
15 14.5685 -0.518257
15 15.5658 -0.445494
15 16.5632 -0.373531
15 17.5607 -0.301568
15 18.5586 -0.237967
15 19.557 -0.180762
15 20.5553 -0.123558
15 21.5529 -0.0551273
15 22.5498 0.0234758
15 23.5467 0.102079
15 23.5467 0.102079

16 12.9716 -0.620296
16 13.9692 -0.550993
16 14.9664 -0.476753
16 15.9622 -0.385536
16 16.9581 -0.294319
16 17.955 -0.219066
16 18.9539 -0.173111
16 19.9529 -0.127155
16 20.9509 -0.0660494
16 21.9483 0.00692235
16 22.9456 0.0798941
16 23.9366 0.0470931
16 23.9366 0.0470931
16 24.9182 -0.144021
16 26.9028 -0.353315
16 26.9028 -0.353315
16 27.9013 -0.408628
16 28.8998 -0.463941

17 23.4089 0.120196

18 32.8958 -3.38492
18 33.5654 -4.12763
18 34.3806 -4.57776
18 35.3768 -4.66383
18 36.3684 -4.72087
18 37.2856 -4.32241
18 38.2028 -3.92395
18 39.0911 -3.47349
18 39.9149 -2.90663
18 40.7387 -2.33977
18 41.5109 -1.71125
18 42.2127 -0.998931
18 42.9146 -0.286616
18 43.5491 0.477578
18 44.0593 1.33764
18 44.5695 2.19771

19 44.0403 1.30849
19 44.6606 2.09289
19 45.4259 2.72321
19 46.2463 3.29499
19 47.0985 3.8138
19 47.9884 4.2701
19 48.8782 4.72641
19 49.8627 4.88378
19 50.853 5.02279
19 51.8432 5.1618
19 52.8314 5.25792
19 53.803 5.02128
19 54.7224 4.6545
19 55.5886 4.1547
19 56.5 3.74703
19 57.4251 3.36741
19 58.3502 2.98779
19 59.2754 2.60817
19 60.2005 2.22855
19 61.1398 1.93351
19 62.1297 2.04569

20 53.9952 4.9423

21 64.665 1.89305

22 68.1038 12.9512
22 67.566 13.7942
22 67.0281 14.6373
22 66.3365 15.328
22 65.4987 15.8741
22 64.661 16.4202
22 63.7952 16.9206
22 62.9292 17.4206
22 62.0696 17.9314
22 61.2185 18.4563
22 60.3671 18.9809
22 59.5149 19.5041
22 58.6627 20.0273
22 57.8083 20.5469
22 56.9482 21.057
22 56.108 21.5952
22 55.1413 21.6273
22 54.2327 21.8611

23 58.3595 20.1608

24 23.5887 11.5789
24 23.7213 12.5403
24 24.5438 13.109
24 25.3664 13.6777
24 26.1889 14.2465
24 26.649 15.053
24 26.8432 16.0339
24 27.0374 17.0149
24 27.103 18.0119
24 27.1559 19.0105
24 27.2089 20.0091
24 27.2619 21.0077
24 27.3148 22.0063
24 27.3678 23.0049
24 27.4207 24.0035
24 27.6937 24.8369
24 28.6378 25.1666
24 29.5819 25.4962
24 30.5398 25.7799
24 31.5095 26.024
24 32.4796 26.1668
24 33.4509 25.929
24 34.4222 25.6912
24 35.3915 25.4466
24 36.3314 25.1053
24 37.2714 24.7641
24 38.2114 24.4228
24 39.1635 24.1173
24 40.1159 23.8124
24 41.048 23.4508
24 41.9781 23.0834
24 42.8886 22.6702
24 43.7966 22.2511
24 44.6659 21.7597
24 45.5197 21.2391
24 46.4011 20.7716
24 47.3175 20.3713

25 35.1555 25.6027
25 34.1691 25.4385
25 33.2564 25.5929
25 32.4169 26.0716
25 31.425 25.9441
25 30.4332 25.8166
25 29.4813 25.5561
25 28.5834 25.1159
25 27.6954 24.6634
25 27.0682 23.8845
25 26.441 23.1056
25 25.9582 22.2322
25 25.4952 21.3459
25 25.2673 20.3778
25 25.0806 19.3954
25 24.9416 18.4056
25 24.8246 17.4125
25 24.5891 16.4466
25 24.2602 15.5022
25 23.9313 14.5579

26 24.403 15.8702
26 24.403 15.8702
26 23.9979 14.9564
26 23.5631 14.0559
26 23.5631 14.0559
26 23.0582 13.194
26 22.531 12.3442
26 22.0227 11.4831

27 15.2249 7.56861
27 14.2438 7.61219
27 13.248 7.51993
27 12.2523 7.42767
27 11.2544 7.36514
27 10.2558 7.31125
27 9.25728 7.26006
27 8.25823 7.30366
27 7.25918 7.34726
27 7.25918 7.34726
27 6.26385 7.43974
27 5.26971 7.54784
27 4.27557 7.65595
27 3.28143 7.76406
27 3.28143 7.76406
27 2.38608 8.18255
27 1.51233 8.66893

28 -0.57192 9.86219
28 -1.49872 10.2377
28 -2.43836 10.5798
28 -3.37863 10.9202
28 -4.32215 11.2514
28 -5.26811 11.5757
28 -6.23382 11.7882
28 -7.23364 11.8075
28 -8.23345 11.8269
28 -9.21231 11.6363
28 -10.1886 11.4197
28 -10.988 10.8777
28 -11.7007 10.1763
28 -12.3235 9.41295
28 -12.7243 8.49678
28 -13.1148 7.65243
28 -13.1974 6.65585

29 -12.2605 7.03067
29 -12.2605 7.03067
29 -12.2605 7.03067

30 -5.21751 -1.33086
30 -4.21908 -1.38685
30 -3.22023 -1.42781
30 -2.22023 -1.42723
30 -1.22023 -1.42664
30 -0.220632 -1.39888
30 0.778954 -1.37009
30 1.77848 -1.33988
30 2.77669 -1.28013
30 3.77475 -1.218
30 4.77262 -1.15266
30 5.77166 -1.1173
30 6.77157 -1.10407
30 7.77141 -1.08688
30 8.77116 -1.06459
30 9.77052 -1.03176
30 10.7691 -0.978782
30 11.7677 -0.925799
30 12.7655 -0.859993
30 13.763 -0.789227
30 14.7605 -0.718461
30 14.977 0.0799132
30 14.9771 1.07991
30 14.9772 2.07991
30 14.9772 3.07991
30 14.9773 4.07991
30 14.9774 5.07991
30 14.9775 6.07991

31 7.40836 -1.01129

32 23.4723 -0.167854

33 39.657 -2.47998
33 40.5231 -1.98013
33 41.3892 -1.48029
33 42.2554 -0.980437
33 42.2554 -0.980437
33 44.3799 1.03794
33 44.9561 1.85524
33 44.9561 1.85524
33 44.9561 1.85524
33 45.8702 2.23337
33 46.8079 2.58094
33 47.7456 2.92852
33 48.6832 3.27609
33 49.6209 3.62366
33 50.5585 3.97123
33 51.4962 4.3188
33 52.4338 4.66637
33 52.4338 4.66637

34 51.0778 5.14672
34 51.0778 5.14672

35 63.2598 1.60293
35 63.8872 1.16091
35 64.8818 1.21896
35 65.8301 1.53632
35 66.7784 1.85368
35 67.5659 2.45337
35 68.3128 3.11728
35 68.9919 3.85133
35 69.656 4.59588
35 70.1127 5.48549
35 70.4601 6.407
35 70.5535 7.40263

36 68.6604 11.9255
36 68.1118 12.7616
36 67.5632 13.5977
36 67.0027 14.4219
36 66.1692 14.9745
36 65.3357 15.527
36 64.4899 16.0601
36 63.6329 16.5754
36 62.7759 17.0908
36 61.9294 17.6232
36 61.0836 18.1565
36 60.2297 18.6769
36 59.3711 19.1896
36 58.513 19.703
36 57.6746 20.248
36 56.8362 20.793
36 55.9546 21.0865
36 54.9831 21.026
36 54.2226 21.3936
36 53.5189 20.6831

37 56.9562 19.6865
37 56.9562 19.6865
37 54.9252 20.6242
37 53.93 20.5263
37 52.0022 20.0583
37 51.0639 19.7122
37 50.1257 19.3662
37 50.1257 19.3662
37 50.1257 19.3662
37 49.1913 19.4603
37 49.1913 19.4603
37 48.2591 19.8224
37 47.327 20.1845
37 46.3948 20.5466
37 45.5085 21.007
37 44.632 21.4882
37 43.742 21.9431
37 42.8346 22.3634
37 41.9272 22.7836
37 41.0198 23.2039
37 41.0198 23.2039
37 41.0198 23.2039

38 44.4972 21.5942
38 43.5495 21.8814
38 42.6559 22.3302
38 41.7622 22.779
38 40.8686 23.2278
38 39.9333 23.5788
38 38.9904 23.9118
38 38.0366 24.2104
38 37.0735 24.4792
38 36.1193 24.7785
38 35.1651 25.0778
38 34.211 25.377
38 33.2568 25.6763
38 32.3624 25.4475
38 31.4993 24.9424
38 30.6363 24.4373
38 29.7732 23.9323
38 28.9101 23.4272
38 28.047 22.9222
38 27.3248 22.2722
38 26.7959 21.4235
38 26.38 20.5261
38 26.1258 19.559
38 25.9482 18.5828
38 25.9712 17.5831
38 25.915 16.5962
38 25.5774 15.6549
38 25.438 14.6761

39 15.0338 7.32346
39 15.7606 7.21876
39 16.5851 7.13731
39 17.5235 7.48308
39 18.4063 7.92714
39 19.1873 8.55166
39 19.9683 9.17618
39 20.7493 9.8007
39 21.5304 10.4252
39 22.3114 11.0497
39 22.7372 11.9517
39 23.1542 12.8606
39 23.5712 13.7695
39 23.9882 14.6785
39 24.4052 15.5874
39 24.8222 16.4963
39 25.2144 17.4161
39 25.6049 18.3367
39 25.9954 19.2573
39 26.3859 20.1779
39 26.7764 21.0985
39 27.1669 22.0191
39 27.5574 22.9397
39 27.9479 23.8603
39 28.5517 24.3042
39 29.4983 23.9819

40 22.8357 12.0407

41 12.3682 7.23891
41 11.3692 7.28362
41 10.3754 7.21348
41 9.38268 7.1368
41 8.38536 7.20983
41 7.38803 7.28287
41 6.3921 7.37299
41 5.39627 7.46417
41 4.93979 6.82976

42 -3.399 11.0254
42 -4.33764 11.3688
42 -5.26871 11.7336
42 -6.25127 11.8656
42 -7.24937 11.9273
42 -8.2457 11.961
42 -9.2283 11.7752
42 -10.2109 11.5895
42 -10.9833 11.0066
42 -11.6893 10.2984
42 -12.2937 9.52061
42 -12.6991 8.60649
42 -13.0226 7.66638
42 -13.218 6.68565

43 -12.3565 4.20944
43 -12.3565 4.20944
43 -12.8379 2.08381
43 -12.8379 2.08381
43 -11.6524 0.503121
43 -11.6524 0.503121
43 -11.6524 0.503121

44 -1.87951 -1.37788
44 -0.879559 -1.37031
44 0.120267 -1.35162
44 1.12009 -1.33294
44 2.11951 -1.30266
44 3.11818 -1.25107
44 4.11685 -1.19948
44 5.11552 -1.14789
44 6.11538 -1.13654
44 7.11535 -1.12868
44 8.11516 -1.10993
44 9.11494 -1.08889
44 10.114 -1.04756
44 11.113 -1.00181
44 11.113 -1.00181

45 11.7387 -0.945065
45 12.7055 -0.784171
45 13.7053 -0.80399
45 14.7051 -0.82381
45 15.7036 -0.776394
45 16.7019 -0.718179
45 17.7003 -0.659963
45 18.6993 -0.616714
45 19.6985 -0.575656
45 20.6974 -0.559427
45 21.6958 -0.616388
45 22.6942 -0.673348
45 23.6925 -0.730308
45 24.6909 -0.787268
45 25.6893 -0.844229
45 26.6868 -0.914324
45 27.6839 -0.990366
45 28.681 -1.06641
45 29.6781 -1.14245

46 27.4972 -1.0093
46 28.1577 -1.75664
46 28.9942 -2.30384
46 29.8106 -2.88127
46 30.6271 -3.45869
46 31.5358 -3.8511
46 32.4882 -4.15578
46 33.4407 -4.46046
46 34.3931 -4.76514
46 35.3456 -5.06982
46 36.298 -5.3745
46 37.1889 -5.01257
46 38.0695 -4.53859
46 38.95 -4.06461
46 39.8305 -3.59063
46 40.7111 -3.11664
46 41.5348 -2.5646

47 42.9836 -1.03962
47 42.9836 -1.03962
47 44.3581 0.35842
47 44.9694 1.14983
47 45.7154 1.79573
47 45.7154 1.79573
47 46.5515 2.3442
47 47.4158 2.83746
47 47.4158 2.83746
47 48.3511 3.19143
47 49.2863 3.5454
47 50.2216 3.89937
47 51.1569 4.25333
47 51.1569 4.25333
47 52.1149 4.39452
47 52.1149 4.39452
47 53.1125 4.32503
47 53.1125 4.32503
47 54.0524 3.99962
47 54.9835 3.63474
47 55.9145 3.26986
47 56.8456 2.90498
47 57.7766 2.5401
47 58.7077 2.17522
47 59.6387 1.81034
47 60.5555 1.4166
47 61.4095 0.896409

48 54.3617 3.84243
48 55.2044 3.31485
48 56.1437 2.985
48 57.0377 2.53685
48 57.9317 2.08871
48 58.8256 1.64056
48 59.7699 1.33845
48 60.7502 1.1411
48 61.7305 0.943746
48 62.7109 0.746395
48 63.6934 0.5703
48 64.6934 0.559623
48 65.5303 0.962099
48 66.2534 1.65283
48 66.9765 2.34355
48 67.6996 3.03428
48 68.4227 3.72501
48 69.1458 4.41574
48 69.8689 5.10646
48 70.3256 5.95843
48 70.6018 6.91952
48 70.6443 7.91342
48 70.6433 8.91342
48 70.0358 9.6927
48 69.3938 10.4595
48 68.7593 11.2323
48 68.1265 12.0066
48 67.2832 12.543
48 66.4374 13.0765
48 65.5513 13.5391
48 64.6602 13.9929

49 68.4609 2.32032
49 68.889 3.22406
49 69.6563 3.8213
49 70.2017 4.65238
49 70.6807 5.52149
49 70.8838 6.50063
49 70.9922 7.4881
49 70.9629 8.48767
49 70.7902 9.45947
49 70.4441 10.3977
49 70.0082 11.2902
49 69.4548 12.1231

50 66.2463 14.6065
50 65.3749 15.0972
50 64.5169 15.6107
50 63.6591 16.1247
50 62.8113 16.6546
50 61.9768 17.2055
50 61.1412 17.7549
50 60.2874 18.2754
50 59.4335 18.7959
50 58.5886 19.3306
50 57.7516 19.8778
50 56.9023 20.393
50 55.9142 20.5468
50 54.9328 20.5846
50 53.9688 20.3186
50 53.0301 20.014
50 52.4001 19.2374
50 51.5587 18.8933
50 50.5589 18.8734
50 49.5669 18.9413

51 52.9756 19.4581
51 52.0298 19.1334
51 51.049 18.9458
51 50.0645 18.8024
51 50.0645 18.8024
51 50.0645 18.8024
51 49.0994 19.0639
51 48.153 19.3752
51 48.153 19.3752
51 47.2564 19.8181
51 46.3663 20.2727
51 45.5147 20.7969
51 44.6611 21.3173
51 43.7529 21.7358
51 41.9299 22.5576
51 41.004 22.9354
51 40.078 23.3131
51 39.1521 23.6909
51 38.2262 24.0686
51 38.2262 24.0686
51 38.2262 24.0686
51 38.2262 24.0686
51 38.2262 24.0686

52 38.9867 23.6397
52 38.0434 23.9718
52 37.1148 24.3396
52 36.2092 24.7638
52 35.2631 25.0679
52 34.2857 25.2794
52 33.3083 25.4909
52 32.3204 25.3636
52 31.3318 25.2134
52 30.3671 24.9832
52 29.4588 24.5649
52 28.5505 24.1465
52 27.8523 23.4416
52 27.1798 22.7014
52 26.7755 21.8104
52 26.4916 20.8515
52 26.2699 19.8766
52 26.0551 18.9

53 25.7609 18.6885
53 25.6689 17.7644
53 25.2973 16.836
53 24.9239 15.9083
53 24.5489 14.9813
53 24.1739 14.0543
53 23.7958 13.1288
53 23.291 12.2656
53 22.7644 11.4183
53 22.0926 10.6776
53 21.4207 9.93695
53 20.7488 9.19628
53 20.077 8.45561
53 19.4051 7.71494
53 18.5378 7.21931
53 17.6638 6.73676
53 16.6693 6.63148
53 15.7012 6.42095

54 17.9593 7.96267
54 17.1121 7.4315
54 16.1379 7.34708
54 16.1379 7.34708
54 15.1384 7.33343
54 14.14 7.27586
54 13.1417 7.21828
54 12.257 7.04934

55 3.71517 7.57316
55 2.82664 8.03198
55 2.16436 8.75119
55 1.27493 9.19449
55 0.369117 9.61816
55 -0.5367 10.0418
55 -1.45067 10.4458
55 -2.3903 10.788
55 -3.32993 11.1302
55 -4.27361 11.4611
55 -5.218 11.7899
55 -6.202 11.9177
55 -7.20054 11.9718
55 -8.19514 11.9761
55 -9.17273 11.7656
55 -10.1503 11.5551
55 -10.919 10.9193
55 -11.6831 10.2742
55 -12.0162 9.48185
55 -11.8067 8.50406
55 -11.5971 7.52626

56 -10.1779 11.5301
56 -10.8439 10.7841
56 -11.623 10.1673
56 -12.2405 9.41079
56 -12.7393 8.54408
56 -13.1105 7.62547
56 -13.3579 6.65656

57 -10.6438 0.828438
57 -9.91668 0.141976
57 -9.18952 -0.544487

58 1.32009 -1.25488
58 2.31879 -1.21044
58 3.31857 -1.18943
58 4.31835 -1.16842
58 5.31815 -1.1487
58 6.31813 -1.14299
58 7.31811 -1.1369
58 8.31797 -1.12007
58 9.31778 -1.10166
58 10.317 -1.06105
58 11.3161 -1.02044
58 12.3153 -0.979407
58 13.3144 -0.937213
58 14.3135 -0.895019
58 15.2783 -0.778596
58 15.958 -0.0451235
58 16.6378 0.688349
58 17.3175 1.42182
58 17.9972 2.15529
58 18.6769 2.88877
58 19.3566 3.62224

59 15.7288 -0.633305
59 15.7288 -0.633305
59 16.7202 -0.633934
59 17.7172 -0.710821
59 18.7165 -0.684324
59 19.716 -0.651463
59 20.7154 -0.618481
59 21.7149 -0.584728
59 22.7143 -0.550975
59 23.7137 -0.517222
59 23.7137 -0.517222
59 24.7004 -0.662934
59 25.6849 -0.837915
59 26.6433 -1.09214
59 26.6433 -1.09214
59 27.5382 -1.53847
59 28.4331 -1.9848
59 29.3086 -2.46437
59 30.14 -3.02006
59 30.9714 -3.57574
59 31.8518 -4.0329
59 32.7965 -4.36103
59 33.7411 -4.68916

60 31.6656 -3.49031

61 44.6048 1.03771
61 45.4652 1.54747
61 46.3255 2.05722
61 47.1937 2.5525
61 48.0886 2.99878
61 48.0886 2.99878
61 48.9835 3.44506
61 49.9328 3.74949
61 50.8966 4.01614
61 51.88 4.13085
61 52.8799 4.11832
61 53.8372 3.89374
61 54.7516 3.4927
61 55.62 2.99687
61 56.4992 2.52095
61 57.3896 2.06568
61 58.286 1.62259
61 59.189 1.19363
61 60.1417 0.889795
61 61.0944 0.585957
61 61.9653 0.973715

62 57.6621 1.90389
62 57.6621 1.90389
62 57.6621 1.90389
62 57.6621 1.90389
62 56.9196 2.57372
62 56.9196 2.57372
62 56.9196 2.57372
62 56.9196 2.57372
62 56.9196 2.57372
62 56.9196 2.57372
62 56.9196 2.57372
62 56.9196 2.57372
62 56.9196 2.57372

63 69.0557 4.10762

64 63.2253 16.1536
64 63.2253 16.1536
64 62.3939 16.7093
64 61.5625 17.2649
64 60.7235 17.8089
64 59.8793 18.345
64 59.0351 18.881
64 58.195 19.4234
64 55.4894 19.8748
64 54.523 19.6181
64 53.5565 19.3613
64 52.59 19.1045
64 51.6208 18.862
64 51.6208 18.862
64 50.6289 18.7342
64 49.6499 18.701
64 49.6499 18.701
64 48.7271 19.0862
64 47.8042 19.4715
64 47.8042 19.4715
64 46.8814 19.8568
64 46.0173 20.3499
64 45.192 20.9146
64 45.192 20.9146

65 50.1838 18.5873
65 49.216 18.8393
65 48.2679 19.1434
65 48.2679 19.1434
65 47.374 19.5916
65 46.48 20.0398
65 45.5858 20.4873
65 44.6915 20.9349
65 43.7973 21.3825
65 42.903 21.83
65 42.0088 22.2776
65 41.1145 22.7252
65 40.1863 23.0946
65 39.2488 23.4424
65 38.2903 23.7097
65 37.3021 23.8627
65 36.3138 24.0157
65 35.3256 24.1688
65 34.3374 24.3218
65 33.3492 24.4748
65 32.3609 24.6278
65 31.3727 24.7809

66 36.3137 24.4382
66 35.4019 24.8128
66 34.4321 25.0563
66 33.4622 25.2999
66 32.4773 25.2111
66 31.4893 25.0561
66 30.5196 24.8429
66 29.6191 24.4081
66 28.7186 23.9732
66 28.0308 23.2571
66 27.3672 22.509
66 26.8528 21.6586
66 26.3943 20.7699
66 26.1628 19.8062
66 26.0014 18.8193

67 25.3744 16.3863
67 24.9783 15.4681
67 24.5822 14.5499
67 24.1861 13.6317
67 23.7186 12.7513
67 23.1815 11.9078
67 22.6636 11.0526
67 22.1372 10.207
67 21.4236 9.50648
67 20.7099 8.80599
67 19.9962 8.10551
67 19.4642 7.34344

68 16.0727 7.29769
68 15.0936 7.14742
68 14.0941 7.11636
68 13.0946 7.0853
68 12.0951 7.05447
68 11.0955 7.02404
68 10.096 6.99361
68 10.096 6.99361
68 9.09682 7.01102
68 8.09787 7.05667
68 7.10285 7.14575
68 6.11196 7.2805
68 5.12108 7.41524
68 4.1302 7.54999
68 3.18898 7.86882
68 3.18898 7.86882
68 2.26766 8.25624
68 1.42478 8.79434
68 0.581899 9.33245

69 0.921511 9.16229
69 0.104159 9.73015
69 -0.822643 10.1057
69 -1.74945 10.4813
69 -2.67625 10.8568
69 -3.6096 11.2152
69 -4.55063 11.5535

70 -12.817 8.06832
70 -11.9217 7.62286

71 -5.40124 -1.13022
71 -4.41012 -1.26313
71 -3.41899 -1.39604
71 -2.42151 -1.44389
71 -1.42163 -1.45964
71 -0.421731 -1.46313
71 0.578203 -1.45161
71 1.57814 -1.44008
71 2.57764 -1.41217
71 3.57679 -1.37106
71 4.57595 -1.33002
71 5.5752 -1.29307
71 6.57519 -1.29138
71 7.57519 -1.2897
71 8.57519 -1.29338
71 9.57518 -1.29736
71 10.5745 -1.26688
71 10.5745 -1.26688
71 11.5735 -1.22325
71 12.5725 -1.17773
71 13.571 -1.12308
71 14.5695 -1.06843

72 7.21009 -1.18992
72 8.1963 -1.15131
72 8.1963 -1.15131
72 10.1902 -1.21668
72 11.1894 -1.17665
72 12.1886 -1.13759
72 13.188 -1.102
72 14.1873 -1.06641
72 15.1867 -1.03089
72 16.1861 -0.995927
72 17.1855 -0.960961
72 18.1849 -0.925995
72 19.1847 -0.908763
72 20.1846 -0.892147
72 21.1844 -0.87553
72 22.1837 -0.839171
72 23.183 -0.7999
72 24.1822 -0.760628
72 24.1822 -0.760628
72 24.1822 -0.760628

73 23.7456 -0.651028

74 38.8338 -4.10441
74 39.7939 -3.82502
74 40.7541 -3.54564
74 41.6114 -3.15804
74 41.9388 -2.21316

75 51.2514 3.0935
75 51.2514 3.0935

76 65.495 0.643627

77 68.4584 11.8089
77 67.9085 12.6442
77 67.185 13.3105
77 66.3653 13.8833
77 65.5426 14.4516
77 64.6951 14.9824
77 63.8475 15.5131
77 63.0104 16.0597
77 62.1823 16.6204
77 61.3523 17.1779
77 60.5072 17.7125
77 59.662 18.2471
77 58.8143 18.7775
77 57.9623 19.3011
77 57.0663 19.712
77 56.0851 19.905
77 55.1246 19.8736
77 54.1953 19.5042
77 53.3131 19.5325

78 55.7747 18.746
78 55.7747 18.746
78 55.7747 18.746
78 52.9678 18.8686
78 52.9678 18.8686
78 52.0789 18.4251
78 51.0901 18.2757
78 50.1203 18.2874
78 50.1203 18.2874
78 50.1203 18.2874
78 49.1934 18.6626
78 48.2664 19.0379
78 47.3395 19.4131
78 46.4445 19.8541
78 45.5761 20.35
78 44.7059 20.8426
78 43.8092 21.2852
78 42.9124 21.7276
78 41.9912 22.1166
78 41.0699 22.5055
78 40.1487 22.8945
78 39.2274 23.2835
78 38.3062 23.6724

79 41.5284 22.2851
79 40.626 22.6753
79 39.69 23.0275
79 38.7458 23.3562
79 37.7954 23.6671
79 36.8941 24.099
79 35.9838 24.5051
79 35.0115 24.7386
79 34.0391 24.9721
79 33.0643 25.0396
79 32.0855 24.8347
79 31.1072 24.6284
79 30.2029 24.2015
79 29.2986 23.7746
79 28.5135 23.1705
79 27.777 22.494
79 27.1834 21.724
79 26.8577 20.7785
79 26.7186 19.8079
79 26.7823 18.8099
79 26.846 17.8119
79 26.9097 16.814
79 26.7128 15.8851
79 26.1627 15.05

80 27.6606 20.2738
80 26.6649 20.3669
80 26.2911 19.5861
80 26.0527 18.6149
80 25.8143 17.6438
80 25.5758 16.6726
80 25.3185 15.707
80 24.9908 14.7623
80 24.6216 13.8338
80 24.2172 12.9192
80 23.7022 12.0635
80 23.1695 11.2172
80 22.6798 10.3454
80 21.9767 9.63585
80 21.2674 8.93095
80 20.558 8.22605
80 19.8487 7.52116
80 19.7011 6.61935

81 21.5223 8.76552
81 20.5365 8.59708
81 20.0573 7.72165

82 5.65607 7.108
82 4.88478 7.62188
82 3.9067 7.83011
82 2.92862 8.03833
82 2.04867 8.50172
82 1.18311 9.00253
82 0.317554 9.50334
82 -0.548003 10.0042
82 -1.4548 10.4153
82 -2.39825 10.7468
82 -3.34254 10.8483

83 -12.4483 1.70091
83 -12.7731 2.64671
83 -13.0978 3.59252
83 -13.0652 4.47171
83 -13.2757 5.44931
83 -13.2152 6.42037
83 -12.9578 7.38667
83 -12.6273 8.32305
83 -12.1331 9.19239
83 -11.5899 10.0219
83 -10.8404 10.684
83 -10.091 11.346
83 -9.27647 11.0568

84 -8.75288 -0.432024
84 -8.48826 -1.22177
84 -7.48941 -1.26977
84 -6.49056 -1.31776
84 -5.49179 -1.3672
84 -4.49305 -1.41743
84 -3.49431 -1.46767

85 3.4068 -1.48157
85 5.39509 -1.47018
85 6.3949 -1.48965
85 7.39471 -1.50912
85 8.39455 -1.49519
85 9.3944 -1.47769
85 10.3939 -1.44634
85 11.3934 -1.41496
85 12.393 -1.38827
85 13.3929 -1.37503
85 14.3929 -1.36179
85 15.3928 -1.34855
85 16.3923 -1.31805
85 17.3917 -1.28533
85 18.3912 -1.25261
85 19.3909 -1.22982
85 20.3907 -1.21035
85 20.3907 -1.21035
85 20.3907 -1.21035
85 20.3907 -1.21035

86 19.7044 -0.863843
86 19.7044 -0.863843
86 19.7044 -0.863843
86 19.7044 -0.863843
86 21.6526 -1.15545
86 22.6523 -1.13014
86 23.6519 -1.10483
86 24.6414 -1.19983
86 25.6224 -1.39379
86 25.6224 -1.39379
86 26.6044 -1.58248

87 35.667 -5.09997

88 47.4618 1.56852
88 48.3958 1.92581
88 49.3298 2.28309
88 50.2638 2.64038
88 51.1978 2.99766
88 52.1613 3.17641
88 53.1606 3.13847
88 54.1241 2.91687
88 55.0572 2.56133
88 55.921 2.05751
88 56.8028 1.58837
88 57.7132 1.17469
88 58.6236 0.761013
88 59.5341 0.347332
88 60.4445 -0.0663486
88 61.3912 -0.342358
88 62.3872 -0.43189
88 63.2642 -0.0266128

89 61.5521 -0.456765
89 62.5519 -0.438449
89 63.5266 -0.562299
89 64.4925 -0.76799
89 65.491 -0.821521
89 66.4412 -0.51212
89 67.3909 -0.198799
89 68.2138 0.350836
89 68.9957 0.973334
89 69.6712 1.71071
89 70.3366 2.45518
89 70.8051 3.33868
89 71.1897 4.25222
89 71.3891 5.23214

90 70.9174 7.84673

91 61.2191 16.8573
91 60.3896 17.4157
91 59.5605 17.9748
91 58.7326 18.5358
91 55.9647 18.7181
91 55.9647 18.7181
91 54.0133 18.2798
91 54.0133 18.2798
91 53.0376 18.0607
91 52.0574 17.8644
91 51.0718 17.695
91 51.0718 17.695
91 50.1317 17.9464
91 50.1317 17.9464
91 49.2051 18.3223
91 46.4142 18.9767
91 46.4142 18.9767
91 46.4142 18.9767

92 46.4183 19.7545
92 45.5308 20.2152
92 44.6275 20.6442
92 43.7242 21.0731
92 42.8208 21.502
92 41.9175 21.931
92 40.9873 22.2975
92 40.055 22.6591
92 39.1117 22.9905
92 38.1628 23.3059
92 37.216 23.6279
92 36.2693 23.9498
92 35.3225 24.2717
92 34.3757 24.5936
92 33.456 24.6152
92 32.5817 24.1297
92 31.7075 23.6442
92 30.8333 23.1587
92 29.959 22.6732
92 29.0848 22.1877
92 28.2201 21.6948
92 27.9709 20.7264
92 27.6963 19.7666
92 27.2994 18.8488
92 26.9024 17.9309
92 26.7328 16.9468
92 26.5743 15.9595
92 26.2322 15.0255
92 25.9294 14.0983
92 26.1467 13.1222
92 25.5782 12.3424
92 24.9274 11.5831
92 25.1252 10.7585

93 31.3624 22.8734
93 30.5124 22.3465
93 29.6625 21.8196
93 28.8126 21.2927
93 27.9627 20.7658
93 27.1127 20.2389
93 26.6604 19.436
93 26.4639 18.4555
93 26.1638 17.5085
93 25.7478 16.5992
93 25.3318 15.6898
93 24.9158 14.7805
93 24.4997 13.8711
93 24.0837 12.9618
93 23.6677 12.0524
93 23.2517 11.1431
93 22.8357 10.2337
93 22.4197 9.32434
93 21.6277 8.74631
93 20.7778 8.21938
93 19.9279 7.69245
93 19.078 7.16551
93 18.3522 6.48155
93 17.3903 6.2688

94 11.8877 -1.32498
94 12.3232 -0.424789
94 12.7587 0.475405

95 -6.12213 -1.17658
95 -5.12218 -1.18643
95 -4.12223 -1.19628
95 -3.12228 -1.20612

96 -2.82913 10.8056
96 -3.80955 11.0025
96 -4.7472 11.2504
96 -5.52123 11.6414
96 -6.51627 11.7408
96 -7.51132 11.8403
96 -8.49774 11.68
96 -9.48399 11.5148
96 -10.3157 11.0317
96 -11.0548 10.358
96 -11.7481 9.64831
96 -12.2312 8.77273

97 -11.0635 1.87514
97 -11.0096 0.87659

98 1.01273 -1.80955
98 2.00278 -1.67022
98 3.00277 -1.67254
98 4.00277 -1.67487
98 5.00277 -1.6772
98 6.00268 -1.68747
98 7.0025 -1.70644
98 8.00233 -1.70865
98 9.00218 -1.69104
98 10.0021 -1.67561
98 11.002 -1.66215
98 12.0019 -1.64869
98 13.0018 -1.63408
98 14.0017 -1.61894
98 15.0015 -1.60381
98 16.0014 -1.58859
98 17.0013 -1.57332
98 18.0012 -1.55805
98 19.0011 -1.54278

99 16.0129 -1.31872
99 16.0129 -1.31872
99 17.0099 -1.39686
99 18.0068 -1.475
99 19.0064 -1.47136
99 20.0063 -1.45744
99 21.0062 -1.44382
99 22.0061 -1.43208
99 23.006 -1.42033
99 24.006 -1.40859
99 24.006 -1.40859
99 24.9907 -1.55882
99 25.971 -1.75645
99 26.9513 -1.95408
99 26.9513 -1.95408
99 27.8346 -2.42225
99 28.7175 -2.89186
99 29.5953 -3.36909
99 29.5953 -3.36909
99 30.3716 -3.99947
99 31.1479 -4.62985
99 31.9613 -5.20974
99 34.6933 -6.27068

100 31.4545 -4.3336
100 32.3642 -4.74885
100 33.2739 -5.1641
100 34.1837 -5.57935
100 35.0934 -5.9946
100 36.0031 -6.40985
100 36.9091 -6.72382
100 37.7867 -6.24429
100 38.6642 -5.76476
100 39.5417 -5.28523
100 40.4192 -4.8057
100 41.2968 -4.32617
100 42.0942 -3.73002
100 42.857 -3.08338
100 43.6198 -2.43674
100 44.3295 -1.73588
100 44.9912 -0.98611
100 45.6942 -0.277577
100 46.4416 0.386854
100 47.1889 1.05128

101 45.4226 -0.657095
101 45.4226 -0.657095
101 46.9554 0.565475
101 47.6717 1.24464
101 47.6717 1.24464
101 48.5748 1.67414
101 49.4779 2.10364
101 49.4779 2.10364
101 50.4341 2.38524
101 51.404 2.62864
101 51.404 2.62864
101 52.3928 2.7056
101 53.3926 2.68547
101 53.3926 2.68547
101 54.352 2.46139
101 55.2734 2.07714
101 55.2734 2.07714
101 56.1336 1.56712
101 57.0008 1.06956
101 57.8781 0.58965
101 58.7555 0.109744
101 60.5762 -0.703195
101 62.5118 -1.06802
101 63.51 -1.00823
101 64.5082 -0.948426
101 65.5064 -0.888627
101 66.5046 -0.828828
101 69.1883 0.30918
101 69.7443 1.13664
101 69.7443 1.13664
101 69.7443 1.13664
101 69.7443 1.13664
101 69.7443 1.13664
101 69.7443 1.13664
101 69.7443 1.13664
101 69.7443 1.13664
101 69.7443 1.13664
101 69.7443 1.13664
101 57.8781 0.58965
101 56.1336 1.56712
101 55.2734 2.07714
101 55.2734 2.07714
101 55.2734 2.07714
101 54.352 2.46139
101 54.352 2.46139
101 54.352 2.46139
101 53.3926 2.68547
101 53.3926 2.68547

102 57.8062 0.773161
102 58.6691 0.267688
102 59.5319 -0.237786
102 60.4677 -0.585878
102 61.4109 -0.91812
102 62.3887 -1.10769
102 63.3794 -1.24423
102 64.3577 -1.26049
102 65.3002 -0.926293
102 66.2427 -0.592091
102 67.1852 -0.25789
102 68.1277 0.0763116
102 69.0659 0.417409
102 69.7803 1.11714
102 70.4947 1.81686

103 70.2232 3.84172
103 70.9805 4.4947
103 71.643 5.19081
103 71.6371 6.19079
103 71.5849 7.18344
103 71.2811 8.13616
103 70.9626 9.08222
103 70.4424 9.93628

104 63.2334 15.1481
104 62.4036 15.7062
104 61.5739 16.2644
104 60.7441 16.8225
104 59.9143 17.3806
104 59.0837 17.9375
104 56.3413 18.3272
104 56.3413 18.3272
104 54.3828 17.9217
104 53.4036 17.7189
104 53.4036 17.7189
104 52.4232 17.5223
104 51.4383 17.3494
104 51.4383 17.3494
104 50.4922 17.5052
104 50.4922 17.5052
104 49.5749 17.9033
104 48.6576 18.3014
104 47.7402 18.6995
104 46.8841 19.2117
104 46.0451 19.7558
104 46.0451 19.7558
104 46.0451 19.7558
104 46.0451 19.7558

105 25.1797 11.3441
105 25.9875 11.9335
105 26.7954 12.523
105 27.5672 13.1391
105 27.8971 14.0831
105 28.227 15.0271
105 28.478 15.9875
105 28.5506 16.9848
105 28.6232 17.9822
105 28.6957 18.9796
105 28.7683 19.9769
105 28.8409 20.9743
105 29.0243 21.9512
105 29.3126 22.9088
105 30.0148 23.4844
105 30.946 23.8488
105 31.8887 24.1648
105 32.8846 24.255
105 33.8805 24.3452
105 34.8631 24.281
105 35.8289 24.0217
105 36.7947 23.7624
105 37.722 23.3946
105 38.6502 23.0242
105 39.5895 22.6813
105 40.5206 22.3167
105 41.4496 21.9465
105 42.3731 21.5632
105 43.2904 21.1651
105 44.1922 20.7342
105 45.0809 20.2756
105 45.949 19.7822
105 46.7822 19.2291
105 47.6308 18.7143
105 48.5884 18.4766

106 33.8015 23.4382
106 32.8566 23.7655
106 31.9117 24.0928
106 30.9792 23.965
106 30.0534 23.5868
106 29.2022 23.1071
106 28.5631 22.338
106 27.9384 21.5584
106 27.4043 20.7129
106 26.8943 19.8568
106 26.6232 18.8942
106 26.3521 17.9316
106 26.1405 16.9547
106 25.9419 15.9746
106 25.6371 15.0264
106 25.264 14.0986
106 24.8909 13.1708

107 31.1996 0.562147
107 30.7012 1.4291
107 30.2028 2.29606

108 12.8732 6.62739
108 11.8776 6.53918
108 10.8785 6.58166
108 9.88016 6.63511
108 8.88436 6.72665
108 7.88856 6.81819
108 6.89737 6.95037
108 5.90639 7.08442
108 5.90639 7.08442
108 4.96394 7.3858
108 4.05499 7.80269
108 3.14603 8.21959
108 2.23708 8.63648
108 1.32812 9.05338
108 0.426198 9.4845
108 -0.457225 9.95308
108 -1.34065 10.4217
108 -2.29897 10.6998
108 -3.26489 10.9587
108 -4.23081 11.2175
108 -5.19673 11.4763
108 -6.16265 11.7352
108 -7.12857 11.994

109 -2.85276 10.9926
109 -3.80504 11.2978
109 -4.70742 11.7279
109 -5.68078 11.9033
109 -6.67602 12.0008
109 -7.67061 12.0796
109 -8.65681 11.914
109 -9.643 11.7485
109 -10.4464 11.2024
109 -11.1918 10.5359
109 -11.8533 9.80234
109 -12.3376 8.9274

110 -11.5271 2.74365
110 -11.5271 2.74365

111 -1.04788 -1.60269
111 -0.0478769 -1.60417
111 0.952015 -1.61704
111 1.95188 -1.63263
111 2.95188 -1.63381
111 3.95179 -1.62516
111 4.95161 -1.60615
111 5.95101 -1.62453
111 6.95015 -1.66599
111 7.94962 -1.68717
111 8.94959 -1.6784
111 9.94955 -1.6804
111 10.9495 -1.68828
111 11.9495 -1.69615
111 12.9494 -1.69241
111 13.9494 -1.68192
111 14.9493 -1.67142
111 15.9493 -1.66341
111 16.9493 -1.65846
111 17.9493 -1.65351
111 18.7621 -1.41711
111 18.9765 -0.440349
111 19.1908 0.536413
111 19.4051 1.51317
111 19.6195 2.48994

112 15.0638 -1.49188

113 30.9721 -4.42075
113 31.4067 -5.10774
113 32.3439 -5.45666
113 33.281 -5.80558
113 34.2182 -6.1545
113 35.1553 -6.50342
113 36.0925 -6.85235
113 37.0319 -6.88318
113 37.9739 -6.54765
113 38.916 -6.21212
113 39.795 -5.74332
113 40.6521 -5.22814
113 41.5092 -4.71297
113 42.231 -4.02993
113 42.9165 -3.30186
113 43.602 -2.57379
113 44.3386 -1.89759
113 45.0767 -1.22298
113 45.8133 -0.546654
113 46.5493 0.130373

114 45.3119 -1.05934
114 46.1157 -0.468918
114 46.8454 0.214868
114 47.6282 0.819575
114 48.5373 1.2361
114 49.4464 1.65262
114 50.4128 1.90159
114 51.3867 2.12844
114 52.3792 2.16942
114 53.3787 2.13948
114 54.33 1.87696
114 55.241 1.47104
114 56.0923 0.946415
114 56.9544 0.440057
114 57.8271 -0.0483019
114 58.7279 -0.477382
114 59.6576 -0.845637
114 60.5873 -1.21389
114 61.517 -1.58215

115 58.271 -0.101425

116 70.2895 3.84485
116 70.2895 3.84485

117 62.2447 15.1876
117 62.2447 15.1876
117 61.4126 15.7422
117 60.5804 16.2967
117 59.7523 16.8571
117 57.1598 17.8631
117 56.1867 17.6329
117 55.2135 17.4028
117 54.2404 17.1727
117 53.2672 16.9425
117 52.2814 16.7836
117 51.2885 16.6652
117 51.2885 16.6652
117 51.2885 16.6652
117 50.3655 17.0179
117 49.4498 17.4198
117 48.5342 17.8217
117 47.631 18.2487
117 46.7589 18.738
117 45.8867 19.2273
117 45.8867 19.2273
117 45.8867 19.2273
117 45.8867 19.2273

118 47.7649 18.0677
118 47.0766 18.7263
118 46.187 19.1831
118 45.2948 19.6346
118 44.4012 20.0835
118 43.5076 20.5323
118 42.614 20.9811
118 41.7031 21.3909
118 40.7691 21.7481
118 39.8389 22.1148
118 38.9196 22.5082
118 38.0002 22.9016
118 37.0725 23.2706
118 36.1049 23.5231
118 35.1373 23.7756
118 34.2041 23.6566
118 33.2992 23.2308
118 32.3944 22.805
118 31.4896 22.3792
118 30.5848 21.9534
118 29.6799 21.5276
118 28.7944 21.0835
118 28.4144 20.1585
118 28.0344 19.2335
118 27.6544 18.3086
118 27.2762 17.3834
118 27.4733 16.403

119 32.3592 22.5267
119 31.3677 22.6567
119 30.3762 22.7866
119 29.4851 22.6691
119 28.8647 21.8848
119 28.2443 21.1005
119 27.6239 20.3163
119 27.0034 19.532
119 26.7553 18.566
119 26.5186 17.5944
119 26.2779 16.6238
119 26.0359 15.6535
119 25.7324 14.7038
119 25.3422 13.7831
119 24.952 12.8624
119 24.544 11.9509
119 24.0109 11.1048
119 23.4778 10.2588
119 22.7789 9.57925
119 22.3502 8.69811
119 22.8466 7.86203
119 23.4051 7.03248
119 23.9635 6.20294
119 23.7249 5.29795
119 23.332 4.37837
119 22.9391 3.45878
119 22.5462 2.53919
119 22.1533 1.6196
119 21.7605 0.700018

120 24.0947 11.1333
120 23.4896 10.3383
120 22.9157 9.51951
120 22.2975 8.73349
120 21.6487 7.98516
120 20.7519 7.54275
120 19.8551 7.10034
120 18.9583 6.65793
120 17.9846 6.4882
120 16.9879 6.44022
120 15.9892 6.49118
120 15.1464 6.00618

121 -6.41589 -1.03106
121 -6.09093 -0.0853313
121 -5.76597 0.860396

122 -2.60498 10.9241
122 -3.58333 11.1311
122 -4.44122 11.5237
122 -5.30503 11.8564
122 -6.2992 11.9642
122 -7.29332 12.0685
122 -8.28346 11.9284
122 -9.27361 11.7884
122 -10.1234 11.3308
122 -10.8933 10.6927
122 -11.6297 10.0282
122 -12.0694 9.13007
122 -12.4788 8.22276
122 -12.6099 7.2314
122 -12.7465 6.24563

123 -13.7911 6.7525
123 -13.7911 6.7525

127 -11.4873 -10.8105
127 -11.4873 -10.8105
127 -11.4873 -10.8105

128 -11.4882 -10.8103
128 -11.4882 -10.8103
128 -11.4882 -10.8103

129 -11.4886 -10.8102
129 -11.4886 -10.8102
129 -11.4886 -10.8102

130 -11.488 -10.8103
130 -11.488 -10.8103
130 -11.488 -10.8103

131 -11.4883 -10.8103
131 -11.4883 -10.8103
131 -11.4883 -10.8103

133 -11.484 -10.8123
133 -11.484 -10.8123
133 -11.484 -10.8123

137 -11.4818 -10.8134
137 -11.4818 -10.8134
137 -11.4818 -10.8134

138 -11.4767 -10.8155
138 -11.4767 -10.8155
138 -11.4767 -10.8155

139 -11.477 -10.8162
139 -11.477 -10.8162
139 -11.477 -10.8162

142 -11.4796 -10.8146
142 -11.4796 -10.8146
142 -11.4796 -10.8146

144 -11.4786 -10.8151
144 -11.4786 -10.8151
144 -11.4786 -10.8151

145 -11.4796 -10.8148
145 -11.4796 -10.8148
145 -11.4796 -10.8148

146 -11.4771 -10.8155
146 -11.4771 -10.8155
146 -11.4771 -10.8155

147 -11.474 -10.8172
147 -11.474 -10.8172
147 -11.474 -10.8172

148 -11.4803 -10.8143
148 -11.4803 -10.8143
148 -11.4803 -10.8143

149 -11.4801 -10.8141
149 -11.4801 -10.8141
149 -11.4801 -10.8141

150 -11.4806 -10.814
150 -11.4806 -10.814
150 -11.4806 -10.814
