
1 0 1.5
1 0.998987 1.545
1 1.99797 1.59

2 0 1.5
2 0.998987 1.545
2 1.99797 1.59
2 2.9973 1.61932
2 3.9973 1.61776
2 4.9973 1.6162

3 0 1.5
3 0.999711 1.52406
3 1.99942 1.54812
3 2.99913 1.57218
3 3.99884 1.59624
3 4.99855 1.6203
3 5.54921 2.38154
3 6.19515 2.96881
3 7.19469 2.93821
3 8.19422 2.90761
3 8.93634 2.23936
3 9.67698 1.56747
3 10.6298 1.42221
3 11.6294 1.39287
3 12.629 1.36353
3 13.6287 1.33946
3 14.6284 1.3154
3 15.136 2.03503
3 15.9201 2.39958
3 16.9173 2.47445
3 17.9145 2.54932
3 18.9117 2.62419

4 0 1.5
4 0.998987 1.545
4 1.99797 1.59
4 2.9973 1.62036
4 3.9973 1.62186
4 4.9973 1.62337
4 4.9973 1.62337
4 4.9973 1.62337
4 7.19417 2.90817
4 9.69602 1.54494
4 9.69602 1.54494
4 9.69602 1.54494
4 9.69602 1.54494
4 10.5936 1.77393
4 13.3009 2.08065
4 13.3009 2.08065
4 13.3009 2.08065
4 13.3009 2.08065
4 13.3009 2.08065

5 0 1.5
5 0.999047 1.54364
5 1.99809 1.58728
5 2.99747 1.61595
5 3.99747 1.61598
5 4.99747 1.61602
5 5.54489 2.38926
5 6.19981 2.96867
5 7.19934 2.93807
5 8.19887 2.90746
5 8.93978 2.23623
5 9.68043 1.56434
5 10.6344 1.41803
5 11.6338 1.38379
5 12.6332 1.34954
5 13.6325 1.31339
5 14.6319 1.27725
5 15.1414 2.12637
5 16.0201 2.38553
5 17.0177 2.45409
5 18.0154 2.52265
5 19.013 2.59121

6 0 1.5
6 0.998987 1.545
6 1.99797 1.59
6 2.9973 1.61932
6 3.9973 1.61776
6 4.9973 1.6162
6 4.9973 1.6162
6 4.9973 1.6162
6 7.20473 2.93001
6 7.20473 2.93001
6 7.20473 2.93001
6 7.20473 2.93001
6 7.20473 2.93001
6 7.20473 2.93001
6 7.20473 2.93001
6 7.20473 2.93001
6 9.68853 1.55631

7 0 1.5
7 0.999047 1.54364
7 1.99809 1.58728
7 2.99747 1.61699
7 3.99746 1.62007
7 4.99746 1.62315
7 4.99746 1.62315
7 4.99746 1.62315
7 7.20115 2.93752
7 9.68567 1.55889
7 9.68567 1.55889
7 9.68567 1.55889
7 10.5779 1.76737
7 10.5779 1.76737
7 13.3062 2.12443
7 13.3062 2.12443
7 13.3062 2.12443
7 13.3062 2.12443
7 13.3062 2.12443
7 13.3062 2.12443

8 0 1.5
8 0.999059 1.54337
8 1.99812 1.58674
8 2.99751 1.6151
8 3.99751 1.61554
8 4.99751 1.61597
8 4.99751 1.61597
8 4.99751 1.61597
8 7.20254 2.90937
8 9.70627 1.53556
8 9.70627 1.53556
8 9.70627 1.53556
8 9.70627 1.53556
8 10.6064 1.7793
8 13.3334 2.10978
8 13.3334 2.10978
8 14.2138 1.63563
8 14.2138 1.63563
8 14.2138 1.63563
8 14.2138 1.63563

9 0 1.5
9 0 1.5
9 0 1.5
9 0 1.5
9 0 1.5
9 0 1.5

10 0 1.5
10 0.998987 1.545
10 1.99797 1.59
10 2.9973 1.62036
10 3.9973 1.62186
10 4.9973 1.62337
10 4.9973 1.62337
10 4.9973 1.62337
10 7.19299 2.92465
10 9.69472 1.54606
10 9.69472 1.54606
10 9.69472 1.54606
10 9.69472 1.54606
10 10.592 1.77327
10 13.3196 2.11718
10 13.3196 2.11718
10 13.3196 2.11718
10 13.3196 2.11718
10 13.3196 2.11718
10 13.3196 2.11718

11 0 1.5
11 0.998987 1.545
11 1.99797 1.59
11 2.9973 1.61932
11 3.9973 1.61776
11 4.9973 1.6162
11 4.9973 1.6162
11 4.9973 1.6162
11 7.19658 2.91221
11 9.70167 1.5395
11 9.70167 1.5395
11 10.6667 1.41692
11 10.6667 1.41692
11 11.6661 1.38268
11 12.6655 1.34876
11 13.6652 1.3236
11 14.6649 1.29845
11 14.6649 1.29845

12 0 1.5
12 0.998987 1.545
12 1.99797 1.59
12 2.9973 1.61932
12 3.9973 1.61776
12 4.9973 1.6162
12 4.9973 1.6162
12 4.9973 1.6162
12 7.19868 2.92441
12 9.69904 1.54234
12 9.69904 1.54234
12 10.663 1.42123
12 10.663 1.42123
12 11.6626 1.3919
12 12.6621 1.36249
12 13.6616 1.3311
12 14.6611 1.29971
12 14.6611 1.29971

13 0 1.5
13 0.999047 1.54364
13 1.99809 1.58728
13 2.99747 1.61699
13 3.99746 1.62007
13 4.99746 1.62315
13 4.99746 1.62315
13 4.99746 1.62315
13 7.19346 2.93315
13 9.68009 1.56392
13 9.68009 1.56392
13 10.6344 1.41803
13 10.6344 1.41803
13 11.6338 1.38379
13 12.6332 1.34958
13 13.6329 1.32442
13 14.6326 1.29926
13 14.6326 1.29926

14 0 1.5
14 0.998987 1.545
14 1.99797 1.59
14 2.9973 1.61932
14 3.9973 1.61776
14 4.9973 1.6162
14 5.55434 2.38368
14 6.20157 2.98227
14 7.20069 2.94036
14 8.19981 2.89845
14 8.94254 2.22889
14 9.68525 1.55927
14 10.6413 1.41779
14 11.6407 1.38355
14 12.6402 1.3494
14 13.6398 1.32424
14 14.6395 1.29908
14 15.6057 1.52238
14 16.5631 1.81134
14 17.5204 2.10029
14 18.4777 2.38925

15 0 1.5
15 0.998861 1.54772
15 1.99772 1.59545
15 2.99695 1.62618
15 3.99694 1.62137
15 4.99692 1.61657
15 4.99692 1.61657
15 4.99692 1.61657
15 7.20385 2.91631
15 9.70706 1.53488
15 9.70706 1.53488
15 10.6738 1.41668
15 10.6738 1.41668
15 11.6732 1.38244
15 12.6726 1.3489
15 13.6725 1.33107
15 14.6723 1.31324
15 14.6723 1.31324

16 0 1.5
16 0.998987 1.545
16 1.99797 1.59
16 2.9973 1.62036
16 3.9973 1.62186
16 4.9973 1.62337
16 4.9973 1.62337
16 4.9973 1.62337
16 7.19878 2.92173
16 9.69919 1.54221
16 9.69919 1.54221
16 10.6631 1.41705
16 10.6631 1.41705
16 11.6625 1.3828
16 12.6619 1.34885
16 13.6616 1.3237
16 14.6613 1.29854
16 14.6613 1.29854

17 0 1.5
17 0.999047 1.54364
17 1.99809 1.58728
17 2.99747 1.61595
17 3.99747 1.61598
17 4.99747 1.61602
17 4.99747 1.61602
17 4.99747 1.61602
17 7.19719 2.92582
17 9.68303 1.56128
17 9.68303 1.56128
17 9.68303 1.56128
17 10.5746 1.766
17 10.5746 1.766
17 13.2832 2.09117
17 13.2832 2.09117
17 13.2832 2.09117
17 13.2832 2.09117
17 13.2832 2.09117

18 0 1.5
18 0.998987 1.545
18 1.99797 1.59
18 2.9973 1.61932
18 3.9973 1.61776
18 4.9973 1.6162
18 4.9973 1.6162
18 4.9973 1.6162
18 7.19868 2.92441
18 9.69904 1.54234
18 9.69904 1.54234
18 10.6629 1.41705
18 10.6629 1.41705
18 11.6623 1.38281
18 12.6617 1.34886
18 13.6614 1.3237
18 14.6611 1.29854
18 14.6611 1.29854

19 0 1.5
19 0.998999 1.54473
19 1.998 1.58947
19 2.99734 1.61845
19 3.99734 1.6173
19 4.99734 1.61615
19 4.99734 1.61615
19 4.99734 1.61615
19 7.20073 2.94036
19 9.69021 1.56474
19 9.69021 1.56474
19 9.69021 1.56474
19 10.5851 1.77804
19 10.5851 1.77804
19 13.3157 2.11931
19 13.3157 2.11931
19 13.3157 2.11931
19 13.3157 2.11931
19 13.3157 2.11931
19 13.3157 2.11931

20 0 1.5
20 0.999047 1.54364
20 1.99809 1.58728
20 2.99747 1.61595
20 3.99747 1.61598
20 4.99747 1.61602
20 4.99747 1.61602
20 4.99747 1.61602
20 7.20268 2.91465
20 9.70234 1.53951
20 9.70234 1.53951
20 10.6672 1.4169
20 10.6672 1.4169
20 11.6666 1.38266
20 12.666 1.34864
20 13.6656 1.32043
20 14.658 1.30536
20 14.658 1.30536

21 0 1.5
21 0.998987 1.545
21 1.99797 1.59
21 2.9973 1.61932
21 3.9973 1.61776
21 4.9973 1.6162
21 4.9973 1.6162
21 4.9973 1.6162
21 7.19868 2.92441
21 9.69904 1.54234
21 9.69904 1.54234
21 10.6629 1.41705
21 10.6629 1.41705
21 11.6623 1.38281
21 12.6617 1.34886
21 13.6614 1.3237
21 14.6611 1.29854
21 14.6611 1.29854

22 0 1.5
22 0.998987 1.545
22 1.99797 1.59
22 2.9973 1.61932
22 3.9973 1.61776
22 4.9973 1.6162
22 4.9973 1.6162
22 4.9973 1.6162
22 7.19677 2.91746
22 7.19677 2.91746
22 7.19677 2.91746
22 7.19677 2.91746
22 7.19677 2.91746
22 7.19677 2.91746
22 7.19677 2.91746
22 16.0743 1.65796
22 7.19677 2.91746
22 7.19677 2.91746
22 9.70275 1.5492

23 0 1.5
23 0.998987 1.545
23 1.99797 1.59
23 2.9973 1.62036
23 3.9973 1.62186
23 4.9973 1.62337
23 4.9973 1.62337
23 4.9973 1.62337
23 7.19482 2.9319
23 7.19482 2.9319
23 7.19482 2.9319
23 7.19482 2.9319
23 7.19482 2.9319
23 7.19482 2.9319
23 7.19482 2.9319
23 7.19482 2.9319
23 7.19482 2.9319
23 9.69586 1.54508

24 0 1.5
24 0.998873 1.54745
24 1.99775 1.59491
24 2.99699 1.62628
24 3.99699 1.62502
24 4.99699 1.62375
24 4.99699 1.62375
24 4.99699 1.62375
24 7.1951 2.94564
24 7.1951 2.94564
24 7.1951 2.94564
24 7.1951 2.94564
24 7.1951 2.94564
24 7.1951 2.94564
24 7.1951 2.94564
24 15.0365 1.38159
24 7.1951 2.94564
24 7.1951 2.94564
24 9.6771 1.56736

25 0 1.5
25 0.998925 1.54636
25 1.99785 1.59272
25 2.99713 1.62273
25 3.99712 1.61956
25 4.99712 1.61638
25 4.99712 1.61638
25 4.99712 1.61638
25 7.20233 2.91466
25 9.70207 1.53974
25 9.70207 1.53974
25 10.6669 1.41692
25 10.6669 1.41692
25 11.6663 1.38267
25 12.6657 1.34876
25 13.6654 1.3236
25 14.6651 1.29844
25 14.6651 1.29844

26 0 1.5
26 0.997689 1.56795
26 1.99538 1.6359
26 2.99448 1.67292
26 3.99421 1.69643
26 3.99421 1.69643
26 4.87691 1.90725
26 7.18346 3.06703
26 7.18346 3.06703
26 9.49421 1.58357
26 9.49421 1.58357
26 9.49421 1.58357
26 10.4942 1.5826
26 11.4942 1.58163
26 12.4942 1.58004
26 13.4911 1.50191
26 13.4911 1.50191
26 13.4911 1.50191

27 0 1.5
27 0.996777 1.58022
27 1.99355 1.66045
27 2.95723 1.78981
27 2.95723 1.78981
27 2.95723 1.78981
27 5.16535 3.08424
27 7.64819 1.69338
27 7.64819 1.69338
27 7.64819 1.69338
27 8.64813 1.68253
27 9.64808 1.67168
27 10.648 1.66059
27 11.6479 1.64689
27 12.5975 1.75266

28 0 1.5
28 0.990744 1.63575
28 1.9815 1.77136
28 2.95506 1.92284
28 3.29051 2.8649
28 4.04892 3.22164
28 5.04866 3.24439
28 6.03506 3.21235
28 6.9124 2.7325
28 7.78975 2.25264
28 8.50752 2.60952
28 9.16845 3.24531
28 10.0191 2.71956

29 0 1.5
29 0.991526 1.62991
29 1.9834 1.75519
29 2.9832 1.77542
29 3.6024 2.44461
29 4.31558 2.56874
29 5.19655 2.09556
29 6.08736 1.6642
29 7.08691 1.69432
29 8.08646 1.72445
29 9.02127 1.83037
29 9.02127 1.83037
29 9.02127 1.83037
29 9.2075 2.81288
29 9.39373 3.79538
29 9.57996 4.77789
29 9.76619 5.7604
29 10.348 6.53422
29 11.0538 7.24268
29 11.6963 8.00607
29 12.2986 8.8043
29 12.72 9.70055
29 13.0596 10.6411
29 13.3956 11.583
29 13.7274 12.5263
29 14.5433 13.097
29 15.3704 13.6592
29 16.1974 14.2213
29 17.0244 14.7835
29 17.8515 15.3457
29 18.6785 15.9078
29 19.5055 16.47

30 0 1.5
30 0.940906 1.83867
30 1.88181 2.17734
30 2.80095 2.30425
30 3.65331 1.78128
30 4.50566 1.25832
30 5.39913 0.811954
30 6.30605 0.390662
30 7.24364 0.0941281
30 8.24253 0.047039
30 9.24142 -5.01559e-05
30 10.1511 0.236035
30 10.1511 0.236035
30 10.9426 0.847202
30 11.7014 1.4953
30 12.403 2.20781
30 13.1047 2.92033
30 13.7963 3.64152
30 14.3995 4.43913
30 15.0026 5.23675
30 15.6058 6.03436
30 16.209 6.83197
30 16.8121 7.62959
30 17.4671 8.38055
30 18.197 9.06413
30 18.9269 9.74771

31 0 1.5
31 0.999726 1.52339
31 0.999726 1.52339

32 0 1.5
32 0 1.5
32 0.963491 1.76774
32 3.84008 2.02994
32 6.38433 0.573498
32 7.12274 -0.10085
32 7.84285 -0.793644
32 8.52265 -1.52704
32 9.20245 -2.26043
32 9.89051 -2.98593
32 10.5933 -3.69731
32 11.2961 -4.40869
32 11.9989 -5.12007
32 12.6646 -5.86559
32 13.3172 -6.6232
32 13.9908 -7.36237

33 0 1.5
33 0.988419 1.65175
33 0.988419 1.65175
33 1.97684 1.8035
33 2.93885 2.07214
33 3.83482 2.43944
33 3.83482 2.43944
33 3.83482 2.43944
33 4.35019 3.2964
33 4.87704 4.14628
33 5.413 4.99052
33 5.413 4.99052
33 5.413 4.99052

34 0 0
34 0 0
34 0 0
34 0 0
34 0 0
34 0 0
34 0 0
34 0 0
34 0 0
34 0 0
34 0 0
34 0 0
34 0 0
34 0 0

35 0 1.5
35 0.992379 1.62323
35 1.98476 1.74645
35 2.97543 1.88111
35 3.96043 2.05365
35 4.94543 2.22619
35 5.70368 2.87726
35 5.70368 2.87726
35 6.46099 3.53032
35 7.04675 4.32291
35 7.53184 5.19737
35 8.11072 5.97461
35 9.00206 6.42795
35 9.8934 6.88128
35 10.7762 7.34547
35 11.7039 7.71866
35 12.6318 8.09095
35 13.6305 8.03874
35 14.6291 7.98653
35 15.6193 8.03421
35 16.5948 8.25394
35 17.5062 8.61909
35 18.4559 8.83405
35 19.4521 8.92086

36 0 1.5
36 0.956925 1.79034
36 1.91385 2.08067
36 2.85037 2.22741
36 3.68851 1.68196
36 4.6184 1.32492
36 5.56533 1.00432
36 6.55488 0.860141
36 7.54443 0.715962
36 8.53326 0.568794
36 9.47859 0.242676
36 10.4239 -0.0834426
36 11.374 -0.39531
36 12.3244 -0.706536
36 13.2519 -0.439943
36 14.1747 -0.0547441
36 15.0976 0.330455
36 16.0204 0.715654
36 16.9432 1.10085
36 16.9432 1.10085
36 17.2666 1.94435

37 0 1.5
37 0.995383 1.40401
37 1.95758 1.49783
37 1.95758 1.49783
37 1.95758 1.49783
37 2.86133 1.92588
37 3.66275 2.49581
37 3.66275 2.49581
37 4.35408 3.21834
37 5.04542 3.94088
37 5.04542 3.94088
37 5.04542 3.94088
37 5.04542 3.94088
37 5.04542 3.94088
37 5.04542 3.94088
37 5.04542 3.94088
37 5.04542 3.94088
37 5.04542 3.94088
37 5.04542 3.94088
37 5.04542 3.94088
37 5.04542 3.94088
37 5.04542 3.94088
37 5.04542 3.94088
37 5.04542 3.94088
37 5.04542 3.94088
37 5.04542 3.94088
37 5.04542 3.94088
37 5.04542 3.94088
37 5.04542 3.94088
37 5.04542 3.94088
37 5.04542 3.94088
37 5.04542 3.94088

38 0 1.5
38 0 1.5
38 0.966217 1.75773
38 3.85744 1.68146
38 4.83066 1.45195
38 6.71352 0.815885
38 7.61182 0.376486
38 7.61182 0.376486
38 9.2612 7.22495
38 10.6873 9.69534
38 13.2046 11.3273
38 7.61182 0.376486
38 7.61182 0.376486
38 8.47498 0.535355
38 8.47498 0.535355
38 8.47498 0.535355
38 8.47498 0.535355
38 8.47498 0.535355
38 8.47498 0.535355
38 8.47498 0.535355
38 8.47498 0.535355
38 8.47498 0.535355
38 8.47498 0.535355
38 8.47498 0.535355
38 8.47498 0.535355
38 8.47498 0.535355
38 8.47498 0.535355
38 9.31568 1.07686
38 10.1564 1.61837
38 9.94811 4.31843
38 10.1564 1.61837

39 0 1.5
39 0.99543 1.4045
39 1.99156 1.33312
39 2.45389 2.00471
39 3.04837 2.28486
39 3.9034 1.76628
39 4.75843 1.2477
39 5.73301 1.12935
39 6.73238 1.09402
39 7.29546 1.78529
39 7.79802 2.57595
39 8.79693 2.52932
39 9.79585 2.48269
39 10.6334 2.01608
39 11.4067 1.382
39 12.18 0.747911
39 12.9532 0.113827
39 13.7265 -0.520258
39 14.4998 -1.15434
39 15.3016 -1.13028
39 15.3016 -1.13028
39 16.1269 -0.565604
39 16.9522 -0.000931897
39 17.7775 0.56374
39 18.6029 1.12841
39 19.4282 1.69308

40 0 1.5
40 0.993755 1.61158
40 1.98751 1.72317
40 1.98751 1.72317
40 2.94562 2.00816
40 3.90281 2.29762
40 3.90281 2.29762
40 4.64776 2.88587
40 4.64776 2.88587
40 5.23626 3.69437
40 5.23626 3.69437
40 5.73166 4.55942
40 6.17794 5.45431
40 6.68233 6.31027

41 0 1.5
41 0 1.5
41 0 1.5
41 0.914633 1.90429
41 1.82927 2.30857
41 2.7439 2.71286
41 3.65853 3.11714
41 4.57316 3.52143
41 4.57316 3.52143

42 0 1.5
42 0.998142 1.56093
42 1.99624 1.6226
42 2.99411 1.68783
42 3.98724 1.79994
42 4.97796 1.93581
42 5.96869 2.07168
42 6.08727 3.0105
42 6.14096 4.00905
42 6.57694 4.61226
42 7.57674 4.63236
42 8.57653 4.65245
42 9.57633 4.67255
42 10.5761 4.69265
42 11.5759 4.71275
42 12.5757 4.73284
42 13.5755 4.75294

43 0 1.5
43 0.999623 1.52744
43 1.99917 1.55671

44 0 1.5
44 0.998261 1.44105
44 1.99652 1.38209
44 1.99652 1.38209
44 1.99652 1.38209
44 2.69712 1.69942
44 5.15275 2.26024
44 6.15209 2.22387
44 7.15143 2.1875
44 8.15077 2.15113
44 8.15077 2.15113
44 9.15011 2.11476
44 9.15011 2.11476
44 9.15011 2.11476
44 9.94195 2.50849
44 9.94195 2.50849
44 9.94195 2.50849
44 10.5355 3.3133
44 11.129 4.11812
44 11.5863 4.99227
44 11.5863 4.99227
44 11.8877 5.94576
44 12.1892 6.89924
44 13.0043 8.72057
44 13.4491 9.61619

45 0 1.5
45 0.996015 1.41081
45 1.96076 1.50993
45 1.96076 1.50993
45 1.96076 1.50993
45 2.87451 1.91622
45 4.73081 2.64754
45 5.69638 2.90769
45 7.6573 3.2248
45 8.65691 3.25274
45 10.6313 3.05505
45 11.6066 2.83391
45 12.5784 2.6011
45 13.5188 2.26097
45 14.4591 1.92085
45 14.4591 1.92085
45 14.4591 1.92085
45 14.4591 1.92085
45 14.4591 1.92085
45 14.4591 1.92085
45 14.4591 1.92085
45 14.4591 1.92085
45 14.4591 1.92085
45 14.4591 1.92085
45 14.4591 1.92085
45 14.4591 1.92085

46 0 1.5
46 0 1.5
46 0.983785 1.67935
46 1.96757 1.8587
46 4.40878 1.54885
46 5.28684 1.0703
46 6.1649 0.591752
46 7.04296 0.113203
46 7.04296 0.113203
46 7.98936 -0.195544
46 8.95412 -0.458684
46 8.95412 -0.458684
46 8.95412 -0.458684
46 8.95412 -0.458684
46 8.95412 -0.458684
46 9.52518 0.0357724
46 9.52518 0.0357724
46 9.52518 0.0357724
46 9.86433 0.976506
46 10.2035 1.91724
46 10.5426 2.85797
46 10.8818 3.79871
46 10.8818 3.79871
46 11.2209 4.73944
46 11.2209 4.73944
46 11.2209 4.73944
46 11.2209 4.73944

47 0 0
47 0 0
47 0 0
47 0 0
47 0 0
47 0 0
47 0 0
47 0 0
47 0 0
47 0 0
47 0 0

48 0 1.5
48 0 1.5
48 0.936613 1.85037
48 1.87323 2.20073
48 2.80984 2.5511
48 3.74645 2.90146
48 4.73136 3.06956
48 5.71857 3.22901
48 6.66559 3.53909
48 7.60103 3.89257
48 8.53648 4.24605
48 9.47192 4.59953
48 9.47192 4.59953
48 9.47192 4.59953
48 10.1964 5.25209
48 10.1964 5.25209
48 11.5228 6.7437
48 12.3014 7.37119
48 12.3014 7.37119

49 0 1.5
49 0.999771 1.52139
49 1.91979 1.36634
49 2.79801 1.54475
49 2.79801 1.54475
49 3.72498 1.91989
49 4.65195 2.29502
49 5.57892 2.67015
49 6.52457 2.90516
49 7.51745 2.786
49 8.51032 2.66684
49 9.44342 2.31379
49 10.3717 1.94191
49 11.3 1.57004
49 12.1865 1.10933
49 13.0653 0.632085
49 14.0631 0.610206
49 15.063 0.596507
49 16.0236 0.681319
49 16.7398 1.37923
49 17.46 2.07292
49 18.1863 2.76031
49 18.9126 3.44769
49 19.6389 4.13508

50 0 1.5
50 0 1.5
50 0.979049 1.70362
50 2.952 1.96437
50 3.9512 1.92439
50 4.90464 2.0787
50 4.90464 2.0787
50 4.90464 2.0787
50 5.78098 2.56039
50 6.65732 3.04208
50 7.40585 3.6943
50 7.40585 3.6943
50 8.11407 4.40029
50 8.11407 4.40029
50 8.59451 5.20493
50 8.59451 5.20493
50 9.73644 7.32373
50 10.3138 8.14024
50 10.8911 8.95676

51 0 1.5
51 0.99956 1.52965
51 1.9689 1.67178
51 1.9689 1.67178
51 2.8487 2.14713
51 3.6692 2.70155
51 4.37204 3.4129
51 5.1459 4.01436
51 6.08313 4.36306
51 7.02037 4.71176
51 7.97903 4.98878
51 8.9539 5.21153

52 0 1.5
52 0.987699 1.65637
52 1.9754 1.81273

53 0 1.5
53 0 1.5
53 0.965038 1.76211
53 3.88899 1.87965
53 4.8108 1.50951
53 5.71233 1.0768

54 0 0
54 0 0
54 0 0
54 0 0
54 0 0
54 1.37369 2.10247
54 1.37369 2.10247
54 1.37369 2.10247
54 2.28949 2.50412
54 2.28949 2.50412
54 2.28949 2.50412

55 0 1.5
55 0.999442 1.4666
55 2.9733 1.18136
55 2.9733 1.18136

56 0 1.5
56 0.994578 1.60399
56 1.98779 1.71759
56 1.98779 1.71759
56 2.95767 1.91414
56 2.95767 1.91414
56 5.1136 3.35811
56 5.1136 3.35811
56 5.1136 3.35811
56 5.1136 3.35811
56 5.1136 3.35811
56 5.1136 3.35811
56 5.1136 3.35811
56 5.1136 3.35811
56 7.57974 2.09867
56 5.1136 3.35811

57 0 1.5
57 0.990489 1.63759
57 1.98098 1.77518
57 1.98098 1.77518
57 2.88423 1.95467
57 2.88423 1.95467
57 4.72844 4.32078
57 6.70102 3.76071
57 7.88997 2.15247
57 7.88997 2.15247
57 7.88997 2.15247
57 7.88997 2.15247
57 7.88997 2.15247
57 7.88997 2.15247

58 0 1.5
58 0.994342 1.39377
58 0.994342 1.39377

59 0 1.5
59 0.953588 1.80111
59 1.90718 2.10223
59 2.86526 2.29449
59 3.83189 2.03832
59 4.79371 1.76952
59 5.68571 1.31748
59 6.57771 0.865441
59 7.33486 0.239815
59 7.99346 -0.512679
59 8.65206 -1.26517
59 9.27491 -2.04344
59 9.78073 -2.90608
59 10.2865 -3.76872
59 10.8161 -4.61643
59 11.6134 -4.57435
59 12.5167 -4.14533
59 13.42 -3.7163
59 14.3233 -3.28728
59 15.2266 -2.85825
59 16.1299 -2.42923
59 17.0332 -2.0002
59 17.7442 -2.26351
59 18.297 -3.09685
59 19.0117 -3.77943
59 19.6212 -4.55753

60 0 1.5
60 0.995821 1.59133
60 1.98894 1.68185
60 1.98894 1.68185
60 2.95094 1.9549
60 2.95094 1.9549
60 3.74615 2.45258
60 3.74615 2.45258
60 4.28577 3.29449
60 4.82066 4.13941
60 5.35457 4.98494
60 6.01935 5.72529

61 0 0
61 0 0
61 0 0
61 0 0
61 0 0
61 0 0
61 0 0
61 0 0
61 0 0
61 0 0
61 0 0
61 0 0
61 0 0
61 0 0
61 0 0
61 0 0
61 0 0
61 0 0
61 0 0
61 0 0

62 0 1.5
62 0.995805 1.5915
62 1.99133 1.66432
62 2.98391 1.54276
62 2.98391 1.54276
62 2.98391 1.54276
62 3.85155 2.00502
62 3.85155 2.00502
62 4.70743 2.52218
62 5.45256 3.17115
62 5.45256 3.17115
62 7.69672 5.01023
62 8.6538 5.30005
62 9.61271 5.58371
62 12.4814 5.7716
62 12.4814 5.7716
62 13.4304 5.45634
62 13.4304 5.45634
62 14.2081 5.69295
62 14.2081 5.69295
62 16.4701 6.74528
62 16.4701 6.74528
62 18.299 5.94954
62 18.299 5.94954

63 0 1.5
63 0.999566 1.52946
63 1.95382 1.65534
63 2.91213 1.73612
63 3.91205 1.72329
63 5.88895 1.45628
63 5.88895 1.45628
63 6.8797 1.32566
63 7.87458 1.22464
63 8.84592 1.26967
63 8.84592 1.26967
63 9.75866 1.67821
63 10.6714 2.08674
63 10.6714 2.08674
63 11.4736 2.64144
63 11.4736 2.64144
63 12.1151 3.40858
63 12.1151 3.40858
63 12.5673 4.26597
63 12.5673 4.26597
63 12.7598 5.24727
63 12.912 6.23019
63 12.912 6.23019
63 12.7984 7.22372
63 12.6849 8.21726
63 12.6849 8.21726
63 12.3372 9.12275
63 12.3372 9.12275
63 11.7681 9.945
63 11.7681 9.945

64 0 1.5
64 0.999964 1.49148
64 0.999964 1.49148
64 1.95367 1.65922
64 1.95367 1.65922
64 2.80687 2.17624
64 2.80687 2.17624
64 3.5378 2.85869
64 4.26873 3.54114
64 4.99477 4.22875
64 5.71393 4.92359
64 6.43308 5.61844
64 7.15224 6.31329
64 7.8714 7.00813
64 8.59056 7.70298
64 9.30971 8.39783
64 11.0454 9.3287

65 0 1.5
65 0.98502 1.67244
65 1.97004 1.84488
65 2.92859 1.68657
65 3.87491 1.37617
65 4.84169 1.12057
65 5.80411 0.939203
65 6.7343 1.30627
65 7.52517 1.13876
65 8.15785 0.36435
65 8.79054 -0.410059
65 9.26578 -1.26515
65 9.52492 -2.23099
65 9.78406 -3.19683
65 10.7074 -3.3328
65 11.3798 -3.73402
65 11.5173 -4.72453

66 0 1.5
66 0.998372 1.44296
66 1.98081 1.33295
66 1.98081 1.33295
66 1.98081 1.33295
66 4.14891 2.95268
66 6.43509 1.27291
66 6.43509 1.27291
66 6.43509 1.27291
66 8.06101 0.123622
66 8.91738 -0.392448
66 9.78716 -0.885903
66 10.6569 -1.37936
66 11.5841 -1.75374
66 12.512 -2.12661
66 13.4399 -2.49948
66 13.4399 -2.49948
66 13.4399 -2.49948
66 13.4399 -2.49948
66 13.4399 -2.49948
66 13.4399 -2.49948
66 13.4399 -2.49948
66 13.9895 -1.79627
66 13.9895 -1.79627
66 14.4801 -0.924872
66 14.9707 -0.0534747
66 15.4613 0.817923
66 15.9518 1.68932

67 0 1.5
67 0.995349 1.59634
67 1.9697 1.73512
67 1.9697 1.73512
67 1.9697 1.73512
67 1.9697 1.73512
67 2.65018 2.46788
67 2.65018 2.46788
67 2.65018 2.46788
67 2.65018 2.46788
67 2.65018 2.46788
67 2.65018 2.46788

68 0 0
68 0 0
68 0 0
68 0 0
68 0 0
68 0 0
68 0 1
68 0 1
68 0 1
68 0 1
68 0 1
68 0 1
68 0 1

69 0 1.5
69 0.995455 1.59524
69 1.99103 1.68892
69 2.98885 1.75502
69 3.64262 2.34596
69 4.15637 3.14525
69 5.15631 3.15651
69 6.15625 3.16776
69 6.99335 2.75486
69 7.72887 2.07736
69 8.58133 1.70116
69 9.58132 1.70508
69 10.5813 1.709

70 0 1.5
70 0.99915 1.54122
70 1.99841 1.57851
70 2.99833 1.59079
70 3.4387 2.34574
70 3.72625 3.3035
70 4.49535 3.93183
70 5.28382 4.54691
70 6.16595 4.88079
70 7.16576 4.86138
70 7.72559 4.24658
70 8.03766 3.29652
70 8.34973 2.34646
70 8.82157 1.55894
70 9.77683 1.26316
70 10.7321 0.967382
70 11.6309 0.574069
70 12.3628 -0.107284
70 13.0948 -0.788637
70 13.8369 -1.45857
70 14.5974 -2.10795
70 15.3578 -2.75733
70 16.2669 -3.15468
70 17.2032 -3.50573
70 18.1485 -3.57008
70 19.1048 -3.27772

71 0 1.5
71 0.991114 1.36699
71 1.97054 1.27581
71 1.97054 1.27581
71 1.97054 1.27581
71 1.97054 1.27581
71 2.74925 1.9032
71 3.48672 2.57525
71 4.1743 3.30137
71 4.86187 4.02748
71 4.86187 4.02748
71 4.86187 4.02748
71 4.86187 4.02748
71 4.86187 4.02748

72 0 1.5
72 0 1.5
72 0.953531 1.8013
72 3.83624 2.11108
72 3.83624 2.11108
72 5.67799 1.33419
72 7.20102 0.091191
72 7.89269 -0.631025
72 9.11015 -2.20616
72 9.65051 -3.04759
72 9.65051 -3.04759
72 9.65051 -3.04759
72 10.3264 -3.41421
72 10.3264 -3.41421
72 10.3264 -3.41421
72 10.3264 -3.41421
72 14.8422 -1.26754
72 10.3264 -3.41421
72 10.3264 -3.41421
72 10.3264 -3.41421
72 10.3264 -3.41421
72 10.3264 -3.41421
72 11.2296 -2.98488
72 12.1327 -2.55554

73 0 1.5
73 0.997166 1.57523
73 1.99309 1.66006
73 1.99309 1.66006
73 1.99309 1.66006
73 2.80406 2.13172
73 2.80406 2.13172
73 3.43365 2.90865
73 4.08334 3.6688
73 4.73538 4.42698
73 4.73538 4.42698
73 4.73538 4.42698
73 4.73538 4.42698

74 0 0
74 0 0
74 0 0
74 0 0
74 0 0
74 0 0
74 0 0
74 0 0
74 0 0
74 0 0
74 0 0
74 0 0
74 0 0
74 0 0
74 0 0
74 0 0
74 0 0
74 0 0
74 0 0
74 0 0

75 0 1.5
75 0.99997 1.49225
75 1.95606 1.32527
75 2.82748 1.63173
75 2.82748 1.63173
75 3.66268 2.17343
75 4.42053 2.82586
75 5.17837 3.4783
75 6.1058 3.75163
75 7.0973 3.88171
75 8.0927 3.95716
75 9.09263 3.96905
75 10.0925 3.97536
75 11.0916 3.93328
75 12.0907 3.89121
75 13.0892 3.84615
75 14.0175 3.47444
75 14.9459 3.10273
75 15.4995 3.82466
75 16.0049 4.68757
75 16.7776 4.63227
75 17.6671 4.17548
75 18.5567 3.71869

76 0 1.5
76 0 1.5
76 0.980819 1.69492
76 2.95657 1.8927
76 3.9563 1.91604
76 4.94849 1.96483
76 4.94849 1.96483
76 4.94849 1.96483
76 5.79962 2.48978
76 6.65076 3.01473
76 7.50649 3.53199
76 8.37196 4.03294
76 9.23744 4.53389
76 9.23744 4.53389
76 9.65658 5.16623
76 9.65658 5.16623
76 9.65658 5.16623
76 9.65658 5.16623
76 9.0264 7.73347
76 9.0264 7.73347
76 10.3896 9.19694
76 11.0048 9.98363
76 11.0048 9.98363

77 0 1.5
77 0.999891 1.48522
77 1.92902 1.69178
77 1.92902 1.69178
77 2.73488 2.28388
77 3.45491 2.97447
77 4.15166 3.69178
77 5.0351 4.12868
77 5.96568 4.49477
77 6.89627 4.86085
77 7.86714 5.09984
77 8.83865 5.33685
77 9.82551 5.48602

78 0 1.5
78 0.974831 1.72295
78 1.94966 1.94589
78 2.8429 1.84955
78 3.64295 1.77057
78 4.44004 2.02454
78 5.01205 1.20429
78 5.58406 0.384051
78 6.40257 0.519102
78 7.29782 0.572957
78 8.19018 0.121634
78 8.9699 -0.368238
78 8.54115 -1.27166
78 9.11524 -1.89328
78 9.95181 -2.44114
78 10.7517 -2.65218
78 11.4508 -1.93715
78 12.3033 -2.21139
78 13.1861 -2.68115
78 13.7555 -3.35098
78 13.8101 -4.34948
78 13.8648 -5.34799

79 0 1.5
79 0.995643 1.59324
79 1.99129 1.68649
79 2.97564 1.51466
79 3.96786 1.41177
79 4.96714 1.3739
79 5.96642 1.33603
79 6.22459 2.24335
79 6.42617 3.22283
79 6.62776 4.2023
79 6.82935 5.18177
79 7.16831 6.10306
79 7.75962 6.89705

80 0 0
80 0 0
80 0 0
80 0 0
80 0 0
80 0 0
80 0 0
80 0 0
80 0 0
80 0 0
80 0 0

81 0 1.5
81 0.993219 1.61626
81 1.98631 1.73355
81 2.97719 1.86828
81 3.96807 2.00302
81 3.96807 2.00302
81 4.95174 2.17991
81 5.93101 2.38247
81 6.91028 2.58503
81 6.91028 2.58503
81 6.91028 2.58503
81 6.91028 2.58503
81 6.91028 2.58503
81 6.91028 2.58503
81 6.91028 2.58503
81 6.91028 2.58503
81 7.07741 3.39989
81 7.07741 3.39989
81 7.07741 3.39989
81 7.07741 3.39989
81 7.00268 4.39709
81 7.00268 4.39709
81 7.00268 4.39709
81 7.00268 4.39709
81 7.00268 4.39709
81 7.00268 4.39709

82 0 1.5
82 0.999998 1.50215
82 1.92152 1.66576
82 2.62073 2.38068
82 3.39906 2.83367
82 4.31416 2.46156
82 5.17997 1.96118
82 6.04312 1.47356
82 6.63864 2.2769
82 7.42295 2.31974
82 8.32503 1.88816
82 9.19551 1.55815
82 9.69357 2.4253
82 10.5048 2.30752
82 11.4121 1.8872
82 12.3195 1.46688
82 12.3195 1.46688
82 12.8738 2.26948
82 13.4176 3.10874
82 13.9613 3.948
82 14.5326 4.75845
82 15.394 5.26651
82 16.2553 5.77456
82 17.1166 6.28262
82 17.1686 7.25296
82 17.9784 7.75162
82 18.8735 8.19751
82 19.7686 8.6434

83 0 1.5
83 0.99831 1.55812
83 1.99662 1.61623
83 1.99662 1.61623
83 3.95231 1.39774
83 4.90719 1.10077
83 5.87916 0.93386
83 5.87916 0.93386
83 6.87834 0.974243
83 7.87753 1.01463
83 7.87753 1.01463
83 7.87753 1.01463
83 8.71931 1.49953
83 9.52126 2.09692
83 10.254 2.76144
83 10.254 2.76144
83 10.8274 3.58078
83 11.4007 4.40011
83 11.9452 5.23708
83 11.9452 5.23708
83 12.4148 6.11996
83 12.8844 7.00285
83 13.3002 7.90667
83 13.5514 8.87463
83 15.0106 11.2489

84 0 1.5
84 0.998662 1.55171
84 1.98703 1.65746
84 2.93479 1.97645
84 3.9044 2.17947
84 4.90326 2.22732
84 5.90211 2.27517
84 6.88535 2.12335
84 7.86463 1.92083
84 8.84004 1.70652
84 9.74855 1.28866
84 10.6571 0.870799
84 11.5539 0.4325
84 12.3736 -0.140261
84 13.1933 -0.713022
84 13.8865 -1.39501
84 14.3333 -2.28964
84 14.7801 -3.18426
84 15.2269 -4.07889
84 15.6737 -4.97352
84 16.1205 -5.86814
84 16.5674 -6.76277
84 17.3129 -7.40318
84 18.1245 -7.98736
84 18.9362 -8.57155

85 0 1.5
85 0.989122 1.6471
85 2.83464 1.42617
85 3.8118 1.21367
85 4.78896 1.00117
85 5.77072 0.8155
85 5.77072 0.8155
85 6.76288 0.690529
85 6.76288 0.690529
85 7.74231 0.638312
85 7.74231 0.638312
85 8.63307 1.09278
85 8.63307 1.09278
85 9.52383 1.54726
85 10.4146 2.00173
85 10.4146 2.00173
85 10.4146 2.00173
85 10.4146 2.00173
85 10.4146 2.00173
85 10.4146 2.00173
85 10.2727 2.85623
85 9.92051 3.79217
85 9.56835 4.72811
85 9.21619 5.66405
85 9.21619 5.66405
85 8.86403 6.59999
85 8.86403 6.59999

86 0 0
86 0 0
86 0 0
86 0 0
86 0 0
86 0 0
86 0 0
86 0 0
86 0 0
86 0 0
86 0 0
86 0 0

87 0 1.5
87 0 1.5
87 0.94075 1.8391
87 1.8815 2.1782
87 3.79487 2.29781
87 4.7896 2.4003
87 5.78434 2.50278
87 6.76012 2.69715
87 6.76012 2.69715
87 7.71426 2.99654
87 8.64747 3.33099
87 8.64747 3.33099
87 8.64747 3.33099
87 9.36435 4.02819
87 10.0812 4.72539
87 10.6393 5.52942
87 10.6393 5.52942
87 11.0146 6.45629
87 13.0637 8.42101
87 13.9375 8.90723
87 16.771 9.66635
87 16.771 9.66635
87 17.747 9.83823
87 18.6803 10.1973
87 19.6136 10.5563

88 0 1.5
88 0 1.5

89 0 1.5
89 0.999585 1.47121
89 1.9784 1.57002
89 1.9784 1.57002
89 2.91726 1.91432
89 2.91726 1.91432
89 3.74963 2.44232
89 3.74963 2.44232
89 4.51495 3.08597
89 4.51495 3.08597
89 5.09688 3.88087
89 5.58313 4.75469
89 5.58313 4.75469
89 5.58313 4.75469
89 5.58313 4.75469
89 5.58313 4.75469

90 0 1.5
90 0 1.5
90 0.923426 1.88378
90 1.84685 2.26755
90 4.66632 2.16728
90 5.64825 1.97802
90 6.61912 1.74252
90 8.49511 1.0821
90 9.35959 0.579447
90 9.35959 0.579447
90 9.35959 0.579447
90 9.35959 0.579447
90 9.35959 0.579447

91 0 1.5
91 0.999504 1.5315
91 1.99565 1.51843
91 2.9791 1.33729
91 3.96291 1.15807
91 4.94772 0.984469
91 5.93254 0.810866
91 5.93254 0.810866
91 5.93254 0.810866
91 8.06735 1.97329
91 16.1169 -4.09383
91 8.06735 1.97329

92 0 1.5
92 0.999755 1.47787
92 1.98674 1.44639
92 1.98674 1.44639
92 2.93592 1.76114
92 3.88509 2.07588
92 3.88509 2.07588
92 3.88509 2.07588
92 4.57283 2.75225
92 5.16927 3.55491
92 5.16927 3.55491
92 5.50947 4.48763
92 5.50947 4.48763
92 5.80526 5.44288

93 0 0
93 0 0
93 0 1
93 0.475475 1.65467
93 1.42642 1.96402
93 2.37737 2.27336
93 3.32832 2.58271
93 4.27927 2.89206
93 5.23022 3.2014

94 0 1.5
94 0 1.5
94 0.984063 1.67782
94 2.95481 2.01818
94 3.94184 2.17875
94 3.94184 2.17875
94 4.83115 2.4319
94 4.83115 2.4319
94 4.83115 2.4319
94 5.70165 4.78984
94 4.83115 2.4319
94 8.70092 4.72405
94 11.5063 4.02037
94 11.5063 4.02037
94 11.5063 4.02037
94 11.5063 4.02037
94 12.3493 3.48639
94 12.3493 3.48639
94 13.2098 3.99587
94 13.2098 3.99587
94 14.0703 4.50535

95 0 1.5
95 0.998059 1.43773
95 1.99636 1.4204
95 1.99636 1.4204
95 3.94556 2.35356
95 3.94556 2.35356
95 5.69134 1.50105
95 5.69134 1.50105
95 5.69134 1.50105
95 6.16207 2.38333
95 8.80487 1.3896
95 8.80487 1.3896
95 9.80484 1.39782
95 10.8048 1.40604
95 10.8048 1.40604
95 10.8048 1.40604
95 10.8048 1.40604

96 0 1.5
96 0.993012 1.61801
96 2.85588 1.33525
96 2.85588 1.33525
96 2.85588 1.33525
96 3.84321 1.49389
96 4.83055 1.65252
96 4.83055 1.65252
96 5.69489 2.06502
96 5.69489 2.06502
96 6.43129 2.74156
96 7.1677 3.4181
96 7.1677 3.4181
96 7.65286 4.28732
96 8.11527 5.17399
96 8.57767 6.06066
96 8.57767 6.06066
96 8.85214 7.02194
96 10.3019 9.50534
96 11.0585 10.1592

97 0 1.5
97 0.966027 1.75844
97 1.93205 2.01688
97 2.91377 2.1915
97 3.9068 2.25196
97 4.89513 2.09957
97 5.88345 1.94719
97 6.84654 1.70917
97 7.7596 1.30136
97 8.67267 0.89355
97 9.54682 0.415439
97 10.3771 -0.141935
97 11.2073 -0.69931
97 11.7749 -1.4917
97 12.2366 -2.37873
97 12.6983 -3.26577
97 13.3682 -3.95005
97 14.2426 -4.43542
97 15.1169 -4.92078
97 15.9912 -5.40615
97 15.9652 -6.28409
97 15.7258 -7.25503
97 15.4865 -8.22597
97 15.2935 -9.18847
97 15.8597 -10.0127
97 16.4259 -10.837

98 0 1.5
98 0 1.5
98 0.98127 1.69264
98 2.94386 2.03406
98 3.9406 2.11472
98 3.9406 2.11472
98 4.8989 2.38178
98 5.84621 2.7021
98 5.84621 2.7021
98 5.84621 2.7021
98 6.48888 3.36278
98 6.48888 3.36278
98 6.86742 4.27878
98 6.86742 4.27878
98 8.29356 7.2891
98 8.29356 7.2891

99 0 0
99 0 0
99 0 0
99 0 0
99 0 0
99 0 0
99 0 0
99 0 0
99 0 0
99 0 0
99 0 0
99 0 0

100 0 1.5
100 0.991631 1.6291
100 1.98326 1.7582
100 2.97369 1.89534
100 3.95976 2.06166
100 4.94584 2.22799
100 5.72385 2.84594
100 5.72385 2.84594
100 6.49107 3.48732
100 7.10921 4.25453
100 7.61259 5.1186
100 8.14449 5.95223
100 9.03946 6.39834
100 9.93444 6.84445
100 10.8633 7.21127
100 11.8045 7.54912
100 12.5678 8.05716
100 13.3975 8.44595
100 14.3686 8.68471
100 15.3396 8.92348
100 16.2294 8.81193
100 16.9962 8.16997
100 17.8644 8.36719
100 18.7621 8.80782
100 19.6598 9.24845

101 0 1.5
101 0 1.5
101 0.982323 1.68719
101 2.95001 1.77913
101 3.94985 1.79682
101 4.9497 1.81451
101 6.93161 1.5986
101 6.93161 1.5986
101 7.92216 1.46402
101 8.91656 1.35841
101 9.90331 1.30337
101 9.90331 1.30337
101 10.8218 1.69883
101 11.7403 2.0943
101 11.7403 2.0943
101 12.6061 2.56009
101 12.6061 2.56009
101 13.2443 3.32992
101 13.2443 3.32992
101 13.7877 4.14692
101 13.7877 4.14692
101 14.0162 5.12046
101 14.2447 6.094
101 14.2447 6.094
101 14.1915 7.08762
101 14.3993 9.02081

102 0.972708 1.26797
102 0.972708 1.26797
102 0.972708 1.26797
102 1.89911 1.38605
102 1.89911 1.38605
102 2.77805 1.86298
102 2.77805 1.86298
102 3.5821 2.4361
102 4.25993 3.17132
102 4.93776 3.90654
102 4.93776 3.90654
102 4.93776 3.90654
102 4.93776 3.90654
102 4.93776 3.90654
102 4.93776 3.90654
102 4.93776 3.90654
102 4.93776 3.90654
102 4.93776 3.90654
102 4.93776 3.90654
102 4.93776 3.90654
102 4.93776 3.90654
102 4.93776 3.90654
102 4.93776 3.90654
102 4.93776 3.90654
102 4.93776 3.90654
102 4.93776 3.90654

103 0 1.5
103 0.978503 1.70623
103 1.95701 1.91247
103 2.86861 2.02895
103 3.81525 1.70667
103 4.7619 1.38439
103 5.69944 1.30536
103 6.61936 1.69747

104 0 1.5
104 0.996559 1.58289
104 1.95516 1.7466
104 2.65525 2.46065
104 3.39121 3.10008
104 4.3773 3.26139
104 5.3674 3.39807
104 6.36056 3.51483
104 7.27453 3.49978

105 0 0
105 0 0
105 0 0
105 0 0
105 1.49939 1.5426
105 2.27504 2.0474
105 2.27504 2.0474
105 2.27504 2.0474
105 2.27504 2.0474
105 2.27504 2.0474
105 2.27504 2.0474

106 0 0
106 0 1

107 0 1.5
107 0 1.5
107 0 1.5
107 0 1.5
107 0 1.5
107 0 1.5
107 0 1.5
107 0 1.5
107 0 1.5
107 0 1.5
107 0 1.5
107 0 1.5
107 0 1.5
107 0 1.5
107 0 1.5
107 0 1.5

108 0 1.5
108 0.669265 0.756976
108 1.33853 0.0139524

109 0 1.5
109 0.721688 0.807782
109 1.44338 0.115563

110 0 1.5
110 0 1.5
110 0 1.5
110 0 1.5
110 0 1.5
110 0 1.5
110 0 1.5
110 0 1.5
110 0 1.5

111 0 1.5
111 0 1.5
111 0.965239 1.76137
