
1 0 0
1 0.999464 0.0279161
1 2.7286 0.603207

2 0 0
2 0.999466 0.0277816
2 1.99893 0.0555632
2 2.99854 0.0699921
2 4.87604 0.235348
2 5.37603 0.234567

3 0 0
3 0.999855 0.0125981
3 1.99971 0.0251962
3 2.99956 0.0377942
3 3.99942 0.0503923
3 4.99896 0.0452438
3 5.27429 0.425863
3 6.09682 0.699232
3 7.09536 0.648944
3 8.09412 0.602446
3 8.96466 0.245543
3 9.83441 -0.114405
3 10.3108 -0.187035
3 11.31 -0.226831
3 12.8087 -0.286711
3 13.8083 -0.31603
3 14.8078 -0.345346
3 15.0616 0.0144701
3 15.9536 0.195634
3 16.9522 0.238055
3 17.4508 0.275489
3 17.9494 0.312923

4 0 0
4 0.999464 0.0279161
4 1.99893 0.0558322
4 2.99854 0.0707006
4 3.99843 0.0611833
4 4.99822 0.0477175
4 5.49775 0.0283448
4 5.99608 -0.012405
4 7.59316 0.594254
4 8.84409 -0.0873569
4 9.34365 -0.108417
4 9.84316 -0.130374
4 10.3426 -0.153493
4 11.2909 -0.0621172
4 13.1441 0.0700291
4 13.6437 0.0498815
4 14.1433 0.0297339
4 14.3491 0.379952
4 14.4431 0.871022

5 0 0
5 0.999501 0.0265531
5 1.999 0.0531061
5 2.99865 0.0673244
5 3.99857 0.0585546
5 4.99841 0.0459037
5 5.27212 0.432522
5 6.09914 0.704227
5 7.09727 0.648482
5 8.09573 0.597931
5 8.96563 0.23868
5 9.8354 -0.120678
5 10.3124 -0.193833
5 11.3115 -0.234072
5 12.8103 -0.295527
5 13.8095 -0.333747
5 14.8088 -0.371968
5 15.0635 0.0525915
5 16.0027 0.182382
5 17.0015 0.224607
5 17.5003 0.258887
5 17.9991 0.293167

6 0 0
6 0.999471 0.0272336
6 1.99894 0.0544673
6 2.99855 0.068348
6 3.99844 0.0569285
6 4.99821 0.0411458
6 5.4978 0.0224479
6 5.99641 -0.0147326
6 7.599 0.609185
6 8.09844 0.585549
6 8.59795 0.563364
6 9.09753 0.543049
6 9.59712 0.522734
6 9.72926 0.907918
6 9.7581 1.40708
6 9.78695 1.90625
6 11.0288 1.21941

7 0 0
7 0.999506 0.0260051
7 1.99901 0.0520102
7 2.99866 0.0666584
7 3.9986 0.060133
7 4.99833 0.0456829
7 5.49789 0.0259233
7 5.9965 -0.0112571
7 7.59722 0.612941
7 8.83948 -0.076373
7 9.33892 -0.100009
7 9.83837 -0.123419
7 10.784 -0.0422953
7 11.2834 -0.0654139
7 13.1471 0.091902
7 13.6467 0.0717544
7 14.1463 0.0516069
7 14.3632 0.39985
7 14.4729 0.887652
7 14.5827 1.37545

8 0 0
8 0.9995 0.0271014
8 1.999 0.0542027
8 2.99864 0.0681722
8 3.99854 0.0583977
8 4.9982 0.0403485
8 5.49778 0.0201108
8 5.99682 -0.0107932
8 7.5985 0.607046
8 8.85036 -0.0798603
8 9.34972 -0.105154
8 9.84902 -0.131624
8 10.3483 -0.159179
8 11.2976 -0.0648655
8 13.1605 0.0779936
8 13.6602 0.0607412
8 14.1004 -0.176338
8 14.6001 -0.19359
8 15.1 -0.195108
8 15.6 -0.19067

9 0 0
9 0.499978 0.00473284
9 0.999955 0.00946568
9 1.49993 0.0103657
9 1.99989 0.00440923
9 2.4998 -0.00509565

10 0 0
10 0.999406 0.0318756
10 1.99881 0.0637513
10 2.99831 0.0778777
10 3.99802 0.0616665
10 4.99784 0.0491563
10 5.49745 0.0319691
10 5.99581 -0.00841631
10 7.5923 0.606154
10 8.84317 -0.0831382
10 9.34262 -0.106525
10 9.84208 -0.129795
10 10.3415 -0.152914
10 11.2896 -0.0624276
10 13.153 0.088314
10 13.6526 0.0681664
10 14.1522 0.0480188
10 14.3697 0.395428
10 14.4795 0.88323
10 14.5893 1.37103

11 0 0
11 0.999471 0.0272336
11 1.99894 0.0544673
11 2.99857 0.0695753
11 3.99852 0.0615787
11 4.99821 0.0433984
11 5.49772 0.0224534
11 5.99634 -0.014727
11 7.59485 0.600291
11 8.8474 -0.0860646
11 9.34684 -0.109701
11 10.3288 -0.194399
11 10.8283 -0.217518
11 11.8274 -0.257758
11 12.8267 -0.295926
11 13.8261 -0.328653
11 14.8256 -0.36138
11 15.0311 -0.0108533

12 0 0
12 0.985425 0.140275
12 1.9711 0.265789
12 2.96038 0.179068
12 3.94999 0.076908
12 4.94825 0.0499708
12 5.44796 0.0350856
12 5.94618 -0.00704504
12 7.54531 0.608164
12 8.7955 -0.082871
12 9.29479 -0.109488
12 10.2761 -0.195236
12 10.7757 -0.216185
12 11.775 -0.251804
12 12.7744 -0.287022
12 13.7737 -0.322864
12 14.7731 -0.358707
12 15.0293 -0.061966

13 0 0
13 0.999506 0.0260051
13 1.99901 0.0520102
13 2.99866 0.0666584
13 3.9986 0.060133
13 4.99833 0.0456829
13 5.49786 0.025604
13 5.99632 -0.0136486
13 7.59306 0.606737
13 8.83637 -0.077878
13 9.33593 -0.0989377
13 10.3125 -0.194976
13 10.8119 -0.220689
13 11.8109 -0.263522
13 12.8102 -0.300592
13 13.8098 -0.327414
13 14.8095 -0.354236
13 15.0151 -0.00199352

14 0 0
14 0.999476 0.0266857
14 1.99895 0.0533714
14 2.99858 0.0678231
14 3.99852 0.0589772
14 4.99836 0.0458281
14 5.27688 0.429567
14 6.10006 0.711066
14 7.098 0.649905
14 8.09622 0.593032
14 8.96704 0.234866
14 9.83789 -0.122158
14 10.8155 -0.213601
14 11.8148 -0.251424
14 12.814 -0.290331
14 13.8134 -0.325372
14 14.8127 -0.360414
14 15.2958 -0.248764
14 15.7745 -0.104286
14 16.2531 0.0401909
14 16.7318 0.184668

15 0 0
15 0.999413 0.0280464
15 1.99883 0.0560928
15 2.99841 0.0719219
15 3.99837 0.063328
15 4.99805 0.043381
15 5.49757 0.0225764
15 5.99601 -0.0168252
15 7.59823 0.599049
15 8.84984 -0.091663
15 9.34951 -0.109847
15 10.3324 -0.190106
15 10.8318 -0.215094
15 11.8309 -0.257203
15 12.8301 -0.295852
15 13.8296 -0.324914
15 14.8291 -0.353976
15 15.0348 -0.00360213

16 0 0
16 0.999471 0.0272336
16 1.99894 0.0544673
16 2.99856 0.0695283
16 3.99849 0.0614937
16 4.99828 0.0478684
16 5.49779 0.0283409
16 5.99613 -0.0124089
16 7.59548 0.600226
16 8.84569 -0.0895354
16 9.3451 -0.113776
16 10.3265 -0.199441
16 10.8261 -0.22039
16 11.8253 -0.25846
16 12.8246 -0.295869
16 13.8241 -0.328596
16 14.8235 -0.361323
16 15.0294 -0.0110964

17 0 0
17 0.999501 0.0265531
17 1.999 0.0531061
17 2.99863 0.0666606
17 3.99852 0.0560396
17 4.99839 0.0446977
17 5.49795 0.0275405
17 5.99615 -0.0148479
17 7.59459 0.603957
17 8.83751 -0.0783148
17 9.3372 -0.0959459
17 9.83672 -0.117465
17 10.7819 -0.0402295
17 11.2813 -0.0653559
17 13.1351 0.0752948
17 13.6347 0.0551472
17 14.1343 0.0349996
17 14.3402 0.385041
17 14.4343 0.876111

18 0 0
18 0.999476 0.0266857
18 1.99895 0.0533714
18 2.99858 0.0678231
18 3.99852 0.0589772
18 4.99831 0.0441309
18 5.49783 0.0247536
18 5.99617 -0.0159963
18 7.59554 0.603106
18 8.84572 -0.0879291
18 9.34539 -0.106113
18 10.3268 -0.189913
18 10.8262 -0.214901
18 11.8253 -0.25701
18 12.8245 -0.295867
18 13.824 -0.328594
18 14.8234 -0.361321
18 15.0292 -0.0110591

19 0 0
19 0.999477 0.0270995
19 1.99895 0.0541989
19 2.99858 0.0685756
19 3.99851 0.0592137
19 4.99834 0.0459707
19 5.49791 0.028013
19 5.99629 -0.0121942
19 7.59664 0.613987
19 8.84138 -0.0738186
19 9.34083 -0.0972057
19 9.84029 -0.120476
19 10.7872 -0.036944
19 11.2867 -0.0600625
19 13.1516 0.091197
19 13.6513 0.0739125
19 14.151 0.056628
19 14.3567 0.407957
19 14.451 0.898986
19 14.5453 1.39002

20 0 0
20 0.999501 0.0265531
20 1.999 0.0531061
20 2.99865 0.0673244
20 3.99857 0.0585546
20 4.99835 0.0439468
20 5.49791 0.0249772
20 5.99623 -0.0159508
20 7.59747 0.597492
20 8.8473 -0.0900784
20 9.34685 -0.111138
20 10.3288 -0.194396
20 10.8283 -0.217515
20 11.8274 -0.257755
20 12.8267 -0.295977
20 13.8261 -0.330231
20 14.8219 -0.357913
20 15.0388 -0.00996774

21 0 0
21 0.999471 0.0272336
21 1.99894 0.0544673
21 2.99856 0.0690117
21 3.99849 0.0594435
21 4.99821 0.0421277
21 5.49776 0.0223909
21 5.99621 -0.0170107
21 7.59566 0.603243
21 8.84584 -0.0877924
21 9.34553 -0.105423
21 10.327 -0.189593
21 10.8263 -0.214719
21 11.8254 -0.256966
21 12.8246 -0.295871
21 13.8241 -0.328598
21 14.8235 -0.361325
21 15.0292 -0.0109512

22 0 0
22 0.999458 0.028464
22 1.99892 0.056928
22 2.99852 0.0719291
22 3.99843 0.0617026
22 4.99798 0.0397103
22 5.49744 0.0167383
22 5.99629 -0.0170659
22 7.59506 0.60291
22 8.09451 0.579274
22 8.59401 0.557089
22 9.0936 0.536774
22 9.59318 0.516459
22 9.72528 0.901689
22 9.75412 1.40086
22 14.1929 0.771104
22 9.78297 1.90002
22 9.81181 2.39919
22 11.0648 1.71506

23 0 0
23 0.999471 0.0272336
23 1.99894 0.0544673
23 2.99855 0.0688645
23 3.99844 0.0589788
23 4.99826 0.0464058
23 5.49784 0.0286497
23 5.99617 -0.0122783
23 7.59352 0.605306
23 8.09294 0.581065
23 8.59244 0.559042
23 9.09212 0.541106
23 9.5918 0.52317
23 9.72428 0.908518
23 9.75312 1.40769
23 9.78197 1.90685
23 9.81081 2.40602
23 11.0613 1.71261

24 0 0
24 0.999414 0.0284603
24 1.99883 0.0569205
24 2.99842 0.0730563
24 3.99837 0.0652064
24 4.99817 0.0507972
24 5.49771 0.0317689
24 5.99607 -0.00867548
24 7.59377 0.616099
24 8.09306 0.589482
24 8.59249 0.565918
24 9.09217 0.547982
24 9.59185 0.530046
24 9.72442 0.915296
24 9.75326 1.41446
24 13.6739 0.632439
24 9.78211 1.91363
24 9.81095 2.4128
24 11.052 1.72366

25 0 0
25 0.99944 0.0279141
25 1.99888 0.0558281
25 2.99849 0.07128
25 3.99843 0.0624769
25 4.99818 0.0454049
25 5.4977 0.0252203
25 5.99619 -0.0135364
25 7.59759 0.601521
25 8.84746 -0.0859397
25 9.3469 -0.109576
25 10.3287 -0.194396
25 10.8282 -0.217514
25 11.8274 -0.257754
25 12.8266 -0.295922
25 13.8261 -0.328649
25 14.8255 -0.361376
25 15.0314 -0.0110221

26 0 0
26 0.998485 0.0529409
26 1.99697 0.105882
26 2.99636 0.125258
26 3.99616 0.129151
26 4.4961 0.121194
26 5.43703 0.208988
26 7.08943 0.759379
26 7.58892 0.738961
26 8.74429 -0.00276956
26 9.24419 -0.0128856
26 9.744 -0.0266724
26 10.244 -0.0271586
26 11.2438 -0.0425868
26 12.2435 -0.0578201
26 13.242 -0.101679
26 13.742 -0.106474
26 14.0033 0.157269

27 0 0
27 0.997477 0.070288
27 1.99504 0.137261
27 2.97684 0.196177
27 3.47663 0.184813
27 3.97598 0.159357
27 5.5795 0.783301
27 6.82092 0.0878677
27 7.32051 0.0676558
27 7.82029 0.0556078
27 8.82025 0.0474731
27 9.82021 0.0393226
27 10.8201 0.0263821
27 11.82 0.0121351
27 12.7643 0.0905971

28 0 0
28 0.992549 0.12093
28 1.98625 0.223649
28 2.97293 0.30935
28 3.14066 0.780378
28 4.01977 0.968462
28 5.01954 0.989555
28 6.01261 0.984784
28 6.95112 0.757669
28 7.88963 0.530553
28 9.74777 0.756088
28 10.0782 1.07398
28 10.5036 0.811112

29 0 0
29 0.995316 0.0861027
29 1.99079 0.151762
29 2.99022 0.140064
29 3.29982 0.474662
29 4.15613 0.520003
29 5.09635 0.267469
29 6.04153 0.0367217
29 7.04114 0.0390501
29 8.04075 0.0413786
29 9.00537 0.0610384
29 11.2703 -0.94146
29 12.4082 -1.91404
29 9.09849 0.552292
29 9.1916 1.04354
29 9.28472 1.5348
29 9.37783 2.02605
29 9.66876 2.41296
29 10.0216 2.76719
29 10.3429 3.14889
29 11.131 3.4347
29 11.3418 3.88282
29 11.5115 4.35311
29 11.6795 4.82405
29 11.8454 5.29571
29 12.2534 5.58106
29 12.6669 5.86214
29 13.5531 5.99308
29 13.9666 6.27416
29 14.3801 6.55524
29 14.7936 6.83632
29 15.2071 7.1174

30 0 0
30 1.40907 0.290761
30 1.87953 0.460095
30 2.3391 0.523552
30 2.76527 0.262068
30 3.62383 -0.250502
30 4.51612 -0.699083
30 5.42587 -1.11418
30 6.82263 -1.63259
30 7.79437 -1.82025
30 9.28791 -1.91126
30 11.1402 -1.45981
30 11.5259 -1.14163
30 12.2883 -0.498126
30 12.9994 0.200056
30 13.9808 1.32951
30 14.6035 2.10543
30 15.2211 2.88569
30 15.5227 3.2845
30 16.1848 4.00647
30 17.2312 5.58254
30 17.6738 6.46104
30 17.9754 6.85985
30 18.3029 7.23533
30 18.6679 7.57712
30 19.0328 7.91891

31 0 0
31 0.991368 -0.0800827
31 1.48287 -0.171862

32 0 0
32 0.490118 0.0989163
32 1.45406 0.227002
32 3.36201 0.186565
32 5.10379 -0.713194
32 5.9197 -1.25778
32 6.63246 -1.95857
32 7.28043 -2.71785
32 7.91737 -3.4867
32 8.5759 -4.23814
32 9.24181 -4.98253
32 9.9008 -5.73242
32 10.5533 -6.48478
32 11.346 -7.05403
32 12.132 -7.62933
32 12.9286 -8.19542

33 0 0
33 0.991789 0.0267315
33 1.48937 -0.0224118
33 2.46714 0.168813
33 3.42625 0.448141
33 4.34335 0.804819
33 4.73902 1.10731
33 5.12828 1.42112
33 5.68064 2.24843
33 6.2106 3.09591
33 6.66547 3.98179
33 6.84561 4.44761
33 6.94884 4.93683

34 0 -0.75
34 0.482997 -0.879282
34 0.965994 -1.00856
34 1.42817 -0.928894
34 1.8601 -0.67704
34 2.25921 -0.381871
34 2.61849 -0.0341297
34 2.86899 0.383471
34 3.0358 0.854824
34 3.2138 1.32181
34 3.41015 1.78165
34 3.60649 2.24148
34 3.78009 2.71035
34 3.95272 3.17961

35 0 0
35 0.990845 0.134523
35 1.98478 0.22116
35 2.97994 0.275485
35 3.97229 0.349326
35 4.96468 0.42493
35 6.72336 1.18372
35 7.26746 2.02267
35 7.90854 2.7748
35 8.20141 3.17109
35 8.75135 3.99772
35 9.40057 4.73355
35 9.84624 4.96022
35 10.2919 5.18689
35 11.2103 5.5374
35 12.1661 5.81298
35 13.1221 6.08812
35 13.6214 6.06202
35 14.6171 6.09211
35 15.6104 6.15802
35 17.0739 6.45627
35 18.006 6.79069
35 18.9411 6.96195
35 19.4392 7.00535

36 0.48712 0.112755
36 0.965583 0.257923
36 1.89361 0.362981
36 2.36187 0.436353
36 2.78094 0.163624
36 4.17414 -0.370255
36 5.12901 -0.663983
36 6.10933 -0.855433
36 7.0929 -1.03148
36 8.07969 -1.19204
36 9.04635 -1.43173
36 10.0144 -1.66261
36 10.9839 -1.89213
36 12.4482 -2.16845
36 13.412 -2.04238
36 14.3733 -1.857
36 15.802 -1.48445
36 17.5422 -0.558473
36 18.0036 -0.365874
36 18.4488 0.990353
36 18.5801 1.91118

37 0 0
37 0.980947 -0.176304
37 1.9453 -0.257708
37 2.44081 -0.284827
37 2.93427 -0.24543
37 3.84599 0.164916
37 4.70655 0.646204
37 5.05718 0.992559
37 5.73098 1.73109
37 6.35138 2.50757
37 6.59966 2.94157
37 6.75365 3.41164
37 6.85845 3.90053
37 6.96325 4.38943
37 7.06805 4.87832
37 7.15859 5.3696
37 7.30882 5.84191
37 7.50408 6.30221
37 7.69934 6.76251
37 8.01907 7.13465
37 8.38847 7.47161
37 8.75787 7.80857
37 9.12728 8.14553
37 9.49668 8.48249
37 9.86608 8.81945
37 10.2365 9.15527
37 10.608 9.48997
37 10.9794 9.82467
37 11.3509 10.1594
37 11.7223 10.4941
37 12.0938 10.8288
37 12.4652 11.1635

38 0 0
38 0.499991 0.00306746
38 1.47258 0.0873716
38 3.40609 -0.0601223
38 4.38154 -0.279566
38 5.81488 -0.687219
38 6.74887 -1.02832
38 7.23247 -1.15533
38 8.05716 2.26891
38 8.77021 3.5041
38 10.0289 4.32009
38 7.6484 -1.43208
38 8.05502 -1.71993
38 8.79156 -2.03673
38 9.05763 -2.45938
38 9.30161 -2.89457
38 9.47167 -3.36476
38 9.68047 -3.81829
38 9.90469 -4.2652
38 10.1289 -4.71211
38 10.3878 -5.13611
38 10.7111 -5.51747
38 11.0345 -5.89883
38 11.3579 -6.28018
38 11.79 -6.0658
38 12.2272 -5.82324
38 12.6644 -5.58067
38 13.522 -5.06736
38 14.3795 -4.55404
38 14.2754 -3.20401
38 14.8168 -4.31148

39 0 0
39 0.991704 -0.125046
39 2.45574 -0.157794
39 2.68691 0.178003
39 2.98415 0.318079
39 3.91144 0.0441102
39 4.83868 -0.230622
39 5.32597 -0.289794
39 6.32072 -0.377571
39 7.09731 -0.102046
39 7.34859 0.293283
39 8.34006 0.181427
39 9.33081 0.0652001
39 10.2357 -0.279472
39 10.6223 -0.596514
39 11.4757 -1.09286
39 12.329 -1.58921
39 12.7157 -1.90625
39 13.5281 -2.4764
39 15.1346 -3.35669
39 16.114 -2.44033
39 16.5267 -2.15799
39 16.9393 -1.87566
39 17.352 -1.59332
39 17.7646 -1.31099
39 18.1773 -1.02865

40 0 0
40 0.996438 0.0767487
40 1.98505 0.204697
40 2.47565 0.292684
40 3.45206 0.486571
40 4.41373 0.737633
40 4.87322 0.934798
40 5.70518 1.42609
40 6.10597 1.72217
40 6.79345 2.43523
40 7.03888 2.85406
40 7.46953 3.75191
40 7.84121 4.67332
40 8.1517 5.59788

41 0 0
41 0.483145 -0.128726
41 0.966291 -0.257452
41 1.82205 -0.195958
41 2.69171 0.288979
41 3.52079 0.822864
41 4.33243 1.37778
41 5.06749 1.98769
41 5.2884 2.43624

42 0 0
42 0.998966 0.040695
42 1.99766 0.0875278
42 2.99555 0.152473
42 3.99127 0.236863
42 4.9863 0.323021
42 5.97653 0.454522
42 6.53 0.998749
42 6.55684 1.49803
42 6.77483 1.79963
42 7.77122 1.86886
42 8.76635 1.94766
42 9.76146 2.02659
42 10.7591 2.08364
42 11.7568 2.14149
42 12.7541 2.20174
42 13.254 2.21179

43 0 0
43 0.996931 -0.039874
43 1.99407 -0.0756073

44 0 0
44 0.995235 0.0328129
44 1.93094 -0.115909
44 2.32999 -0.407226
44 2.78124 -0.622581
44 3.60786 -0.609375
44 4.83568 -0.328965
44 5.82056 -0.467844
44 6.81611 -0.527515
44 7.81285 -0.52812
44 8.30164 -0.422848
44 9.28601 -0.327309
44 9.6715 -0.00888309
44 10.057 0.309543
44 10.8224 0.841903
44 11.1653 1.20584
44 11.5081 1.56979
44 12.0965 2.36705
44 12.5559 3.24229
44 12.9471 4.15219
44 13.1272 4.61834
44 13.4728 5.55554
44 13.8652 6.4664
44 14.5653 7.78254
44 15.0802 8.63582

45 0 0
45 0.98437 -0.160573
45 1.95311 -0.226992
45 2.36182 0.00547885
45 2.84082 0.141398
45 3.78144 0.470963
45 5.19952 0.935491
45 6.17378 1.15748
45 7.64583 1.39802
45 8.63895 1.33051
45 10.1195 1.15019
45 11.1004 0.95815
45 12.0796 0.760276
45 13.0254 0.570125
45 13.8466 0.0439916
45 14.1593 -0.339065
45 14.3927 -0.764802
45 14.7943 -0.907356
45 14.9357 -1.38694
45 15.3404 -1.38933
45 15.8175 -1.26235
45 16.0481 -1.70601
45 16.2787 -2.14967
45 16.5092 -2.59333
45 16.7398 -3.03698
45 16.9704 -3.48064

46 0 0
46 0.498856 0.033801
46 1.42593 0.187612
46 2.35043 0.0265974
46 4.00365 -0.37902
46 4.44268 -0.618295
46 5.31432 -1.10826
46 6.21795 -1.52891
46 6.69234 -1.68594
46 7.64889 -1.96825
46 8.61769 -2.20976
46 9.11616 -2.24883
46 9.61463 -2.28789
46 10.108 -2.23326
46 10.5846 -2.08952
46 11.3356 -1.65956
46 11.7674 -1.42204
46 12.1414 -1.09016
46 12.5724 -0.208321
46 12.9305 0.725162
46 13.3892 1.6015
46 13.8597 2.47115
46 13.7775 2.94471
46 13.8171 3.89789
46 13.6872 4.3807
46 13.5572 4.86351
46 13.4272 5.34633

47 0 -0.75
47 0.494394 -0.82466
47 0.987139 -0.889255
47 1.42875 -0.655001
47 1.86265 -0.406541
47 2.27322 -0.127624
47 2.62617 0.226534
47 2.91707 0.627744
47 3.16288 1.06315
47 3.31277 1.5385
47 3.44867 2.01968

48 0 0
48 0.499676 0.0180036
48 1.42731 0.07881
48 2.32541 0.348448
48 3.23287 0.762686
48 4.16042 1.13196
48 5.12393 1.38365
48 6.09037 1.62551
48 7.04424 1.91932
48 7.99231 2.23484
48 8.93319 2.57275
48 9.87216 2.91659
48 10.3467 3.07347
48 10.8271 3.21191
48 11.6698 3.67663
48 12.0828 3.93193
48 13.1062 5.02454
48 13.6597 5.79519
48 13.7683 6.28324

49 0 0
49 0.499886 0.0106964
49 2.388 -0.0928537
49 2.82711 -0.00364543
49 3.23579 0.284421
49 4.1689 0.630612
49 5.1157 0.931014
49 5.57919 1.11858
49 6.05202 1.23608
49 7.04142 1.09297
49 8.02832 0.937537
49 8.98114 0.644642
49 9.93155 0.342336
49 10.3957 0.156399
49 11.2515 -0.352531
49 12.5556 -1.08017
49 13.5181 -1.27814
49 14.4966 -1.43005
49 15.4554 -1.5327
49 15.8135 -1.18374
49 16.6521 -0.981959
49 17.0152 -0.638266
49 18.3396 -0.505778
49 18.7027 -0.162085

50 0 0
50 0.499672 0.0181183
50 1.48178 0.186236
50 2.95322 0.437336
50 3.94631 0.497719
50 4.91995 0.619129
50 5.41977 0.632663
50 5.9052 0.747384
50 6.82716 1.1145
50 7.72637 1.5284
50 8.49862 2.15717
50 8.89661 2.45983
50 9.5908 3.17657
50 9.9142 3.5579
50 10.4177 4.36841
50 10.4858 4.86375
50 11.1649 6.40372
50 11.7235 7.23285
50 12.2821 8.06198

51 0 0
51 0.49978 0.014827
51 2.35987 -0.128177
51 2.74628 0.189137
51 3.60529 0.69649
51 4.4505 1.2203
51 5.24133 1.81409
51 6.0783 2.3327
51 6.54691 2.50705
51 8.25727 3.42033
51 9.11862 3.88141
51 9.98809 4.31536

52 0.479448 0.141877
52 0.973298 0.22006
52 1.95698 0.344588

53 0 0
53 0.490565 0.0966729
53 1.46858 0.282756
53 3.43014 0.362131
53 4.36217 0.0166435
53 5.30158 -0.26007

54 0 -0.75
54 0.493654 -0.829408
54 0.987336 -0.908626
54 1.48274 -0.97629
54 1.88113 -0.693536
54 2.95804 0.670504
54 3.28624 1.03956
54 3.56063 1.45754
54 4.01853 1.65837
54 4.28598 2.08073
54 4.54567 2.50801

55 0 0
55 0.987703 -0.125667
55 2.46261 -0.377252
55 2.91239 -0.301579

56 0 0
56 0.992136 0.123593
56 1.97659 0.19952
56 2.47654 0.206957
56 3.46141 0.310166
56 3.96124 0.29732
56 5.53907 1.00836
56 6.03907 1.00808
56 6.53907 1.00817
56 7.03906 1.009
56 7.53906 1.00982
56 7.84488 1.20987
56 7.85852 1.70969
56 7.87216 2.2095
56 9.10523 1.57978
56 7.88581 2.70931

57 0 0
57 0.99482 0.0481995
57 1.98964 0.0963989
57 2.4895 0.0889513
57 3.4411 0.17442
57 3.94108 0.170143
57 4.86319 1.35319
57 6.33174 0.98074
57 6.92621 0.176624
57 7.38899 -0.0126817
57 7.85177 -0.201987
57 8.31455 -0.391292
57 8.77732 -0.580598
57 9.2401 -0.769903

58 0 0
58 0.971382 -0.21162
58 1.44559 -0.370125

59 0 0
59 0.970648 0.228712
59 1.93932 0.406993
59 2.41836 0.503122
59 3.37883 0.226358
59 4.33507 -0.0631595
59 4.78107 -0.289179
59 5.66117 -0.75487
59 6.45471 -1.34662
59 6.78401 -1.72287
59 7.43429 -2.47715
59 7.74572 -2.86629
59 8.27141 -3.71468
59 8.75476 -4.58973
59 9.25523 -5.45453
59 9.65389 -5.43349
59 10.1055 -5.21897
59 10.5572 -5.00446
59 11.2471 -5.22953
59 11.6987 -5.01502
59 12.1504 -4.80051
59 12.8773 -5.00285
59 13.2328 -5.1345
59 13.5092 -5.55118
59 13.8666 -5.89247
59 14.1713 -6.28152

60 0 0
60 0.992389 -0.028433
60 1.98343 -0.0572729
60 2.46278 0.0445598
60 3.41861 0.337715
60 3.87411 0.530907
60 4.66921 1.08306
60 5.05101 1.40128
60 5.60331 2.23479
60 6.1238 3.08624
60 6.59367 3.96598
60 7.09012 4.80573

61 0 -0.75
61 0.487306 -0.86195
61 0.974612 -0.9739
61 1.41771 -0.780921
61 1.85226 -0.533602
61 2.18913 -0.177833
61 2.48041 0.228564
61 2.77734 0.630773
61 3.08124 1.02781
61 3.38515 1.42485
61 3.6654 1.83891
61 3.94516 2.25332
61 4.1815 2.69169
61 4.38306 3.14927
61 4.58463 3.60684
61 4.85306 4.02474
61 5.15806 4.42094
61 5.46305 4.81714
61 5.76805 5.21335
61 6.07305 5.60955

62 0 0
62 0.991785 0.123728
62 1.9084 0.0802556
62 2.83528 -0.19952
62 3.30817 -0.3196
62 3.79732 -0.216022
62 4.67239 0.202156
62 5.0086 0.57224
62 5.75856 1.21276
62 6.43527 1.9341
62 6.81953 2.2417
62 8.36889 3.42093
62 9.3376 3.60112
62 10.3171 3.74318
62 12.2514 3.83735
62 12.7507 3.82038
62 13.2252 3.66275
62 13.7233 3.61908
62 14.6102 3.69371
62 15.1075 3.64272
62 16.7352 4.11153
62 17.226 4.18628
62 18.1404 3.78841
62 18.63 3.89009

63 0 0
63 0.990633 -0.0804876
63 1.95861 -0.112764
63 2.93479 -0.0752684
63 3.93471 -0.0762983
63 5.42292 -0.197226
63 5.92233 -0.172868
63 6.91696 -0.211827
63 7.91217 -0.215149
63 8.89668 -0.17319
63 9.3962 -0.177227
63 10.3443 0.117595
63 11.2924 0.412417
63 11.7551 0.577014
63 12.5784 1.12224
63 13.0006 1.39011
63 13.6609 2.13691
63 13.9865 2.5164
63 14.454 3.37356
63 14.6233 3.84406
63 14.8532 4.81374
63 14.9924 5.8012
63 15.0117 6.29473
63 14.8364 7.27724
63 14.6537 8.25656
63 14.3783 8.67385
63 13.929 9.5439
63 13.9065 10.0372
63 13.583 10.9417
63 13.42 11.4144

64 0 0
64 0.968699 -0.178339
64 1.43742 -0.35242
64 2.36079 -0.350943
64 2.74069 -0.0340954
64 3.59673 0.480499
64 3.97933 0.790165
64 4.65597 1.52276
64 5.3368 2.25187
64 6.02798 2.97291
64 6.71573 3.69757
64 7.42627 4.40094
64 8.09737 5.13045
64 8.79693 5.78723
64 9.53976 6.41246
64 10.1625 7.18503
64 11.2846 8.08046

65 0 0
65 0.99233 0.0996357
65 1.48484 0.185855
65 2.91364 0.0791727
65 3.3868 -0.0760237
65 4.33745 -0.381795
65 5.2635 -0.691381
65 5.72859 -0.507847
65 6.12402 -0.591603
65 7.29611 -1.41784
65 7.61245 -1.80504
65 7.85007 -2.23259
65 7.97964 -2.71551
65 8.49843 -4.08622
65 9.86626 -5.34949
65 10.2025 -5.5501
65 10.2712 -6.04536

66 0 0
66 0.999174 -0.0319349
66 1.98799 -0.116415
66 2.48393 -0.180049
66 2.97926 -0.246631
66 4.06331 0.563232
66 5.68766 -0.412278
66 6.16891 -0.547903
66 6.65402 -0.608991
66 7.46699 -1.18363
66 8.32131 -1.58467
66 9.12588 -2.16805
66 9.95616 -2.70995
66 10.8857 -3.07851
66 11.8156 -3.44631
66 12.7455 -3.81411
66 13.2114 -3.99548
66 13.6774 -4.17684
66 14.1692 -4.24958
66 14.6669 -4.2977
66 15.1645 -4.34581
66 15.3744 -4.00656
66 15.7468 -3.16457
66 15.8444 -2.67419
66 16.1873 -1.7481
66 16.5302 -0.822019
66 16.8731 0.104064
66 17.2159 1.03015

67 0 0
67 0.996173 0.00944755
67 1.96829 0.0071199
67 2.43919 0.0224812
67 2.93051 0.115248
67 3.30066 0.433578
67 3.98951 1.15839
67 4.27738 1.55849
67 4.48632 2.01274
67 4.68392 2.47178
67 4.86338 2.93846
67 5.04284 3.40515

68 0 -0.75
68 0.486217 -0.866588
68 0.972434 -0.983177
68 1.39979 -0.78771
68 1.81014 -0.502021
68 2.11915 -0.11571
68 2.40196 0.796626
68 2.68476 1.20896
68 2.96757 1.6213
68 3.25037 2.03363
68 3.53042 2.44775
68 3.79016 2.87499
68 4.0499 3.30223

69 0 0
69 0.997139 0.0718571
69 1.99394 0.146226
69 2.99163 0.157699
69 3.81851 0.449423
69 4.07538 0.849069
69 5.07463 0.829706
69 6.07375 0.806063
69 6.99193 0.581427
69 7.85946 0.227558
69 8.78564 0.032369
69 9.78559 0.0280275
69 10.2856 0.0299877

70 0 0
70 0.995666 -0.0417864
70 1.99139 -0.0855414
70 2.99057 -0.0940931
70 3.21075 0.283379
70 3.85448 0.755656
70 4.23903 1.06982
70 5.13322 1.37075
70 6.07424 1.53109
70 6.57415 1.52138
70 6.85406 1.21398
70 7.0101 0.738953
70 7.63117 0.0882564
70 7.8671 -0.305507
70 8.80639 -0.6454
70 9.74568 -0.985292
70 10.6567 -1.37395
70 11.4844 -1.90663
70 12.2775 -2.49709
70 12.6485 -2.83206
70 13.4163 -3.47271
70 14.6187 -4.35898
70 15.5127 -4.79622
70 16.9172 -5.29546
70 17.8778 -5.43659
70 18.8439 -5.39936

71 0 0
71 0.96224 -0.24597
71 1.91864 -0.471022
71 2.38465 -0.592638
71 2.78087 -0.292485
71 3.16538 0.0271328
71 3.91972 0.682433
71 4.65149 1.36228
71 5.35809 2.06934
71 5.983 2.84587
71 6.26413 3.25935
71 6.54448 3.67335
71 6.81034 4.09681
71 7.07619 4.52027

72 0 0
72 0.485878 0.117995
72 1.447 0.257037
72 3.37135 0.282642
72 3.83482 0.107629
72 4.75569 -0.280816
72 5.94463 -1.16176
72 6.65976 -1.84954
72 7.57881 -3.02839
72 8.1111 -3.8749
72 8.37951 -4.29663
72 8.65945 -4.71091
72 9.26279 -5.31706
72 9.55107 -5.71563
72 9.97368 -5.98254
72 10.3974 -6.24803
72 12.6552 -5.17469
72 10.8211 -6.51352
72 11.2448 -6.77901
72 11.6684 -7.0445
72 12.0921 -7.31
72 12.5158 -7.57549
72 13.4172 -7.52861
72 14.3685 -7.2956

73 0 0
73 0.995852 -0.0145746
73 1.99108 -0.0243528
73 2.43191 0.0135587
73 2.87858 0.232164
73 3.71233 0.726037
73 4.09303 1.04007
73 4.73167 1.80949
73 5.32988 2.60598
73 5.90445 3.41892
73 6.06321 3.88854
73 6.18116 4.37443
73 6.18292 4.87422

74 0 -0.75
74 0.485637 -0.86898
74 0.971275 -0.98796
74 1.41789 -0.838723
74 1.79708 -0.512817
74 2.17719 -0.188016
74 2.56788 0.124018
74 2.95856 0.436052
74 3.33608 0.76344
74 3.70419 1.10182
74 4.0735 1.43883
74 4.45523 1.76176
74 4.83696 2.08468
74 5.21033 2.41718
74 5.58188 2.75177
74 5.95865 3.08024
74 6.348 3.39393
74 6.73736 3.70762
74 6.73295 4.11703
74 6.53103 4.57444

75 0 0
75 0.995408 -0.0713742
75 1.47345 -0.154866
75 3.16993 -0.235313
75 3.93972 0.399893
75 4.7259 1.0056
75 5.10482 1.33181
75 5.94161 1.85893
75 6.40532 1.9956
75 7.37374 2.20567
75 8.36871 2.2955
75 8.86868 2.30144
75 9.85168 2.24603
75 10.3512 2.22499
75 11.3188 2.02804
75 12.291 1.84444
75 13.2353 1.51885
75 14.6635 1.0677
75 15.907 1.45599
75 16.6426 2.01726
75 17.0289 1.98961
75 17.4737 1.76122
75 17.9185 1.53282

76 0 0
76 0.5 0.000386323
76 1.45535 0.0135542
76 2.84427 0.181602
76 3.78852 0.406853
76 4.77439 0.531827
76 5.27023 0.590178
76 5.76747 0.636712
76 6.66938 1.05118
76 7.57128 1.46564
76 8.43899 1.94196
76 9.25242 2.51658
76 10.0659 3.0912
76 10.4151 3.44857
76 10.9696 4.12677
76 11.2063 4.52758
76 11.1701 5.02626
76 11.1335 5.52492
76 10.7809 7.30713
76 10.8583 7.77282
76 11.5399 8.50456
76 12.1431 9.30117
76 12.4387 9.70444

77 0 0
77 0.499945 -0.00739197
77 2.33711 -0.19989
77 3.09397 0.453688
77 3.87533 1.07653
77 4.23535 1.42182
77 5.00903 2.03692
77 5.8969 2.48101
77 6.80232 2.90131
77 7.70773 3.32161
77 8.19317 3.44111
77 9.92928 4.19994
77 10.7606 4.64309

78 0 0
78 0.980579 0.193872
78 1.95317 0.324249
78 2.39979 0.276076
78 2.79982 0.236587
78 3.65573 0.161566
78 4.4089 -0.425909
78 4.69491 -0.83603
78 5.5288 -1.03225
78 6.40059 -1.27006
78 7.27093 -1.76046
78 7.66079 -2.0054
78 7.86742 -2.72665
78 8.15446 -3.03746
78 8.98357 -3.59638
78 9.79436 -3.98689
78 10.1439 -3.62938
78 10.981 -4.05149
78 11.8332 -4.57136
78 12.5287 -5.19127
78 12.9669 -5.97551
78 12.9942 -6.47477

79 0 0
79 0.99778 0.0530684
79 1.99549 0.104838
79 2.98425 -0.0394621
79 3.97694 -0.149298
79 4.9756 -0.158734
79 5.97473 -0.155101
79 6.10381 0.29856
79 6.70428 0.805751
79 6.80508 1.29549
79 6.90587 1.78522
79 8.53198 2.50974
79 9.29683 3.07953

80 0 -0.75
80 0.478747 -0.894226
80 0.957494 -1.03845
80 1.4234 -1.08642
80 1.88278 -0.907363
80 2.21796 -0.536352
80 2.55315 -0.165341
80 2.8133 0.255807
80 3.02778 0.707469
80 3.17123 1.18191
80 3.2595 1.67406

81 0 0
81 0.993316 0.11542
81 1.98721 0.222523
81 2.98137 0.318003
81 3.97248 0.451096
81 4.46822 0.516143
81 5.45762 0.653827
81 6.43971 0.833175
81 7.41527 1.05134
81 7.90682 1.14287
81 8.39863 1.23298
81 8.89057 1.32239
81 9.38412 1.40194
81 9.87905 1.47294
81 10.3728 1.55154
81 10.8662 1.63249
81 11.0165 2.43934
81 10.9538 2.93538
81 10.891 3.43143
81 10.8283 3.92748
81 10.7282 4.92213
81 10.6654 5.41817
81 10.6027 5.91422
81 10.5482 6.41044
81 10.5908 6.90862
81 10.6333 7.40681

82 0 0
82 0.995933 -0.0625538
82 1.95288 -0.0398983
82 2.30249 0.317559
82 3.19051 0.518347
82 4.14763 0.315519
82 5.08042 0.0546097
82 6.01188 -0.199917
82 6.80954 0.191708
82 7.20169 0.213128
82 8.15263 -0.0125448
82 9.08778 -0.187436
82 9.83667 0.23457
82 10.2423 0.175679
82 11.1958 -0.046616
82 12.1494 -0.267945
82 15.4803 -1.07285
82 12.9265 0.127094
82 13.1984 0.546724
82 13.97 0.954342
82 14.2556 1.35957
82 15.1854 1.58378
82 15.6161 1.83781
82 16.0467 2.09183
82 16.0727 2.57701
82 16.9605 2.70913
82 17.408 2.93208
82 17.8555 3.15502

83 0 0
83 0.99907 0.0198207
83 1.99659 0.0213667
83 2.29412 0.266245
83 3.74357 -0.00910125
83 4.69262 -0.323688
83 5.6502 -0.573243
83 6.12181 -0.739344
83 7.093 -0.885253
83 8.07413 -0.886361
83 8.56399 -0.786193
83 9.02468 -0.628261
83 9.81695 -0.0510229
83 10.5893 0.582461
83 11.2773 1.2939
83 11.5678 1.70088
83 12.1449 2.51751
83 12.7004 3.34861
83 13.2368 4.19164
83 13.5009 4.61618
83 13.9097 5.5199
83 14.2616 6.44743
83 14.6896 7.34376
83 15.0692 8.25837
83 16.0529 9.87615

84 0 0
84 0.995158 0.0903196
84 1.98738 0.171424
84 2.96124 0.327072
84 3.94596 0.420181
84 4.94525 0.432487
84 5.94455 0.444793
84 6.43617 0.368883
84 7.40405 0.129457
84 8.36712 -0.1327
84 8.82137 -0.341631
84 9.73548 -0.741303
84 10.6217 -1.20197
84 11.4432 -1.76174
84 11.8531 -2.04812
84 12.5228 -2.77069
84 12.7462 -3.218
84 13.2703 -4.06397
84 13.7767 -4.92355
84 14.0001 -5.37086
84 14.3034 -6.29339
84 14.8313 -7.66365
84 15.4419 -8.42369
84 15.8477 -8.71578
84 16.8594 -10.2944

85 0 0
85 0.994561 0.0732702
85 2.36656 -0.163645
85 3.27827 -0.510834
85 4.24816 -0.75054
85 5.22824 -0.946756
85 5.43394 -1.3457
85 6.39952 -1.33795
85 6.88896 -1.23573
85 7.86811 -1.15962
85 8.35755 -1.0574
85 9.29268 -0.729427
85 9.76087 -0.57241
85 10.6383 -0.0934926
85 11.5012 0.403325
85 11.8374 0.773443
85 12.1422 1.16533
85 12.3719 1.60947
85 12.5506 2.0693
85 12.6107 2.56568
85 12.5222 3.48941
85 12.2873 4.45391
85 11.8377 5.33839
85 11.3812 6.22032
85 11.1008 6.63428
85 10.6423 7.51481
85 10.344 7.9161

86 0 -0.75
86 0.492962 -0.8336
86 0.985923 -0.9172
86 1.44857 -0.891486
86 1.90513 -0.698457
86 2.31291 -0.409123
86 2.67677 -0.070401
86 3.01173 0.300819
86 3.26706 0.725462
86 3.48354 1.17617
86 3.62257 1.65205
86 3.71255 2.14389

87 0 0
87 0.496321 0.0605449
87 1.46109 0.302613
87 2.42191 0.569232
87 3.87647 0.675097
87 4.87171 0.772401
87 5.86541 0.883321
87 6.84888 1.0469
87 7.34476 1.11071
87 8.31901 1.31339
87 9.28171 1.53713
87 9.72243 1.77328
87 10.1368 2.03569
87 10.7297 2.82593
87 11.3057 3.62285
87 11.7175 4.5069
87 11.9737 4.9115
87 12.5378 5.70411
87 13.9526 6.99561
87 14.8299 7.47549
87 16.689 7.98641
87 17.1645 7.98403
87 18.1412 8.17554
87 19.0966 8.46064
87 20.052 8.74574

88 0.540742 0.50967
88 0.176889 0.166725

89 0 0
89 0.999756 -0.0204903
89 1.94162 0.130946
89 2.37951 0.16387
89 3.33407 0.215019
89 3.80483 0.308678
89 4.68568 0.757298
89 5.14928 0.943637
89 5.90366 1.59986
89 6.27538 1.93427
89 6.8302 2.75015
89 7.30664 3.62929
89 7.4766 4.09572
89 7.59763 4.58085
89 7.64388 5.07382
89 7.62611 5.57351

90 0 0
90 0.490003 0.0994851
90 1.4435 0.309256
90 2.40265 0.454405
90 4.31068 0.366144
90 5.28973 0.163022
90 6.26027 -0.0729182
90 7.66292 -0.587778
90 8.55982 -1.02376
90 9.02447 -1.2084
90 9.48913 -1.39305
90 9.95378 -1.5777
90 10.2967 -1.93257

91 0 0
91 0.99289 0.0983013
91 1.97867 0.0946535
91 2.9478 -0.14455
91 3.92755 -0.335659
91 4.91544 -0.489519
91 5.90333 -0.643378
91 6.35616 -0.849841
91 6.80235 -1.04562
91 8.14512 -0.0807852
91 12.1699 -3.11435
91 8.28788 0.398399

92 0 0
92 0.998421 -0.0492047
92 1.98334 -0.0805615
92 2.45488 0.0276862
92 3.42761 0.228171
92 4.38086 0.513422
92 4.84789 0.691993
92 5.31464 0.871061
92 6.05571 1.51294
92 6.75113 2.21796
92 6.95122 2.65688
92 7.26167 3.60314
92 7.33301 4.09292
92 7.48091 5.07054

93 0 -0.75
93 1.38516 -1.06763
93 0 -0.25
93 0.237737 0.0773364
93 0.713212 0.232009
93 3.97302 1.45794
93 4.44849 1.61261
93 4.92397 1.76728
93 5.39944 1.92196

94 0 0
94 0.494223 0.0757844
94 1.48141 0.23384
94 2.96425 0.45141
94 3.9569 0.560977
94 4.44936 0.644893
94 5.38789 0.848682
94 5.88298 0.918509
94 6.3764 0.99936
94 6.81165 2.17833
94 6.87122 1.06949
94 9.30378 2.26377
94 10.7065 1.91193
94 11.2038 1.96311
94 11.7001 2.02393
94 12.1961 2.0873
94 12.6175 1.82031
94 13.1125 1.891
94 14.0377 2.21643
94 14.2274 2.54492
94 14.6443 3.29949

95 0 0
95 0.992664 -0.110665
95 1.98545 -0.198856
95 2.48339 -0.238006
95 3.95798 0.225751
95 4.45797 0.222926
95 5.33086 -0.203332
95 5.83082 -0.208628
95 6.33072 -0.218818
95 6.56608 0.222321
95 8.38738 -0.284733
95 8.88708 -0.301518
95 9.88672 -0.316165
95 10.8863 -0.330811
95 11.3814 -0.38015
95 11.8646 -0.508852
95 12.3504 -0.625845

96 0 0
96 0.995459 0.026657
96 2.41037 -0.186624
96 2.83711 -0.416256
96 3.33042 -0.497798
96 4.31987 -0.3737
96 5.30231 -0.197275
96 5.78141 -0.0542406
96 6.68236 0.310441
96 6.99663 0.699332
96 7.6791 1.42649
96 8.33662 2.17145
96 8.60218 2.5951
96 9.11033 3.45336
96 9.53124 4.35459
96 9.90461 5.27729
96 10.0468 5.75665
96 10.3714 6.7003
96 11.2935 8.40148
96 11.8584 9.19212

97 0 0
97 0.979505 0.188346
97 1.92135 0.292954
97 2.91191 0.397491
97 3.90627 0.430097
97 4.40043 0.353905
97 5.3745 0.137415
97 6.33596 -0.121896
97 6.79249 -0.325801
97 7.70066 -0.740407
97 8.58135 -1.21011
97 9.39299 -1.78442
97 9.80812 -2.0631
97 10.4489 -2.80934
97 11.0238 -3.61551
97 11.594 -4.42623
97 11.929 -4.76837
97 12.3662 -5.01105
97 12.8033 -5.25374
97 13.3047 -5.98085
97 13.5327 -7.37766
97 13.5971 -8.32803
97 13.4774 -8.8135
97 14.1445 -10.5595
97 14.4276 -10.9716
97 14.7107 -11.3837

98 0 0
98 0.498899 -0.03317
98 1.48845 0.0302998
98 2.96824 0.223387
98 3.96491 0.304946
98 4.4449 0.444743
98 5.40392 0.718706
98 6.3484 1.04571
98 6.8023 1.24647
98 7.15965 1.59619
98 7.83222 2.28064
98 8.0497 2.73086
98 8.43905 3.64632
98 8.60487 4.11802
98 9.42941 6.10416
98 9.42941 6.60416

99 0 -0.75
99 0.490243 -0.848297
99 0.980485 -0.946593
99 1.46238 -0.965801
99 1.90443 -0.750867
99 2.32214 -0.476066
99 2.69141 -0.143819
99 3.0328 0.221497
99 3.23266 0.669404
99 3.3828 1.14633
99 3.53894 1.62129
99 3.70067 2.09441

100 0 0
100 1.45341 0.194752
100 1.94922 0.259302
100 2.94345 0.29643
100 3.93564 0.3513
100 4.92843 0.418812
100 6.73083 1.09306
100 7.29866 1.91589
100 7.93389 2.66865
100 8.52651 3.45967
100 8.77821 3.8917
100 9.39865 4.66112
100 9.84614 4.88417
100 10.2936 5.10723
100 11.2269 5.42407
100 12.1895 5.68194
100 13.0632 6.02491
100 13.9719 6.29391
100 14.4574 6.41329
100 15.4416 6.56986
100 16.3851 6.55126
100 17.7293 6.47953
100 18.6355 6.74293
100 19.0843 6.96325
100 19.5332 7.18356

101 0 0
101 0.498255 0.0417326
101 1.48527 0.125574
101 2.96134 0.0836899
101 3.9545 0.0167635
101 4.9544 0.0302602
101 6.44526 -0.0699772
101 6.94495 -0.0523468
101 7.93991 -0.102007
101 8.93408 -0.100595
101 9.92235 -0.138545
101 10.4152 -0.222866
101 11.3594 0.00260381
101 12.295 0.352505
101 12.7668 0.51384
101 13.6127 1.02853
101 14.0257 1.31033
101 14.6942 2.04739
101 15.0157 2.43034
101 15.5067 3.26738
101 15.5768 3.76243
101 15.7287 4.74655
101 15.8429 5.73333
101 15.8088 6.23113
101 15.7182 7.22382
101 15.7839 8.68797

102 0.486354 -0.116016
102 0.950951 -0.300813
102 1.41555 -0.485609
102 2.34335 -0.611363
102 2.76172 -0.417616
102 3.60636 0.113824
102 4.00993 0.409009
102 4.76361 1.04018
102 5.37762 1.82531
102 5.99422 2.60868
102 6.27993 3.01901
102 6.56563 3.42935
102 6.891 3.80896
102 7.23568 4.16974
102 7.60835 4.50308
102 7.8232 4.9306
102 7.9396 5.41686
102 8.18004 5.73771
102 8.67776 5.69619
102 9.16986 5.65888
102 9.65004 5.79829
102 10.1302 5.93769
102 10.6104 6.0771
102 11.0906 6.2165
102 11.5707 6.35591
102 12.0509 6.49532

103 0 0
103 0.987729 0.142107
103 1.95783 0.237232
103 2.88416 0.310831
103 3.35748 0.149691
103 4.3049 -0.170315
103 4.77367 -0.209831
103 5.66545 -0.255714

104 0 0
104 1.44442 0.224011
104 2.39791 0.464444
104 3.22214 0.980048
104 4.06431 1.45835
104 5.03154 1.69758
104 6.00077 1.9245
104 6.97154 2.14146
104 7.42852 2.13393

105 0 -0.75
105 0.490825 -0.845344
105 0.981651 -0.940688
105 1.47745 -0.926296
105 2.70076 -0.0528568
105 3.44964 0.545421
105 3.81071 0.891301
105 4.08289 1.30681
105 4.33224 1.74019
105 4.54802 2.19055
105 4.74922 2.64829

106 0 -0.75
106 0 -0.25

107 0 0
107 0.395863 -0.305438
107 0.791726 -0.610876
107 1.18759 -0.916314
107 1.58345 -1.22175
107 1.97932 -1.52719
107 2.37518 -1.83263
107 2.77104 -2.13807
107 3.1669 -2.4435
107 3.56277 -2.74894
107 3.95863 -3.05438
107 4.35449 -3.35982
107 4.75036 -3.66526
107 5.14622 -3.9707
107 5.58886 -3.95927
107 6.05609 -3.78124

108 0 0
108 0.334632 -0.371512
108 0.669265 -0.743024

109 0 0
109 0.360844 -0.346109
109 0.721688 -0.692218

110 0 0
110 0.480126 -0.139567
110 0.960252 -0.279134
110 1.44038 -0.418701
110 1.9205 -0.558268
110 2.40063 -0.697835
110 2.88076 -0.837402
110 3.36088 -0.976969
110 3.58484 -0.601818

111 0 0
111 0.432205 0.251394
111 1.34703 0.633473
